# Tref_folded model 
-1.500000 0.551680 
-1.499000 0.568203 
-1.498000 0.584669 
-1.497000 0.601079 
-1.496000 0.617433 
-1.495000 0.633729 
-1.494000 0.649969 
-1.493000 0.666150 
-1.492000 0.682274 
-1.491000 0.698339 
-1.490000 0.714346 
-1.489000 0.730295 
-1.488000 0.746184 
-1.487000 0.762014 
-1.486000 0.777785 
-1.485000 0.793495 
-1.484000 0.809146 
-1.483000 0.824736 
-1.482000 0.840266 
-1.481000 0.855735 
-1.480000 0.871142 
-1.479000 0.886489 
-1.478000 0.901774 
-1.477000 0.916997 
-1.476000 0.932159 
-1.475000 0.947258 
-1.474000 0.962294 
-1.473000 0.977269 
-1.472000 0.992180 
-1.471000 1.007028 
-1.470000 1.021813 
-1.469000 1.036535 
-1.468000 1.051193 
-1.467000 1.065787 
-1.466000 1.080318 
-1.465000 1.094784 
-1.464000 1.109185 
-1.463000 1.123523 
-1.462000 1.137795 
-1.461000 1.152003 
-1.460000 1.166146 
-1.459000 1.180223 
-1.458000 1.194236 
-1.457000 1.208182 
-1.456000 1.222063 
-1.455000 1.235879 
-1.454000 1.249628 
-1.453000 1.263311 
-1.452000 1.276928 
-1.451000 1.290479 
-1.450000 1.303963 
-1.449000 1.317381 
-1.448000 1.330732 
-1.447000 1.344016 
-1.446000 1.357233 
-1.445000 1.370383 
-1.444000 1.383465 
-1.443000 1.396481 
-1.442000 1.409429 
-1.441000 1.422309 
-1.440000 1.435121 
-1.439000 1.447866 
-1.438000 1.460543 
-1.437000 1.473152 
-1.436000 1.485693 
-1.435000 1.498166 
-1.434000 1.510570 
-1.433000 1.522906 
-1.432000 1.535174 
-1.431000 1.547373 
-1.430000 1.559503 
-1.429000 1.571565 
-1.428000 1.583557 
-1.427000 1.595481 
-1.426000 1.607336 
-1.425000 1.619122 
-1.424000 1.630839 
-1.423000 1.642487 
-1.422000 1.654065 
-1.421000 1.665575 
-1.420000 1.677014 
-1.419000 1.688385 
-1.418000 1.699686 
-1.417000 1.710917 
-1.416000 1.722078 
-1.415000 1.733170 
-1.414000 1.744193 
-1.413000 1.755145 
-1.412000 1.766027 
-1.411000 1.776840 
-1.410000 1.787583 
-1.409000 1.798255 
-1.408000 1.808858 
-1.407000 1.819390 
-1.406000 1.829853 
-1.405000 1.840245 
-1.404000 1.850567 
-1.403000 1.860818 
-1.402000 1.871000 
-1.401000 1.881111 
-1.400000 1.891151 
-1.399000 1.901121 
-1.398000 1.911021 
-1.397000 1.920850 
-1.396000 1.930609 
-1.395000 1.940297 
-1.394000 1.949914 
-1.393000 1.959461 
-1.392000 1.968937 
-1.391000 1.978343 
-1.390000 1.987677 
-1.389000 1.996941 
-1.388000 2.006134 
-1.387000 2.015257 
-1.386000 2.024309 
-1.385000 2.033289 
-1.384000 2.042199 
-1.383000 2.051038 
-1.382000 2.059806 
-1.381000 2.068503 
-1.380000 2.077130 
-1.379000 2.085685 
-1.378000 2.094169 
-1.377000 2.102583 
-1.376000 2.110925 
-1.375000 2.119196 
-1.374000 2.127396 
-1.373000 2.135525 
-1.372000 2.143583 
-1.371000 2.151570 
-1.370000 2.159486 
-1.369000 2.167331 
-1.368000 2.175105 
-1.367000 2.182807 
-1.366000 2.190438 
-1.365000 2.197999 
-1.364000 2.205488 
-1.363000 2.212905 
-1.362000 2.220252 
-1.361000 2.227528 
-1.360000 2.234732 
-1.359000 2.241865 
-1.358000 2.248927 
-1.357000 2.255917 
-1.356000 2.262836 
-1.355000 2.269685 
-1.354000 2.276461 
-1.353000 2.283167 
-1.352000 2.289801 
-1.351000 2.296364 
-1.350000 2.302856 
-1.349000 2.309277 
-1.348000 2.315626 
-1.347000 2.321904 
-1.346000 2.328110 
-1.345000 2.334246 
-1.344000 2.340310 
-1.343000 2.346303 
-1.342000 2.352224 
-1.341000 2.358074 
-1.340000 2.363853 
-1.339000 2.369560 
-1.338000 2.375197 
-1.337000 2.380761 
-1.336000 2.386255 
-1.335000 2.391677 
-1.334000 2.397028 
-1.333000 2.402308 
-1.332000 2.407516 
-1.331000 2.412653 
-1.330000 2.417718 
-1.329000 2.422712 
-1.328000 2.427635 
-1.327000 2.432487 
-1.326000 2.437267 
-1.325000 2.441976 
-1.324000 2.446613 
-1.323000 2.451179 
-1.322000 2.455674 
-1.321000 2.460097 
-1.320000 2.464449 
-1.319000 2.468730 
-1.318000 2.472939 
-1.317000 2.477077 
-1.316000 2.481143 
-1.315000 2.485139 
-1.314000 2.489062 
-1.313000 2.492915 
-1.312000 2.496696 
-1.311000 2.500405 
-1.310000 2.504043 
-1.309000 2.507610 
-1.308000 2.511105 
-1.307000 2.514529 
-1.306000 2.517882 
-1.305000 2.521163 
-1.304000 2.524373 
-1.303000 2.527511 
-1.302000 2.530578 
-1.301000 2.533573 
-1.300000 2.536497 
-1.299000 2.539349 
-1.298000 2.542130 
-1.297000 2.544840 
-1.296000 2.547478 
-1.295000 2.550045 
-1.294000 2.552540 
-1.293000 2.554964 
-1.292000 2.557316 
-1.291000 2.559597 
-1.290000 2.561806 
-1.289000 2.563944 
-1.288000 2.566010 
-1.287000 2.568004 
-1.286000 2.569928 
-1.285000 2.571779 
-1.284000 2.573559 
-1.283000 2.575268 
-1.282000 2.576905 
-1.281000 2.578470 
-1.280000 2.579964 
-1.279000 2.581386 
-1.278000 2.582736 
-1.277000 2.584015 
-1.276000 2.585223 
-1.275000 2.586358 
-1.274000 2.587422 
-1.273000 2.588415 
-1.272000 2.589336 
-1.271000 2.590185 
-1.270000 2.590962 
-1.269000 2.591668 
-1.268000 2.592302 
-1.267000 2.592864 
-1.266000 2.593354 
-1.265000 2.593773 
-1.264000 2.594120 
-1.263000 2.594395 
-1.262000 2.594598 
-1.261000 2.594730 
-1.260000 2.594790 
-1.259000 2.594777 
-1.258000 2.594694 
-1.257000 2.594538 
-1.256000 2.594310 
-1.255000 2.594010 
-1.254000 2.593639 
-1.253000 2.593195 
-1.252000 2.592680 
-1.251000 2.592092 
-1.250000 2.591433 
-1.249000 2.590702 
-1.248000 2.589898 
-1.247000 2.589023 
-1.246000 2.588075 
-1.245000 2.587056 
-1.244000 2.585964 
-1.243000 2.584800 
-1.242000 2.583565 
-1.241000 2.582257 
-1.240000 2.580876 
-1.239000 2.579424 
-1.238000 2.577899 
-1.237000 2.576303 
-1.236000 2.574633 
-1.235000 2.572892 
-1.234000 2.571079 
-1.233000 2.569193 
-1.232000 2.567234 
-1.231000 2.565204 
-1.230000 2.563101 
-1.229000 2.560925 
-1.228000 2.558677 
-1.227000 2.556357 
-1.226000 2.553965 
-1.225000 2.551499 
-1.224000 2.548962 
-1.223000 2.546351 
-1.222000 2.543669 
-1.221000 2.540913 
-1.220000 2.538085 
-1.219000 2.535185 
-1.218000 2.532211 
-1.217000 2.529165 
-1.216000 2.526047 
-1.215000 2.522855 
-1.214000 2.519591 
-1.213000 2.516255 
-1.212000 2.512845 
-1.211000 2.509362 
-1.210000 2.505807 
-1.209000 2.502179 
-1.208000 2.498478 
-1.207000 2.494704 
-1.206000 2.490857 
-1.205000 2.486937 
-1.204000 2.482944 
-1.203000 2.478878 
-1.202000 2.474739 
-1.201000 2.470527 
-1.200000 2.466242 
-1.199000 2.461884 
-1.198000 2.457453 
-1.197000 2.452948 
-1.196000 2.448370 
-1.195000 2.443720 
-1.194000 2.438995 
-1.193000 2.434198 
-1.192000 2.429327 
-1.191000 2.424383 
-1.190000 2.419366 
-1.189000 2.414275 
-1.188000 2.409111 
-1.187000 2.403873 
-1.186000 2.398562 
-1.185000 2.393178 
-1.184000 2.387720 
-1.183000 2.382188 
-1.182000 2.376584 
-1.181000 2.370905 
-1.180000 2.365153 
-1.179000 2.359327 
-1.178000 2.353428 
-1.177000 2.347455 
-1.176000 2.341408 
-1.175000 2.335288 
-1.174000 2.329094 
-1.173000 2.322826 
-1.172000 2.316484 
-1.171000 2.310069 
-1.170000 2.303580 
-1.169000 2.297017 
-1.168000 2.290380 
-1.167000 2.283669 
-1.166000 2.276885 
-1.165000 2.270026 
-1.164000 2.263094 
-1.163000 2.256088 
-1.162000 2.249008 
-1.161000 2.241853 
-1.160000 2.234625 
-1.159000 2.227323 
-1.158000 2.219947 
-1.157000 2.212497 
-1.156000 2.204972 
-1.155000 2.197374 
-1.154000 2.189702 
-1.153000 2.181955 
-1.152000 2.174135 
-1.151000 2.166240 
-1.150000 2.158271 
-1.149000 2.150228 
-1.148000 2.142111 
-1.147000 2.133920 
-1.146000 2.125655 
-1.145000 2.117315 
-1.144000 2.108902 
-1.143000 2.100414 
-1.142000 2.091852 
-1.141000 2.083216 
-1.140000 2.074506 
-1.139000 2.065721 
-1.138000 2.056862 
-1.137000 2.047929 
-1.136000 2.038922 
-1.135000 2.029841 
-1.134000 2.020686 
-1.133000 2.011456 
-1.132000 2.002153 
-1.131000 1.992775 
-1.130000 1.983323 
-1.129000 1.973797 
-1.128000 1.964196 
-1.127000 1.954522 
-1.126000 1.944773 
-1.125000 1.934951 
-1.124000 1.925054 
-1.123000 1.915083 
-1.122000 1.905038 
-1.121000 1.894920 
-1.120000 1.884727 
-1.119000 1.874460 
-1.118000 1.864119 
-1.117000 1.853704 
-1.116000 1.843216 
-1.115000 1.832653 
-1.114000 1.822017 
-1.113000 1.811307 
-1.112000 1.800523 
-1.111000 1.789665 
-1.110000 1.778734 
-1.109000 1.767728 
-1.108000 1.756650 
-1.107000 1.745497 
-1.106000 1.734271 
-1.105000 1.722972 
-1.104000 1.711599 
-1.103000 1.700153 
-1.102000 1.688633 
-1.101000 1.677040 
-1.100000 1.665373 
-1.099000 1.653634 
-1.098000 1.641821 
-1.097000 1.629935 
-1.096000 1.617977 
-1.095000 1.605945 
-1.094000 1.593840 
-1.093000 1.581663 
-1.092000 1.569413 
-1.091000 1.557090 
-1.090000 1.544694 
-1.089000 1.532226 
-1.088000 1.519686 
-1.087000 1.507073 
-1.086000 1.494388 
-1.085000 1.481631 
-1.084000 1.468801 
-1.083000 1.455900 
-1.082000 1.442927 
-1.081000 1.429882 
-1.080000 1.416765 
-1.079000 1.403577 
-1.078000 1.390317 
-1.077000 1.376986 
-1.076000 1.363584 
-1.075000 1.350110 
-1.074000 1.336566 
-1.073000 1.322951 
-1.072000 1.309264 
-1.071000 1.295508 
-1.070000 1.281681 
-1.069000 1.267783 
-1.068000 1.253815 
-1.067000 1.239777 
-1.066000 1.225670 
-1.065000 1.211492 
-1.064000 1.197245 
-1.063000 1.182929 
-1.062000 1.168543 
-1.061000 1.154088 
-1.060000 1.139564 
-1.059000 1.124971 
-1.058000 1.110310 
-1.057000 1.095580 
-1.056000 1.080782 
-1.055000 1.065916 
-1.054000 1.050983 
-1.053000 1.035981 
-1.052000 1.020912 
-1.051000 1.005776 
-1.050000 0.990573 
-1.049000 0.975303 
-1.048000 0.959967 
-1.047000 0.944564 
-1.046000 0.929095 
-1.045000 0.913560 
-1.044000 0.897959 
-1.043000 0.882293 
-1.042000 0.866562 
-1.041000 0.850766 
-1.040000 0.834905 
-1.039000 0.818980 
-1.038000 0.802990 
-1.037000 0.786937 
-1.036000 0.770820 
-1.035000 0.754640 
-1.034000 0.738397 
-1.033000 0.722092 
-1.032000 0.705723 
-1.031000 0.689293 
-1.030000 0.672801 
-1.029000 0.656247 
-1.028000 0.639633 
-1.027000 0.622957 
-1.026000 0.606221 
-1.025000 0.589425 
-1.024000 0.572569 
-1.023000 0.555654 
-1.022000 0.538679 
-1.021000 0.521646 
-1.020000 0.504554 
-1.019000 0.487404 
-1.018000 0.470197 
-1.017000 0.452933 
-1.016000 0.435611 
-1.015000 0.418234 
-1.014000 0.400800 
-1.013000 0.383311 
-1.012000 0.365766 
-1.011000 0.348167 
-1.010000 0.330513 
-1.009000 0.312806 
-1.008000 0.295045 
-1.007000 0.277231 
-1.006000 0.259365 
-1.005000 0.241446 
-1.004000 0.223476 
-1.003000 0.205455 
-1.002000 0.187384 
-1.001000 0.169262 
-1.000000 0.151091 
-0.999000 0.132870 
-0.998000 0.114602 
-0.997000 0.096285 
-0.996000 0.077920 
-0.995000 0.059509 
-0.994000 0.041052 
-0.993000 0.022548 
-0.992000 0.004000 
-0.991000 -0.014594 
-0.990000 -0.033231 
-0.989000 -0.051912 
-0.988000 -0.070635 
-0.987000 -0.089401 
-0.986000 -0.108209 
-0.985000 -0.127058 
-0.984000 -0.145947 
-0.983000 -0.164875 
-0.982000 -0.183843 
-0.981000 -0.202849 
-0.980000 -0.221893 
-0.979000 -0.240974 
-0.978000 -0.260092 
-0.977000 -0.279245 
-0.976000 -0.298433 
-0.975000 -0.317656 
-0.974000 -0.336912 
-0.973000 -0.356200 
-0.972000 -0.375521 
-0.971000 -0.394873 
-0.970000 -0.414256 
-0.969000 -0.433669 
-0.968000 -0.453110 
-0.967000 -0.472580 
-0.966000 -0.492077 
-0.965000 -0.511601 
-0.964000 -0.531151 
-0.963000 -0.550725 
-0.962000 -0.570324 
-0.961000 -0.589946 
-0.960000 -0.609590 
-0.959000 -0.629257 
-0.958000 -0.648943 
-0.957000 -0.668650 
-0.956000 -0.688376 
-0.955000 -0.708119 
-0.954000 -0.727880 
-0.953000 -0.747657 
-0.952000 -0.767449 
-0.951000 -0.787256 
-0.950000 -0.807076 
-0.949000 -0.826908 
-0.948000 -0.846752 
-0.947000 -0.866606 
-0.946000 -0.886470 
-0.945000 -0.906342 
-0.944000 -0.926222 
-0.943000 -0.946108 
-0.942000 -0.965999 
-0.941000 -0.985895 
-0.940000 -1.005795 
-0.939000 -1.025696 
-0.938000 -1.045599 
-0.937000 -1.065502 
-0.936000 -1.085404 
-0.935000 -1.105303 
-0.934000 -1.125200 
-0.933000 -1.145092 
-0.932000 -1.164979 
-0.931000 -1.184860 
-0.930000 -1.204732 
-0.929000 -1.224596 
-0.928000 -1.244450 
-0.927000 -1.264293 
-0.926000 -1.284123 
-0.925000 -1.303940 
-0.924000 -1.323741 
-0.923000 -1.343527 
-0.922000 -1.363296 
-0.921000 -1.383046 
-0.920000 -1.402777 
-0.919000 -1.422486 
-0.918000 -1.442174 
-0.917000 -1.461838 
-0.916000 -1.481477 
-0.915000 -1.501090 
-0.914000 -1.520676 
-0.913000 -1.540233 
-0.912000 -1.559761 
-0.911000 -1.579257 
-0.910000 -1.598720 
-0.909000 -1.618150 
-0.908000 -1.637544 
-0.907000 -1.656902 
-0.906000 -1.676222 
-0.905000 -1.695502 
-0.904000 -1.714742 
-0.903000 -1.733940 
-0.902000 -1.753094 
-0.901000 -1.772203 
-0.900000 -1.791266 
-0.899000 -1.810282 
-0.898000 -1.829248 
-0.897000 -1.848164 
-0.896000 -1.867028 
-0.895000 -1.885838 
-0.894000 -1.904594 
-0.893000 -1.923293 
-0.892000 -1.941935 
-0.891000 -1.960518 
-0.890000 -1.979039 
-0.889000 -1.997499 
-0.888000 -2.015895 
-0.887000 -2.034226 
-0.886000 -2.052491 
-0.885000 -2.070687 
-0.884000 -2.088814 
-0.883000 -2.106870 
-0.882000 -2.124853 
-0.881000 -2.142762 
-0.880000 -2.160596 
-0.879000 -2.178353 
-0.878000 -2.196031 
-0.877000 -2.213629 
-0.876000 -2.231145 
-0.875000 -2.248578 
-0.874000 -2.265927 
-0.873000 -2.283189 
-0.872000 -2.300364 
-0.871000 -2.317449 
-0.870000 -2.334444 
-0.869000 -2.351346 
-0.868000 -2.368155 
-0.867000 -2.384868 
-0.866000 -2.401484 
-0.865000 -2.418002 
-0.864000 -2.434420 
-0.863000 -2.450736 
-0.862000 -2.466949 
-0.861000 -2.483058 
-0.860000 -2.499061 
-0.859000 -2.514956 
-0.858000 -2.530742 
-0.857000 -2.546418 
-0.856000 -2.561981 
-0.855000 -2.577431 
-0.854000 -2.592765 
-0.853000 -2.607983 
-0.852000 -2.623083 
-0.851000 -2.638063 
-0.850000 -2.652922 
-0.849000 -2.667658 
-0.848000 -2.682270 
-0.847000 -2.696757 
-0.846000 -2.711116 
-0.845000 -2.725347 
-0.844000 -2.739448 
-0.843000 -2.753418 
-0.842000 -2.767255 
-0.841000 -2.780957 
-0.840000 -2.794524 
-0.839000 -2.807954 
-0.838000 -2.821245 
-0.837000 -2.834396 
-0.836000 -2.847406 
-0.835000 -2.860273 
-0.834000 -2.872997 
-0.833000 -2.885574 
-0.832000 -2.898005 
-0.831000 -2.910288 
-0.830000 -2.922422 
-0.829000 -2.934404 
-0.828000 -2.946235 
-0.827000 -2.957913 
-0.826000 -2.969435 
-0.825000 -2.980802 
-0.824000 -2.992012 
-0.823000 -3.003063 
-0.822000 -3.013955 
-0.821000 -3.024686 
-0.820000 -3.035256 
-0.819000 -3.045662 
-0.818000 -3.055903 
-0.817000 -3.065979 
-0.816000 -3.075889 
-0.815000 -3.085631 
-0.814000 -3.095204 
-0.813000 -3.104607 
-0.812000 -3.113839 
-0.811000 -3.122900 
-0.810000 -3.131787 
-0.809000 -3.140500 
-0.808000 -3.149038 
-0.807000 -3.157401 
-0.806000 -3.165586 
-0.805000 -3.173593 
-0.804000 -3.181422 
-0.803000 -3.189070 
-0.802000 -3.196539 
-0.801000 -3.203825 
-0.800000 -3.210930 
-0.799000 -3.217851 
-0.798000 -3.224589 
-0.797000 -3.231142 
-0.796000 -3.237509 
-0.795000 -3.243690 
-0.794000 -3.249685 
-0.793000 -3.255492 
-0.792000 -3.261110 
-0.791000 -3.266540 
-0.790000 -3.271781 
-0.789000 -3.276831 
-0.788000 -3.281690 
-0.787000 -3.286359 
-0.786000 -3.290835 
-0.785000 -3.295120 
-0.784000 -3.299211 
-0.783000 -3.303110 
-0.782000 -3.306815 
-0.781000 -3.310326 
-0.780000 -3.313642 
-0.779000 -3.316764 
-0.778000 -3.319690 
-0.777000 -3.322421 
-0.776000 -3.324957 
-0.775000 -3.327296 
-0.774000 -3.329439 
-0.773000 -3.331386 
-0.772000 -3.333136 
-0.771000 -3.334689 
-0.770000 -3.336046 
-0.769000 -3.337205 
-0.768000 -3.338167 
-0.767000 -3.338932 
-0.766000 -3.339499 
-0.765000 -3.339869 
-0.764000 -3.340042 
-0.763000 -3.340018 
-0.762000 -3.339797 
-0.761000 -3.339378 
-0.760000 -3.338762 
-0.759000 -3.337950 
-0.758000 -3.336941 
-0.757000 -3.335735 
-0.756000 -3.334333 
-0.755000 -3.332735 
-0.754000 -3.330940 
-0.753000 -3.328951 
-0.752000 -3.326766 
-0.751000 -3.324386 
-0.750000 -3.321811 
-0.749000 -3.319043 
-0.748000 -3.316080 
-0.747000 -3.312924 
-0.746000 -3.309575 
-0.745000 -3.306033 
-0.744000 -3.302300 
-0.743000 -3.298375 
-0.742000 -3.294258 
-0.741000 -3.289952 
-0.740000 -3.285456 
-0.739000 -3.280770 
-0.738000 -3.275896 
-0.737000 -3.270834 
-0.736000 -3.265585 
-0.735000 -3.260149 
-0.734000 -3.254527 
-0.733000 -3.248720 
-0.732000 -3.242728 
-0.731000 -3.236553 
-0.730000 -3.230195 
-0.729000 -3.223655 
-0.728000 -3.216934 
-0.727000 -3.210033 
-0.726000 -3.202952 
-0.725000 -3.195693 
-0.724000 -3.188256 
-0.723000 -3.180642 
-0.722000 -3.172852 
-0.721000 -3.164888 
-0.720000 -3.156750 
-0.719000 -3.148439 
-0.718000 -3.139956 
-0.717000 -3.131302 
-0.716000 -3.122479 
-0.715000 -3.113487 
-0.714000 -3.104328 
-0.713000 -3.095002 
-0.712000 -3.085510 
-0.711000 -3.075855 
-0.710000 -3.066036 
-0.709000 -3.056056 
-0.708000 -3.045914 
-0.707000 -3.035614 
-0.706000 -3.025154 
-0.705000 -3.014538 
-0.704000 -3.003766 
-0.703000 -2.992839 
-0.702000 -2.981759 
-0.701000 -2.970526 
-0.700000 -2.959143 
-0.699000 -2.947610 
-0.698000 -2.935928 
-0.697000 -2.924100 
-0.696000 -2.912126 
-0.695000 -2.900008 
-0.694000 -2.887746 
-0.693000 -2.875343 
-0.692000 -2.862800 
-0.691000 -2.850118 
-0.690000 -2.837298 
-0.689000 -2.824342 
-0.688000 -2.811251 
-0.687000 -2.798027 
-0.686000 -2.784670 
-0.685000 -2.771184 
-0.684000 -2.757567 
-0.683000 -2.743824 
-0.682000 -2.729953 
-0.681000 -2.715958 
-0.680000 -2.701840 
-0.679000 -2.687599 
-0.678000 -2.673238 
-0.677000 -2.658757 
-0.676000 -2.644159 
-0.675000 -2.629445 
-0.674000 -2.614616 
-0.673000 -2.599674 
-0.672000 -2.584620 
-0.671000 -2.569455 
-0.670000 -2.554182 
-0.669000 -2.538801 
-0.668000 -2.523314 
-0.667000 -2.507723 
-0.666000 -2.492029 
-0.665000 -2.476233 
-0.664000 -2.460338 
-0.663000 -2.444344 
-0.662000 -2.428252 
-0.661000 -2.412065 
-0.660000 -2.395784 
-0.659000 -2.379411 
-0.658000 -2.362946 
-0.657000 -2.346392 
-0.656000 -2.329749 
-0.655000 -2.313020 
-0.654000 -2.296205 
-0.653000 -2.279307 
-0.652000 -2.262326 
-0.651000 -2.245264 
-0.650000 -2.228124 
-0.649000 -2.210905 
-0.648000 -2.193609 
-0.647000 -2.176239 
-0.646000 -2.158795 
-0.645000 -2.141278 
-0.644000 -2.123692 
-0.643000 -2.106035 
-0.642000 -2.088311 
-0.641000 -2.070521 
-0.640000 -2.052666 
-0.639000 -2.034746 
-0.638000 -2.016765 
-0.637000 -1.998723 
-0.636000 -1.980622 
-0.635000 -1.962463 
-0.634000 -1.944247 
-0.633000 -1.925976 
-0.632000 -1.907651 
-0.631000 -1.889273 
-0.630000 -1.870845 
-0.629000 -1.852366 
-0.628000 -1.833840 
-0.627000 -1.815266 
-0.626000 -1.796647 
-0.625000 -1.777983 
-0.624000 -1.759276 
-0.623000 -1.740527 
-0.622000 -1.721738 
-0.621000 -1.702910 
-0.620000 -1.684044 
-0.619000 -1.665142 
-0.618000 -1.646204 
-0.617000 -1.627232 
-0.616000 -1.608227 
-0.615000 -1.589191 
-0.614000 -1.570125 
-0.613000 -1.551029 
-0.612000 -1.531906 
-0.611000 -1.512756 
-0.610000 -1.493581 
-0.609000 -1.474382 
-0.608000 -1.455160 
-0.607000 -1.435916 
-0.606000 -1.416651 
-0.605000 -1.397367 
-0.604000 -1.378065 
-0.603000 -1.358745 
-0.602000 -1.339410 
-0.601000 -1.320059 
-0.600000 -1.300695 
-0.599000 -1.281319 
-0.598000 -1.261931 
-0.597000 -1.242532 
-0.596000 -1.223124 
-0.595000 -1.203708 
-0.594000 -1.184285 
-0.593000 -1.164855 
-0.592000 -1.145421 
-0.591000 -1.125983 
-0.590000 -1.106541 
-0.589000 -1.087098 
-0.588000 -1.067653 
-0.587000 -1.048209 
-0.586000 -1.028766 
-0.585000 -1.009325 
-0.584000 -0.989887 
-0.583000 -0.970453 
-0.582000 -0.951023 
-0.581000 -0.931600 
-0.580000 -0.912184 
-0.579000 -0.892775 
-0.578000 -0.873375 
-0.577000 -0.853985 
-0.576000 -0.834605 
-0.575000 -0.815236 
-0.574000 -0.795880 
-0.573000 -0.776537 
-0.572000 -0.757208 
-0.571000 -0.737894 
-0.570000 -0.718596 
-0.569000 -0.699314 
-0.568000 -0.680050 
-0.567000 -0.660804 
-0.566000 -0.641577 
-0.565000 -0.622369 
-0.564000 -0.603183 
-0.563000 -0.584018 
-0.562000 -0.564875 
-0.561000 -0.545755 
-0.560000 -0.526659 
-0.559000 -0.507587 
-0.558000 -0.488541 
-0.557000 -0.469521 
-0.556000 -0.450527 
-0.555000 -0.431561 
-0.554000 -0.412622 
-0.553000 -0.393713 
-0.552000 -0.374833 
-0.551000 -0.355984 
-0.550000 -0.337165 
-0.549000 -0.318378 
-0.548000 -0.299623 
-0.547000 -0.280901 
-0.546000 -0.262213 
-0.545000 -0.243559 
-0.544000 -0.224939 
-0.543000 -0.206355 
-0.542000 -0.187807 
-0.541000 -0.169295 
-0.540000 -0.150821 
-0.539000 -0.132384 
-0.538000 -0.113986 
-0.537000 -0.095627 
-0.536000 -0.077308 
-0.535000 -0.059028 
-0.534000 -0.040789 
-0.533000 -0.022591 
-0.532000 -0.004435 
-0.531000 0.013679 
-0.530000 0.031750 
-0.529000 0.049777 
-0.528000 0.067761 
-0.527000 0.085701 
-0.526000 0.103596 
-0.525000 0.121445 
-0.524000 0.139249 
-0.523000 0.157007 
-0.522000 0.174718 
-0.521000 0.192382 
-0.520000 0.209998 
-0.519000 0.227566 
-0.518000 0.245085 
-0.517000 0.262556 
-0.516000 0.279978 
-0.515000 0.297349 
-0.514000 0.314670 
-0.513000 0.331941 
-0.512000 0.349161 
-0.511000 0.366329 
-0.510000 0.383446 
-0.509000 0.400510 
-0.508000 0.417522 
-0.507000 0.434481 
-0.506000 0.451386 
-0.505000 0.468238 
-0.504000 0.485036 
-0.503000 0.501779 
-0.502000 0.518468 
-0.501000 0.535102 
-0.500000 0.551680 
-0.499000 0.568203 
-0.498000 0.584669 
-0.497000 0.601079 
-0.496000 0.617433 
-0.495000 0.633729 
-0.494000 0.649969 
-0.493000 0.666150 
-0.492000 0.682274 
-0.491000 0.698339 
-0.490000 0.714346 
-0.489000 0.730295 
-0.488000 0.746184 
-0.487000 0.762014 
-0.486000 0.777785 
-0.485000 0.793495 
-0.484000 0.809146 
-0.483000 0.824736 
-0.482000 0.840266 
-0.481000 0.855735 
-0.480000 0.871142 
-0.479000 0.886489 
-0.478000 0.901774 
-0.477000 0.916997 
-0.476000 0.932159 
-0.475000 0.947258 
-0.474000 0.962294 
-0.473000 0.977269 
-0.472000 0.992180 
-0.471000 1.007028 
-0.470000 1.021813 
-0.469000 1.036535 
-0.468000 1.051193 
-0.467000 1.065787 
-0.466000 1.080318 
-0.465000 1.094784 
-0.464000 1.109185 
-0.463000 1.123523 
-0.462000 1.137795 
-0.461000 1.152003 
-0.460000 1.166146 
-0.459000 1.180223 
-0.458000 1.194236 
-0.457000 1.208182 
-0.456000 1.222063 
-0.455000 1.235879 
-0.454000 1.249628 
-0.453000 1.263311 
-0.452000 1.276928 
-0.451000 1.290479 
-0.450000 1.303963 
-0.449000 1.317381 
-0.448000 1.330732 
-0.447000 1.344016 
-0.446000 1.357233 
-0.445000 1.370383 
-0.444000 1.383465 
-0.443000 1.396481 
-0.442000 1.409429 
-0.441000 1.422309 
-0.440000 1.435121 
-0.439000 1.447866 
-0.438000 1.460543 
-0.437000 1.473152 
-0.436000 1.485693 
-0.435000 1.498166 
-0.434000 1.510570 
-0.433000 1.522906 
-0.432000 1.535174 
-0.431000 1.547373 
-0.430000 1.559503 
-0.429000 1.571565 
-0.428000 1.583557 
-0.427000 1.595481 
-0.426000 1.607336 
-0.425000 1.619122 
-0.424000 1.630839 
-0.423000 1.642487 
-0.422000 1.654065 
-0.421000 1.665575 
-0.420000 1.677014 
-0.419000 1.688385 
-0.418000 1.699686 
-0.417000 1.710917 
-0.416000 1.722078 
-0.415000 1.733170 
-0.414000 1.744193 
-0.413000 1.755145 
-0.412000 1.766027 
-0.411000 1.776840 
-0.410000 1.787583 
-0.409000 1.798255 
-0.408000 1.808858 
-0.407000 1.819390 
-0.406000 1.829853 
-0.405000 1.840245 
-0.404000 1.850567 
-0.403000 1.860818 
-0.402000 1.871000 
-0.401000 1.881111 
-0.400000 1.891151 
-0.399000 1.901121 
-0.398000 1.911021 
-0.397000 1.920850 
-0.396000 1.930609 
-0.395000 1.940297 
-0.394000 1.949914 
-0.393000 1.959461 
-0.392000 1.968937 
-0.391000 1.978343 
-0.390000 1.987677 
-0.389000 1.996941 
-0.388000 2.006134 
-0.387000 2.015257 
-0.386000 2.024309 
-0.385000 2.033289 
-0.384000 2.042199 
-0.383000 2.051038 
-0.382000 2.059806 
-0.381000 2.068503 
-0.380000 2.077130 
-0.379000 2.085685 
-0.378000 2.094169 
-0.377000 2.102583 
-0.376000 2.110925 
-0.375000 2.119196 
-0.374000 2.127396 
-0.373000 2.135525 
-0.372000 2.143583 
-0.371000 2.151570 
-0.370000 2.159486 
-0.369000 2.167331 
-0.368000 2.175105 
-0.367000 2.182807 
-0.366000 2.190438 
-0.365000 2.197999 
-0.364000 2.205488 
-0.363000 2.212905 
-0.362000 2.220252 
-0.361000 2.227528 
-0.360000 2.234732 
-0.359000 2.241865 
-0.358000 2.248927 
-0.357000 2.255917 
-0.356000 2.262836 
-0.355000 2.269685 
-0.354000 2.276461 
-0.353000 2.283167 
-0.352000 2.289801 
-0.351000 2.296364 
-0.350000 2.302856 
-0.349000 2.309277 
-0.348000 2.315626 
-0.347000 2.321904 
-0.346000 2.328110 
-0.345000 2.334246 
-0.344000 2.340310 
-0.343000 2.346303 
-0.342000 2.352224 
-0.341000 2.358074 
-0.340000 2.363853 
-0.339000 2.369560 
-0.338000 2.375197 
-0.337000 2.380761 
-0.336000 2.386255 
-0.335000 2.391677 
-0.334000 2.397028 
-0.333000 2.402308 
-0.332000 2.407516 
-0.331000 2.412653 
-0.330000 2.417718 
-0.329000 2.422712 
-0.328000 2.427635 
-0.327000 2.432487 
-0.326000 2.437267 
-0.325000 2.441976 
-0.324000 2.446613 
-0.323000 2.451179 
-0.322000 2.455674 
-0.321000 2.460097 
-0.320000 2.464449 
-0.319000 2.468730 
-0.318000 2.472939 
-0.317000 2.477077 
-0.316000 2.481143 
-0.315000 2.485139 
-0.314000 2.489062 
-0.313000 2.492915 
-0.312000 2.496696 
-0.311000 2.500405 
-0.310000 2.504043 
-0.309000 2.507610 
-0.308000 2.511105 
-0.307000 2.514529 
-0.306000 2.517882 
-0.305000 2.521163 
-0.304000 2.524373 
-0.303000 2.527511 
-0.302000 2.530578 
-0.301000 2.533573 
-0.300000 2.536497 
-0.299000 2.539349 
-0.298000 2.542130 
-0.297000 2.544840 
-0.296000 2.547478 
-0.295000 2.550045 
-0.294000 2.552540 
-0.293000 2.554964 
-0.292000 2.557316 
-0.291000 2.559597 
-0.290000 2.561806 
-0.289000 2.563944 
-0.288000 2.566010 
-0.287000 2.568004 
-0.286000 2.569928 
-0.285000 2.571779 
-0.284000 2.573559 
-0.283000 2.575268 
-0.282000 2.576905 
-0.281000 2.578470 
-0.280000 2.579964 
-0.279000 2.581386 
-0.278000 2.582736 
-0.277000 2.584015 
-0.276000 2.585223 
-0.275000 2.586358 
-0.274000 2.587422 
-0.273000 2.588415 
-0.272000 2.589336 
-0.271000 2.590185 
-0.270000 2.590962 
-0.269000 2.591668 
-0.268000 2.592302 
-0.267000 2.592864 
-0.266000 2.593354 
-0.265000 2.593773 
-0.264000 2.594120 
-0.263000 2.594395 
-0.262000 2.594598 
-0.261000 2.594730 
-0.260000 2.594790 
-0.259000 2.594777 
-0.258000 2.594694 
-0.257000 2.594538 
-0.256000 2.594310 
-0.255000 2.594010 
-0.254000 2.593639 
-0.253000 2.593195 
-0.252000 2.592680 
-0.251000 2.592092 
-0.250000 2.591433 
-0.249000 2.590702 
-0.248000 2.589898 
-0.247000 2.589023 
-0.246000 2.588075 
-0.245000 2.587056 
-0.244000 2.585964 
-0.243000 2.584800 
-0.242000 2.583565 
-0.241000 2.582257 
-0.240000 2.580876 
-0.239000 2.579424 
-0.238000 2.577899 
-0.237000 2.576303 
-0.236000 2.574633 
-0.235000 2.572892 
-0.234000 2.571079 
-0.233000 2.569193 
-0.232000 2.567234 
-0.231000 2.565204 
-0.230000 2.563101 
-0.229000 2.560925 
-0.228000 2.558677 
-0.227000 2.556357 
-0.226000 2.553965 
-0.225000 2.551499 
-0.224000 2.548962 
-0.223000 2.546351 
-0.222000 2.543669 
-0.221000 2.540913 
-0.220000 2.538085 
-0.219000 2.535185 
-0.218000 2.532211 
-0.217000 2.529165 
-0.216000 2.526047 
-0.215000 2.522855 
-0.214000 2.519591 
-0.213000 2.516255 
-0.212000 2.512845 
-0.211000 2.509362 
-0.210000 2.505807 
-0.209000 2.502179 
-0.208000 2.498478 
-0.207000 2.494704 
-0.206000 2.490857 
-0.205000 2.486937 
-0.204000 2.482944 
-0.203000 2.478878 
-0.202000 2.474739 
-0.201000 2.470527 
-0.200000 2.466242 
-0.199000 2.461884 
-0.198000 2.457453 
-0.197000 2.452948 
-0.196000 2.448370 
-0.195000 2.443720 
-0.194000 2.438995 
-0.193000 2.434198 
-0.192000 2.429327 
-0.191000 2.424383 
-0.190000 2.419366 
-0.189000 2.414275 
-0.188000 2.409111 
-0.187000 2.403873 
-0.186000 2.398562 
-0.185000 2.393178 
-0.184000 2.387720 
-0.183000 2.382188 
-0.182000 2.376584 
-0.181000 2.370905 
-0.180000 2.365153 
-0.179000 2.359327 
-0.178000 2.353428 
-0.177000 2.347455 
-0.176000 2.341408 
-0.175000 2.335288 
-0.174000 2.329094 
-0.173000 2.322826 
-0.172000 2.316484 
-0.171000 2.310069 
-0.170000 2.303580 
-0.169000 2.297017 
-0.168000 2.290380 
-0.167000 2.283669 
-0.166000 2.276885 
-0.165000 2.270026 
-0.164000 2.263094 
-0.163000 2.256088 
-0.162000 2.249008 
-0.161000 2.241853 
-0.160000 2.234625 
-0.159000 2.227323 
-0.158000 2.219947 
-0.157000 2.212497 
-0.156000 2.204972 
-0.155000 2.197374 
-0.154000 2.189702 
-0.153000 2.181955 
-0.152000 2.174135 
-0.151000 2.166240 
-0.150000 2.158271 
-0.149000 2.150228 
-0.148000 2.142111 
-0.147000 2.133920 
-0.146000 2.125655 
-0.145000 2.117315 
-0.144000 2.108902 
-0.143000 2.100414 
-0.142000 2.091852 
-0.141000 2.083216 
-0.140000 2.074506 
-0.139000 2.065721 
-0.138000 2.056862 
-0.137000 2.047929 
-0.136000 2.038922 
-0.135000 2.029841 
-0.134000 2.020686 
-0.133000 2.011456 
-0.132000 2.002153 
-0.131000 1.992775 
-0.130000 1.983323 
-0.129000 1.973797 
-0.128000 1.964196 
-0.127000 1.954522 
-0.126000 1.944773 
-0.125000 1.934951 
-0.124000 1.925054 
-0.123000 1.915083 
-0.122000 1.905038 
-0.121000 1.894920 
-0.120000 1.884727 
-0.119000 1.874460 
-0.118000 1.864119 
-0.117000 1.853704 
-0.116000 1.843216 
-0.115000 1.832653 
-0.114000 1.822017 
-0.113000 1.811307 
-0.112000 1.800523 
-0.111000 1.789665 
-0.110000 1.778734 
-0.109000 1.767728 
-0.108000 1.756650 
-0.107000 1.745497 
-0.106000 1.734271 
-0.105000 1.722972 
-0.104000 1.711599 
-0.103000 1.700153 
-0.102000 1.688633 
-0.101000 1.677040 
-0.100000 1.665373 
-0.099000 1.653634 
-0.098000 1.641821 
-0.097000 1.629935 
-0.096000 1.617977 
-0.095000 1.605945 
-0.094000 1.593840 
-0.093000 1.581663 
-0.092000 1.569413 
-0.091000 1.557090 
-0.090000 1.544694 
-0.089000 1.532226 
-0.088000 1.519686 
-0.087000 1.507073 
-0.086000 1.494388 
-0.085000 1.481631 
-0.084000 1.468801 
-0.083000 1.455900 
-0.082000 1.442927 
-0.081000 1.429882 
-0.080000 1.416765 
-0.079000 1.403577 
-0.078000 1.390317 
-0.077000 1.376986 
-0.076000 1.363584 
-0.075000 1.350110 
-0.074000 1.336566 
-0.073000 1.322951 
-0.072000 1.309264 
-0.071000 1.295508 
-0.070000 1.281681 
-0.069000 1.267783 
-0.068000 1.253815 
-0.067000 1.239777 
-0.066000 1.225670 
-0.065000 1.211492 
-0.064000 1.197245 
-0.063000 1.182929 
-0.062000 1.168543 
-0.061000 1.154088 
-0.060000 1.139564 
-0.059000 1.124971 
-0.058000 1.110310 
-0.057000 1.095580 
-0.056000 1.080782 
-0.055000 1.065916 
-0.054000 1.050983 
-0.053000 1.035981 
-0.052000 1.020912 
-0.051000 1.005776 
-0.050000 0.990573 
-0.049000 0.975303 
-0.048000 0.959967 
-0.047000 0.944564 
-0.046000 0.929095 
-0.045000 0.913560 
-0.044000 0.897959 
-0.043000 0.882293 
-0.042000 0.866562 
-0.041000 0.850766 
-0.040000 0.834905 
-0.039000 0.818980 
-0.038000 0.802990 
-0.037000 0.786937 
-0.036000 0.770820 
-0.035000 0.754640 
-0.034000 0.738397 
-0.033000 0.722092 
-0.032000 0.705723 
-0.031000 0.689293 
-0.030000 0.672801 
-0.029000 0.656247 
-0.028000 0.639633 
-0.027000 0.622957 
-0.026000 0.606221 
-0.025000 0.589425 
-0.024000 0.572569 
-0.023000 0.555654 
-0.022000 0.538679 
-0.021000 0.521646 
-0.020000 0.504554 
-0.019000 0.487404 
-0.018000 0.470197 
-0.017000 0.452933 
-0.016000 0.435611 
-0.015000 0.418234 
-0.014000 0.400800 
-0.013000 0.383311 
-0.012000 0.365766 
-0.011000 0.348167 
-0.010000 0.330513 
-0.009000 0.312806 
-0.008000 0.295045 
-0.007000 0.277231 
-0.006000 0.259365 
-0.005000 0.241446 
-0.004000 0.223476 
-0.003000 0.205455 
-0.002000 0.187384 
-0.001000 0.169262 
-0.000000 0.151091 
0.001000 0.132870 
0.002000 0.114602 
0.003000 0.096285 
0.004000 0.077920 
0.005000 0.059509 
0.006000 0.041052 
0.007000 0.022548 
0.008000 0.004000 
0.009000 -0.014594 
0.010000 -0.033231 
0.011000 -0.051912 
0.012000 -0.070635 
0.013000 -0.089401 
0.014000 -0.108209 
0.015000 -0.127058 
0.016000 -0.145947 
0.017000 -0.164875 
0.018000 -0.183843 
0.019000 -0.202849 
0.020000 -0.221893 
0.021000 -0.240974 
0.022000 -0.260092 
0.023000 -0.279245 
0.024000 -0.298433 
0.025000 -0.317656 
0.026000 -0.336912 
0.027000 -0.356200 
0.028000 -0.375521 
0.029000 -0.394873 
0.030000 -0.414256 
0.031000 -0.433669 
0.032000 -0.453110 
0.033000 -0.472580 
0.034000 -0.492077 
0.035000 -0.511601 
0.036000 -0.531151 
0.037000 -0.550725 
0.038000 -0.570324 
0.039000 -0.589946 
0.040000 -0.609590 
0.041000 -0.629257 
0.042000 -0.648943 
0.043000 -0.668650 
0.044000 -0.688376 
0.045000 -0.708119 
0.046000 -0.727880 
0.047000 -0.747657 
0.048000 -0.767449 
0.049000 -0.787256 
0.050000 -0.807076 
0.051000 -0.826908 
0.052000 -0.846752 
0.053000 -0.866606 
0.054000 -0.886470 
0.055000 -0.906342 
0.056000 -0.926222 
0.057000 -0.946108 
0.058000 -0.965999 
0.059000 -0.985895 
0.060000 -1.005795 
0.061000 -1.025696 
0.062000 -1.045599 
0.063000 -1.065502 
0.064000 -1.085404 
0.065000 -1.105303 
0.066000 -1.125200 
0.067000 -1.145092 
0.068000 -1.164979 
0.069000 -1.184860 
0.070000 -1.204732 
0.071000 -1.224596 
0.072000 -1.244450 
0.073000 -1.264293 
0.074000 -1.284123 
0.075000 -1.303940 
0.076000 -1.323741 
0.077000 -1.343527 
0.078000 -1.363296 
0.079000 -1.383046 
0.080000 -1.402777 
0.081000 -1.422486 
0.082000 -1.442174 
0.083000 -1.461838 
0.084000 -1.481477 
0.085000 -1.501090 
0.086000 -1.520676 
0.087000 -1.540233 
0.088000 -1.559761 
0.089000 -1.579257 
0.090000 -1.598720 
0.091000 -1.618150 
0.092000 -1.637544 
0.093000 -1.656902 
0.094000 -1.676222 
0.095000 -1.695502 
0.096000 -1.714742 
0.097000 -1.733940 
0.098000 -1.753094 
0.099000 -1.772203 
0.100000 -1.791266 
0.101000 -1.810282 
0.102000 -1.829248 
0.103000 -1.848164 
0.104000 -1.867028 
0.105000 -1.885838 
0.106000 -1.904594 
0.107000 -1.923293 
0.108000 -1.941935 
0.109000 -1.960518 
0.110000 -1.979039 
0.111000 -1.997499 
0.112000 -2.015895 
0.113000 -2.034226 
0.114000 -2.052491 
0.115000 -2.070687 
0.116000 -2.088814 
0.117000 -2.106870 
0.118000 -2.124853 
0.119000 -2.142762 
0.120000 -2.160596 
0.121000 -2.178353 
0.122000 -2.196031 
0.123000 -2.213629 
0.124000 -2.231145 
0.125000 -2.248578 
0.126000 -2.265927 
0.127000 -2.283189 
0.128000 -2.300364 
0.129000 -2.317449 
0.130000 -2.334444 
0.131000 -2.351346 
0.132000 -2.368155 
0.133000 -2.384868 
0.134000 -2.401484 
0.135000 -2.418002 
0.136000 -2.434420 
0.137000 -2.450736 
0.138000 -2.466949 
0.139000 -2.483058 
0.140000 -2.499061 
0.141000 -2.514956 
0.142000 -2.530742 
0.143000 -2.546418 
0.144000 -2.561981 
0.145000 -2.577431 
0.146000 -2.592765 
0.147000 -2.607983 
0.148000 -2.623083 
0.149000 -2.638063 
0.150000 -2.652922 
0.151000 -2.667658 
0.152000 -2.682270 
0.153000 -2.696757 
0.154000 -2.711116 
0.155000 -2.725347 
0.156000 -2.739448 
0.157000 -2.753418 
0.158000 -2.767255 
0.159000 -2.780957 
0.160000 -2.794524 
0.161000 -2.807954 
0.162000 -2.821245 
0.163000 -2.834396 
0.164000 -2.847406 
0.165000 -2.860273 
0.166000 -2.872997 
0.167000 -2.885574 
0.168000 -2.898005 
0.169000 -2.910288 
0.170000 -2.922422 
0.171000 -2.934404 
0.172000 -2.946235 
0.173000 -2.957913 
0.174000 -2.969435 
0.175000 -2.980802 
0.176000 -2.992012 
0.177000 -3.003063 
0.178000 -3.013955 
0.179000 -3.024686 
0.180000 -3.035256 
0.181000 -3.045662 
0.182000 -3.055903 
0.183000 -3.065979 
0.184000 -3.075889 
0.185000 -3.085631 
0.186000 -3.095204 
0.187000 -3.104607 
0.188000 -3.113839 
0.189000 -3.122900 
0.190000 -3.131787 
0.191000 -3.140500 
0.192000 -3.149038 
0.193000 -3.157401 
0.194000 -3.165586 
0.195000 -3.173593 
0.196000 -3.181422 
0.197000 -3.189070 
0.198000 -3.196539 
0.199000 -3.203825 
0.200000 -3.210930 
0.201000 -3.217851 
0.202000 -3.224589 
0.203000 -3.231142 
0.204000 -3.237509 
0.205000 -3.243690 
0.206000 -3.249685 
0.207000 -3.255492 
0.208000 -3.261110 
0.209000 -3.266540 
0.210000 -3.271781 
0.211000 -3.276831 
0.212000 -3.281690 
0.213000 -3.286359 
0.214000 -3.290835 
0.215000 -3.295120 
0.216000 -3.299211 
0.217000 -3.303110 
0.218000 -3.306815 
0.219000 -3.310326 
0.220000 -3.313642 
0.221000 -3.316764 
0.222000 -3.319690 
0.223000 -3.322421 
0.224000 -3.324957 
0.225000 -3.327296 
0.226000 -3.329439 
0.227000 -3.331386 
0.228000 -3.333136 
0.229000 -3.334689 
0.230000 -3.336046 
0.231000 -3.337205 
0.232000 -3.338167 
0.233000 -3.338932 
0.234000 -3.339499 
0.235000 -3.339869 
0.236000 -3.340042 
0.237000 -3.340018 
0.238000 -3.339797 
0.239000 -3.339378 
0.240000 -3.338762 
0.241000 -3.337950 
0.242000 -3.336941 
0.243000 -3.335735 
0.244000 -3.334333 
0.245000 -3.332735 
0.246000 -3.330940 
0.247000 -3.328951 
0.248000 -3.326766 
0.249000 -3.324386 
0.250000 -3.321811 
0.251000 -3.319043 
0.252000 -3.316080 
0.253000 -3.312924 
0.254000 -3.309575 
0.255000 -3.306033 
0.256000 -3.302300 
0.257000 -3.298375 
0.258000 -3.294258 
0.259000 -3.289952 
0.260000 -3.285456 
0.261000 -3.280770 
0.262000 -3.275896 
0.263000 -3.270834 
0.264000 -3.265585 
0.265000 -3.260149 
0.266000 -3.254527 
0.267000 -3.248720 
0.268000 -3.242728 
0.269000 -3.236553 
0.270000 -3.230195 
0.271000 -3.223655 
0.272000 -3.216934 
0.273000 -3.210033 
0.274000 -3.202952 
0.275000 -3.195693 
0.276000 -3.188256 
0.277000 -3.180642 
0.278000 -3.172852 
0.279000 -3.164888 
0.280000 -3.156750 
0.281000 -3.148439 
0.282000 -3.139956 
0.283000 -3.131302 
0.284000 -3.122479 
0.285000 -3.113487 
0.286000 -3.104328 
0.287000 -3.095002 
0.288000 -3.085510 
0.289000 -3.075855 
0.290000 -3.066036 
0.291000 -3.056056 
0.292000 -3.045914 
0.293000 -3.035614 
0.294000 -3.025154 
0.295000 -3.014538 
0.296000 -3.003766 
0.297000 -2.992839 
0.298000 -2.981759 
0.299000 -2.970526 
0.300000 -2.959143 
0.301000 -2.947610 
0.302000 -2.935928 
0.303000 -2.924100 
0.304000 -2.912126 
0.305000 -2.900008 
0.306000 -2.887746 
0.307000 -2.875343 
0.308000 -2.862800 
0.309000 -2.850118 
0.310000 -2.837298 
0.311000 -2.824342 
0.312000 -2.811251 
0.313000 -2.798027 
0.314000 -2.784670 
0.315000 -2.771184 
0.316000 -2.757567 
0.317000 -2.743824 
0.318000 -2.729953 
0.319000 -2.715958 
0.320000 -2.701840 
0.321000 -2.687599 
0.322000 -2.673238 
0.323000 -2.658757 
0.324000 -2.644159 
0.325000 -2.629445 
0.326000 -2.614616 
0.327000 -2.599674 
0.328000 -2.584620 
0.329000 -2.569455 
0.330000 -2.554182 
0.331000 -2.538801 
0.332000 -2.523314 
0.333000 -2.507723 
0.334000 -2.492029 
0.335000 -2.476233 
0.336000 -2.460338 
0.337000 -2.444344 
0.338000 -2.428252 
0.339000 -2.412065 
0.340000 -2.395784 
0.341000 -2.379411 
0.342000 -2.362946 
0.343000 -2.346392 
0.344000 -2.329749 
0.345000 -2.313020 
0.346000 -2.296205 
0.347000 -2.279307 
0.348000 -2.262326 
0.349000 -2.245264 
0.350000 -2.228124 
0.351000 -2.210905 
0.352000 -2.193609 
0.353000 -2.176239 
0.354000 -2.158795 
0.355000 -2.141278 
0.356000 -2.123692 
0.357000 -2.106035 
0.358000 -2.088311 
0.359000 -2.070521 
0.360000 -2.052666 
0.361000 -2.034746 
0.362000 -2.016765 
0.363000 -1.998723 
0.364000 -1.980622 
0.365000 -1.962463 
0.366000 -1.944247 
0.367000 -1.925976 
0.368000 -1.907651 
0.369000 -1.889273 
0.370000 -1.870845 
0.371000 -1.852366 
0.372000 -1.833840 
0.373000 -1.815266 
0.374000 -1.796647 
0.375000 -1.777983 
0.376000 -1.759276 
0.377000 -1.740527 
0.378000 -1.721738 
0.379000 -1.702910 
0.380000 -1.684044 
0.381000 -1.665142 
0.382000 -1.646204 
0.383000 -1.627232 
0.384000 -1.608227 
0.385000 -1.589191 
0.386000 -1.570125 
0.387000 -1.551029 
0.388000 -1.531906 
0.389000 -1.512756 
0.390000 -1.493581 
0.391000 -1.474382 
0.392000 -1.455160 
0.393000 -1.435916 
0.394000 -1.416651 
0.395000 -1.397367 
0.396000 -1.378065 
0.397000 -1.358745 
0.398000 -1.339410 
0.399000 -1.320059 
0.400000 -1.300695 
0.401000 -1.281319 
0.402000 -1.261931 
0.403000 -1.242532 
0.404000 -1.223124 
0.405000 -1.203708 
0.406000 -1.184285 
0.407000 -1.164855 
0.408000 -1.145421 
0.409000 -1.125983 
0.410000 -1.106541 
0.411000 -1.087098 
0.412000 -1.067653 
0.413000 -1.048209 
0.414000 -1.028766 
0.415000 -1.009325 
0.416000 -0.989887 
0.417000 -0.970453 
0.418000 -0.951023 
0.419000 -0.931600 
0.420000 -0.912184 
0.421000 -0.892775 
0.422000 -0.873375 
0.423000 -0.853985 
0.424000 -0.834605 
0.425000 -0.815236 
0.426000 -0.795880 
0.427000 -0.776537 
0.428000 -0.757208 
0.429000 -0.737894 
0.430000 -0.718596 
0.431000 -0.699314 
0.432000 -0.680050 
0.433000 -0.660804 
0.434000 -0.641577 
0.435000 -0.622369 
0.436000 -0.603183 
0.437000 -0.584018 
0.438000 -0.564875 
0.439000 -0.545755 
0.440000 -0.526659 
0.441000 -0.507587 
0.442000 -0.488541 
0.443000 -0.469521 
0.444000 -0.450527 
0.445000 -0.431561 
0.446000 -0.412622 
0.447000 -0.393713 
0.448000 -0.374833 
0.449000 -0.355984 
0.450000 -0.337165 
0.451000 -0.318378 
0.452000 -0.299623 
0.453000 -0.280901 
0.454000 -0.262213 
0.455000 -0.243559 
0.456000 -0.224939 
0.457000 -0.206355 
0.458000 -0.187807 
0.459000 -0.169295 
0.460000 -0.150821 
0.461000 -0.132384 
0.462000 -0.113986 
0.463000 -0.095627 
0.464000 -0.077308 
0.465000 -0.059028 
0.466000 -0.040789 
0.467000 -0.022591 
0.468000 -0.004435 
0.469000 0.013679 
0.470000 0.031750 
0.471000 0.049777 
0.472000 0.067761 
0.473000 0.085701 
0.474000 0.103596 
0.475000 0.121445 
0.476000 0.139249 
0.477000 0.157007 
0.478000 0.174718 
0.479000 0.192382 
0.480000 0.209998 
0.481000 0.227566 
0.482000 0.245085 
0.483000 0.262556 
0.484000 0.279978 
0.485000 0.297349 
0.486000 0.314670 
0.487000 0.331941 
0.488000 0.349161 
0.489000 0.366329 
0.490000 0.383446 
0.491000 0.400510 
0.492000 0.417522 
0.493000 0.434481 
0.494000 0.451386 
0.495000 0.468238 
0.496000 0.485036 
0.497000 0.501779 
0.498000 0.518468 
0.499000 0.535102 
0.500000 0.551680 
0.501000 0.568203 
0.502000 0.584669 
0.503000 0.601079 
0.504000 0.617433 
0.505000 0.633729 
0.506000 0.649969 
0.507000 0.666150 
0.508000 0.682274 
0.509000 0.698339 
0.510000 0.714346 
0.511000 0.730295 
0.512000 0.746184 
0.513000 0.762014 
0.514000 0.777785 
0.515000 0.793495 
0.516000 0.809146 
0.517000 0.824736 
0.518000 0.840266 
0.519000 0.855735 
0.520000 0.871142 
0.521000 0.886489 
0.522000 0.901774 
0.523000 0.916997 
0.524000 0.932159 
0.525000 0.947258 
0.526000 0.962294 
0.527000 0.977269 
0.528000 0.992180 
0.529000 1.007028 
0.530000 1.021813 
0.531000 1.036535 
0.532000 1.051193 
0.533000 1.065787 
0.534000 1.080318 
0.535000 1.094784 
0.536000 1.109185 
0.537000 1.123523 
0.538000 1.137795 
0.539000 1.152003 
0.540000 1.166146 
0.541000 1.180223 
0.542000 1.194236 
0.543000 1.208182 
0.544000 1.222063 
0.545000 1.235879 
0.546000 1.249628 
0.547000 1.263311 
0.548000 1.276928 
0.549000 1.290479 
0.550000 1.303963 
0.551000 1.317381 
0.552000 1.330732 
0.553000 1.344016 
0.554000 1.357233 
0.555000 1.370383 
0.556000 1.383465 
0.557000 1.396481 
0.558000 1.409429 
0.559000 1.422309 
0.560000 1.435121 
0.561000 1.447866 
0.562000 1.460543 
0.563000 1.473152 
0.564000 1.485693 
0.565000 1.498166 
0.566000 1.510570 
0.567000 1.522906 
0.568000 1.535174 
0.569000 1.547373 
0.570000 1.559503 
0.571000 1.571565 
0.572000 1.583557 
0.573000 1.595481 
0.574000 1.607336 
0.575000 1.619122 
0.576000 1.630839 
0.577000 1.642487 
0.578000 1.654065 
0.579000 1.665575 
0.580000 1.677014 
0.581000 1.688385 
0.582000 1.699686 
0.583000 1.710917 
0.584000 1.722078 
0.585000 1.733170 
0.586000 1.744193 
0.587000 1.755145 
0.588000 1.766027 
0.589000 1.776840 
0.590000 1.787583 
0.591000 1.798255 
0.592000 1.808858 
0.593000 1.819390 
0.594000 1.829853 
0.595000 1.840245 
0.596000 1.850567 
0.597000 1.860818 
0.598000 1.871000 
0.599000 1.881111 
0.600000 1.891151 
0.601000 1.901121 
0.602000 1.911021 
0.603000 1.920850 
0.604000 1.930609 
0.605000 1.940297 
0.606000 1.949914 
0.607000 1.959461 
0.608000 1.968937 
0.609000 1.978343 
0.610000 1.987677 
0.611000 1.996941 
0.612000 2.006134 
0.613000 2.015257 
0.614000 2.024309 
0.615000 2.033289 
0.616000 2.042199 
0.617000 2.051038 
0.618000 2.059806 
0.619000 2.068503 
0.620000 2.077130 
0.621000 2.085685 
0.622000 2.094169 
0.623000 2.102583 
0.624000 2.110925 
0.625000 2.119196 
0.626000 2.127396 
0.627000 2.135525 
0.628000 2.143583 
0.629000 2.151570 
0.630000 2.159486 
0.631000 2.167331 
0.632000 2.175105 
0.633000 2.182807 
0.634000 2.190438 
0.635000 2.197999 
0.636000 2.205488 
0.637000 2.212905 
0.638000 2.220252 
0.639000 2.227528 
0.640000 2.234732 
0.641000 2.241865 
0.642000 2.248927 
0.643000 2.255917 
0.644000 2.262836 
0.645000 2.269685 
0.646000 2.276461 
0.647000 2.283167 
0.648000 2.289801 
0.649000 2.296364 
0.650000 2.302856 
0.651000 2.309277 
0.652000 2.315626 
0.653000 2.321904 
0.654000 2.328110 
0.655000 2.334246 
0.656000 2.340310 
0.657000 2.346303 
0.658000 2.352224 
0.659000 2.358074 
0.660000 2.363853 
0.661000 2.369560 
0.662000 2.375197 
0.663000 2.380761 
0.664000 2.386255 
0.665000 2.391677 
0.666000 2.397028 
0.667000 2.402308 
0.668000 2.407516 
0.669000 2.412653 
0.670000 2.417718 
0.671000 2.422712 
0.672000 2.427635 
0.673000 2.432487 
0.674000 2.437267 
0.675000 2.441976 
0.676000 2.446613 
0.677000 2.451179 
0.678000 2.455674 
0.679000 2.460097 
0.680000 2.464449 
0.681000 2.468730 
0.682000 2.472939 
0.683000 2.477077 
0.684000 2.481143 
0.685000 2.485139 
0.686000 2.489062 
0.687000 2.492915 
0.688000 2.496696 
0.689000 2.500405 
0.690000 2.504043 
0.691000 2.507610 
0.692000 2.511105 
0.693000 2.514529 
0.694000 2.517882 
0.695000 2.521163 
0.696000 2.524373 
0.697000 2.527511 
0.698000 2.530578 
0.699000 2.533573 
0.700000 2.536497 
0.701000 2.539349 
0.702000 2.542130 
0.703000 2.544840 
0.704000 2.547478 
0.705000 2.550045 
0.706000 2.552540 
0.707000 2.554964 
0.708000 2.557316 
0.709000 2.559597 
0.710000 2.561806 
0.711000 2.563944 
0.712000 2.566010 
0.713000 2.568004 
0.714000 2.569928 
0.715000 2.571779 
0.716000 2.573559 
0.717000 2.575268 
0.718000 2.576905 
0.719000 2.578470 
0.720000 2.579964 
0.721000 2.581386 
0.722000 2.582736 
0.723000 2.584015 
0.724000 2.585223 
0.725000 2.586358 
0.726000 2.587422 
0.727000 2.588415 
0.728000 2.589336 
0.729000 2.590185 
0.730000 2.590962 
0.731000 2.591668 
0.732000 2.592302 
0.733000 2.592864 
0.734000 2.593354 
0.735000 2.593773 
0.736000 2.594120 
0.737000 2.594395 
0.738000 2.594598 
0.739000 2.594730 
0.740000 2.594790 
0.741000 2.594777 
0.742000 2.594694 
0.743000 2.594538 
0.744000 2.594310 
0.745000 2.594010 
0.746000 2.593639 
0.747000 2.593195 
0.748000 2.592680 
0.749000 2.592092 
0.750000 2.591433 
0.751000 2.590702 
0.752000 2.589898 
0.753000 2.589023 
0.754000 2.588075 
0.755000 2.587056 
0.756000 2.585964 
0.757000 2.584800 
0.758000 2.583565 
0.759000 2.582257 
0.760000 2.580876 
0.761000 2.579424 
0.762000 2.577899 
0.763000 2.576303 
0.764000 2.574633 
0.765000 2.572892 
0.766000 2.571079 
0.767000 2.569193 
0.768000 2.567234 
0.769000 2.565204 
0.770000 2.563101 
0.771000 2.560925 
0.772000 2.558677 
0.773000 2.556357 
0.774000 2.553965 
0.775000 2.551499 
0.776000 2.548962 
0.777000 2.546351 
0.778000 2.543669 
0.779000 2.540913 
0.780000 2.538085 
0.781000 2.535185 
0.782000 2.532211 
0.783000 2.529165 
0.784000 2.526047 
0.785000 2.522855 
0.786000 2.519591 
0.787000 2.516255 
0.788000 2.512845 
0.789000 2.509362 
0.790000 2.505807 
0.791000 2.502179 
0.792000 2.498478 
0.793000 2.494704 
0.794000 2.490857 
0.795000 2.486937 
0.796000 2.482944 
0.797000 2.478878 
0.798000 2.474739 
0.799000 2.470527 
0.800000 2.466242 
0.801000 2.461884 
0.802000 2.457453 
0.803000 2.452948 
0.804000 2.448370 
0.805000 2.443720 
0.806000 2.438995 
0.807000 2.434198 
0.808000 2.429327 
0.809000 2.424383 
0.810000 2.419366 
0.811000 2.414275 
0.812000 2.409111 
0.813000 2.403873 
0.814000 2.398562 
0.815000 2.393178 
0.816000 2.387720 
0.817000 2.382188 
0.818000 2.376584 
0.819000 2.370905 
0.820000 2.365153 
0.821000 2.359327 
0.822000 2.353428 
0.823000 2.347455 
0.824000 2.341408 
0.825000 2.335288 
0.826000 2.329094 
0.827000 2.322826 
0.828000 2.316484 
0.829000 2.310069 
0.830000 2.303580 
0.831000 2.297017 
0.832000 2.290380 
0.833000 2.283669 
0.834000 2.276885 
0.835000 2.270026 
0.836000 2.263094 
0.837000 2.256088 
0.838000 2.249008 
0.839000 2.241853 
0.840000 2.234625 
0.841000 2.227323 
0.842000 2.219947 
0.843000 2.212497 
0.844000 2.204972 
0.845000 2.197374 
0.846000 2.189702 
0.847000 2.181955 
0.848000 2.174135 
0.849000 2.166240 
0.850000 2.158271 
0.851000 2.150228 
0.852000 2.142111 
0.853000 2.133920 
0.854000 2.125655 
0.855000 2.117315 
0.856000 2.108902 
0.857000 2.100414 
0.858000 2.091852 
0.859000 2.083216 
0.860000 2.074506 
0.861000 2.065721 
0.862000 2.056862 
0.863000 2.047929 
0.864000 2.038922 
0.865000 2.029841 
0.866000 2.020686 
0.867000 2.011456 
0.868000 2.002153 
0.869000 1.992775 
0.870000 1.983323 
0.871000 1.973797 
0.872000 1.964196 
0.873000 1.954522 
0.874000 1.944773 
0.875000 1.934951 
0.876000 1.925054 
0.877000 1.915083 
0.878000 1.905038 
0.879000 1.894920 
0.880000 1.884727 
0.881000 1.874460 
0.882000 1.864119 
0.883000 1.853704 
0.884000 1.843216 
0.885000 1.832653 
0.886000 1.822017 
0.887000 1.811307 
0.888000 1.800523 
0.889000 1.789665 
0.890000 1.778734 
0.891000 1.767728 
0.892000 1.756650 
0.893000 1.745497 
0.894000 1.734271 
0.895000 1.722972 
0.896000 1.711599 
0.897000 1.700153 
0.898000 1.688633 
0.899000 1.677040 
0.900000 1.665373 
0.901000 1.653634 
0.902000 1.641821 
0.903000 1.629935 
0.904000 1.617977 
0.905000 1.605945 
0.906000 1.593840 
0.907000 1.581663 
0.908000 1.569413 
0.909000 1.557090 
0.910000 1.544694 
0.911000 1.532226 
0.912000 1.519686 
0.913000 1.507073 
0.914000 1.494388 
0.915000 1.481631 
0.916000 1.468801 
0.917000 1.455900 
0.918000 1.442927 
0.919000 1.429882 
0.920000 1.416765 
0.921000 1.403577 
0.922000 1.390317 
0.923000 1.376986 
0.924000 1.363584 
0.925000 1.350110 
0.926000 1.336566 
0.927000 1.322951 
0.928000 1.309264 
0.929000 1.295508 
0.930000 1.281681 
0.931000 1.267783 
0.932000 1.253815 
0.933000 1.239777 
0.934000 1.225670 
0.935000 1.211492 
0.936000 1.197245 
0.937000 1.182929 
0.938000 1.168543 
0.939000 1.154088 
0.940000 1.139564 
0.941000 1.124971 
0.942000 1.110310 
0.943000 1.095580 
0.944000 1.080782 
0.945000 1.065916 
0.946000 1.050983 
0.947000 1.035981 
0.948000 1.020912 
0.949000 1.005776 
0.950000 0.990573 
0.951000 0.975303 
0.952000 0.959967 
0.953000 0.944564 
0.954000 0.929095 
0.955000 0.913560 
0.956000 0.897959 
0.957000 0.882293 
0.958000 0.866562 
0.959000 0.850766 
0.960000 0.834905 
0.961000 0.818980 
0.962000 0.802990 
0.963000 0.786937 
0.964000 0.770820 
0.965000 0.754640 
0.966000 0.738397 
0.967000 0.722092 
0.968000 0.705723 
0.969000 0.689293 
0.970000 0.672801 
0.971000 0.656247 
0.972000 0.639633 
0.973000 0.622957 
0.974000 0.606221 
0.975000 0.589425 
0.976000 0.572569 
0.977000 0.555654 
0.978000 0.538679 
0.979000 0.521646 
0.980000 0.504554 
0.981000 0.487404 
0.982000 0.470197 
0.983000 0.452933 
0.984000 0.435611 
0.985000 0.418234 
0.986000 0.400800 
0.987000 0.383311 
0.988000 0.365766 
0.989000 0.348167 
0.990000 0.330513 
0.991000 0.312806 
0.992000 0.295045 
0.993000 0.277231 
0.994000 0.259365 
0.995000 0.241446 
0.996000 0.223476 
0.997000 0.205455 
0.998000 0.187384 
0.999000 0.169262 
1.000000 0.151091 
1.001000 0.132870 
1.002000 0.114602 
1.003000 0.096285 
1.004000 0.077920 
1.005000 0.059509 
1.006000 0.041052 
1.007000 0.022548 
1.008000 0.004000 
1.009000 -0.014594 
1.010000 -0.033231 
1.011000 -0.051912 
1.012000 -0.070635 
1.013000 -0.089401 
1.014000 -0.108209 
1.015000 -0.127058 
1.016000 -0.145947 
1.017000 -0.164875 
1.018000 -0.183843 
1.019000 -0.202849 
1.020000 -0.221893 
1.021000 -0.240974 
1.022000 -0.260092 
1.023000 -0.279245 
1.024000 -0.298433 
1.025000 -0.317656 
1.026000 -0.336912 
1.027000 -0.356200 
1.028000 -0.375521 
1.029000 -0.394873 
1.030000 -0.414256 
1.031000 -0.433669 
1.032000 -0.453110 
1.033000 -0.472580 
1.034000 -0.492077 
1.035000 -0.511601 
1.036000 -0.531151 
1.037000 -0.550725 
1.038000 -0.570324 
1.039000 -0.589946 
1.040000 -0.609590 
1.041000 -0.629257 
1.042000 -0.648943 
1.043000 -0.668650 
1.044000 -0.688376 
1.045000 -0.708119 
1.046000 -0.727880 
1.047000 -0.747657 
1.048000 -0.767449 
1.049000 -0.787256 
1.050000 -0.807076 
1.051000 -0.826908 
1.052000 -0.846752 
1.053000 -0.866606 
1.054000 -0.886470 
1.055000 -0.906342 
1.056000 -0.926222 
1.057000 -0.946108 
1.058000 -0.965999 
1.059000 -0.985895 
1.060000 -1.005795 
1.061000 -1.025696 
1.062000 -1.045599 
1.063000 -1.065502 
1.064000 -1.085404 
1.065000 -1.105303 
1.066000 -1.125200 
1.067000 -1.145092 
1.068000 -1.164979 
1.069000 -1.184860 
1.070000 -1.204732 
1.071000 -1.224596 
1.072000 -1.244450 
1.073000 -1.264293 
1.074000 -1.284123 
1.075000 -1.303940 
1.076000 -1.323741 
1.077000 -1.343527 
1.078000 -1.363296 
1.079000 -1.383046 
1.080000 -1.402777 
1.081000 -1.422486 
1.082000 -1.442174 
1.083000 -1.461838 
1.084000 -1.481477 
1.085000 -1.501090 
1.086000 -1.520676 
1.087000 -1.540233 
1.088000 -1.559761 
1.089000 -1.579257 
1.090000 -1.598720 
1.091000 -1.618150 
1.092000 -1.637544 
1.093000 -1.656902 
1.094000 -1.676222 
1.095000 -1.695502 
1.096000 -1.714742 
1.097000 -1.733940 
1.098000 -1.753094 
1.099000 -1.772203 
1.100000 -1.791266 
1.101000 -1.810282 
1.102000 -1.829248 
1.103000 -1.848164 
1.104000 -1.867028 
1.105000 -1.885838 
1.106000 -1.904594 
1.107000 -1.923293 
1.108000 -1.941935 
1.109000 -1.960518 
1.110000 -1.979039 
1.111000 -1.997499 
1.112000 -2.015895 
1.113000 -2.034226 
1.114000 -2.052491 
1.115000 -2.070687 
1.116000 -2.088814 
1.117000 -2.106870 
1.118000 -2.124853 
1.119000 -2.142762 
1.120000 -2.160596 
1.121000 -2.178353 
1.122000 -2.196031 
1.123000 -2.213629 
1.124000 -2.231145 
1.125000 -2.248578 
1.126000 -2.265927 
1.127000 -2.283189 
1.128000 -2.300364 
1.129000 -2.317449 
1.130000 -2.334444 
1.131000 -2.351346 
1.132000 -2.368155 
1.133000 -2.384868 
1.134000 -2.401484 
1.135000 -2.418002 
1.136000 -2.434420 
1.137000 -2.450736 
1.138000 -2.466949 
1.139000 -2.483058 
1.140000 -2.499061 
1.141000 -2.514956 
1.142000 -2.530742 
1.143000 -2.546418 
1.144000 -2.561981 
1.145000 -2.577431 
1.146000 -2.592765 
1.147000 -2.607983 
1.148000 -2.623083 
1.149000 -2.638063 
1.150000 -2.652922 
1.151000 -2.667658 
1.152000 -2.682270 
1.153000 -2.696757 
1.154000 -2.711116 
1.155000 -2.725347 
1.156000 -2.739448 
1.157000 -2.753418 
1.158000 -2.767255 
1.159000 -2.780957 
1.160000 -2.794524 
1.161000 -2.807954 
1.162000 -2.821245 
1.163000 -2.834396 
1.164000 -2.847406 
1.165000 -2.860273 
1.166000 -2.872997 
1.167000 -2.885574 
1.168000 -2.898005 
1.169000 -2.910288 
1.170000 -2.922422 
1.171000 -2.934404 
1.172000 -2.946235 
1.173000 -2.957913 
1.174000 -2.969435 
1.175000 -2.980802 
1.176000 -2.992012 
1.177000 -3.003063 
1.178000 -3.013955 
1.179000 -3.024686 
1.180000 -3.035256 
1.181000 -3.045662 
1.182000 -3.055903 
1.183000 -3.065979 
1.184000 -3.075889 
1.185000 -3.085631 
1.186000 -3.095204 
1.187000 -3.104607 
1.188000 -3.113839 
1.189000 -3.122900 
1.190000 -3.131787 
1.191000 -3.140500 
1.192000 -3.149038 
1.193000 -3.157401 
1.194000 -3.165586 
1.195000 -3.173593 
1.196000 -3.181422 
1.197000 -3.189070 
1.198000 -3.196539 
1.199000 -3.203825 
1.200000 -3.210930 
1.201000 -3.217851 
1.202000 -3.224589 
1.203000 -3.231142 
1.204000 -3.237509 
1.205000 -3.243690 
1.206000 -3.249685 
1.207000 -3.255492 
1.208000 -3.261110 
1.209000 -3.266540 
1.210000 -3.271781 
1.211000 -3.276831 
1.212000 -3.281690 
1.213000 -3.286359 
1.214000 -3.290835 
1.215000 -3.295120 
1.216000 -3.299211 
1.217000 -3.303110 
1.218000 -3.306815 
1.219000 -3.310326 
1.220000 -3.313642 
1.221000 -3.316764 
1.222000 -3.319690 
1.223000 -3.322421 
1.224000 -3.324957 
1.225000 -3.327296 
1.226000 -3.329439 
1.227000 -3.331386 
1.228000 -3.333136 
1.229000 -3.334689 
1.230000 -3.336046 
1.231000 -3.337205 
1.232000 -3.338167 
1.233000 -3.338932 
1.234000 -3.339499 
1.235000 -3.339869 
1.236000 -3.340042 
1.237000 -3.340018 
1.238000 -3.339797 
1.239000 -3.339378 
1.240000 -3.338762 
1.241000 -3.337950 
1.242000 -3.336941 
1.243000 -3.335735 
1.244000 -3.334333 
1.245000 -3.332735 
1.246000 -3.330940 
1.247000 -3.328951 
1.248000 -3.326766 
1.249000 -3.324386 
1.250000 -3.321811 
1.251000 -3.319043 
1.252000 -3.316080 
1.253000 -3.312924 
1.254000 -3.309575 
1.255000 -3.306033 
1.256000 -3.302300 
1.257000 -3.298375 
1.258000 -3.294258 
1.259000 -3.289952 
1.260000 -3.285456 
1.261000 -3.280770 
1.262000 -3.275896 
1.263000 -3.270834 
1.264000 -3.265585 
1.265000 -3.260149 
1.266000 -3.254527 
1.267000 -3.248720 
1.268000 -3.242728 
1.269000 -3.236553 
1.270000 -3.230195 
1.271000 -3.223655 
1.272000 -3.216934 
1.273000 -3.210033 
1.274000 -3.202952 
1.275000 -3.195693 
1.276000 -3.188256 
1.277000 -3.180642 
1.278000 -3.172852 
1.279000 -3.164888 
1.280000 -3.156750 
1.281000 -3.148439 
1.282000 -3.139956 
1.283000 -3.131302 
1.284000 -3.122479 
1.285000 -3.113487 
1.286000 -3.104328 
1.287000 -3.095002 
1.288000 -3.085510 
1.289000 -3.075855 
1.290000 -3.066036 
1.291000 -3.056056 
1.292000 -3.045914 
1.293000 -3.035614 
1.294000 -3.025154 
1.295000 -3.014538 
1.296000 -3.003766 
1.297000 -2.992839 
1.298000 -2.981759 
1.299000 -2.970526 
1.300000 -2.959143 
1.301000 -2.947610 
1.302000 -2.935928 
1.303000 -2.924100 
1.304000 -2.912126 
1.305000 -2.900008 
1.306000 -2.887746 
1.307000 -2.875343 
1.308000 -2.862800 
1.309000 -2.850118 
1.310000 -2.837298 
1.311000 -2.824342 
1.312000 -2.811251 
1.313000 -2.798027 
1.314000 -2.784670 
1.315000 -2.771184 
1.316000 -2.757567 
1.317000 -2.743824 
1.318000 -2.729953 
1.319000 -2.715958 
1.320000 -2.701840 
1.321000 -2.687599 
1.322000 -2.673238 
1.323000 -2.658757 
1.324000 -2.644159 
1.325000 -2.629445 
1.326000 -2.614616 
1.327000 -2.599674 
1.328000 -2.584620 
1.329000 -2.569455 
1.330000 -2.554182 
1.331000 -2.538801 
1.332000 -2.523314 
1.333000 -2.507723 
1.334000 -2.492029 
1.335000 -2.476233 
1.336000 -2.460338 
1.337000 -2.444344 
1.338000 -2.428252 
1.339000 -2.412065 
1.340000 -2.395784 
1.341000 -2.379411 
1.342000 -2.362946 
1.343000 -2.346392 
1.344000 -2.329749 
1.345000 -2.313020 
1.346000 -2.296205 
1.347000 -2.279307 
1.348000 -2.262326 
1.349000 -2.245264 
1.350000 -2.228124 
1.351000 -2.210905 
1.352000 -2.193609 
1.353000 -2.176239 
1.354000 -2.158795 
1.355000 -2.141278 
1.356000 -2.123692 
1.357000 -2.106035 
1.358000 -2.088311 
1.359000 -2.070521 
1.360000 -2.052666 
1.361000 -2.034746 
1.362000 -2.016765 
1.363000 -1.998723 
1.364000 -1.980622 
1.365000 -1.962463 
1.366000 -1.944247 
1.367000 -1.925976 
1.368000 -1.907651 
1.369000 -1.889273 
1.370000 -1.870845 
1.371000 -1.852366 
1.372000 -1.833840 
1.373000 -1.815266 
1.374000 -1.796647 
1.375000 -1.777983 
1.376000 -1.759276 
1.377000 -1.740527 
1.378000 -1.721738 
1.379000 -1.702910 
1.380000 -1.684044 
1.381000 -1.665142 
1.382000 -1.646204 
1.383000 -1.627232 
1.384000 -1.608227 
1.385000 -1.589191 
1.386000 -1.570125 
1.387000 -1.551029 
1.388000 -1.531906 
1.389000 -1.512756 
1.390000 -1.493581 
1.391000 -1.474382 
1.392000 -1.455160 
1.393000 -1.435916 
1.394000 -1.416651 
1.395000 -1.397367 
1.396000 -1.378065 
1.397000 -1.358745 
1.398000 -1.339410 
1.399000 -1.320059 
1.400000 -1.300695 
1.401000 -1.281319 
1.402000 -1.261931 
1.403000 -1.242532 
1.404000 -1.223124 
1.405000 -1.203708 
1.406000 -1.184285 
1.407000 -1.164855 
1.408000 -1.145421 
1.409000 -1.125983 
1.410000 -1.106541 
1.411000 -1.087098 
1.412000 -1.067653 
1.413000 -1.048209 
1.414000 -1.028766 
1.415000 -1.009325 
1.416000 -0.989887 
1.417000 -0.970453 
1.418000 -0.951023 
1.419000 -0.931600 
1.420000 -0.912184 
1.421000 -0.892775 
1.422000 -0.873375 
1.423000 -0.853985 
1.424000 -0.834605 
1.425000 -0.815236 
1.426000 -0.795880 
1.427000 -0.776537 
1.428000 -0.757208 
1.429000 -0.737894 
1.430000 -0.718596 
1.431000 -0.699314 
1.432000 -0.680050 
1.433000 -0.660804 
1.434000 -0.641577 
1.435000 -0.622369 
1.436000 -0.603183 
1.437000 -0.584018 
1.438000 -0.564875 
1.439000 -0.545755 
1.440000 -0.526659 
1.441000 -0.507587 
1.442000 -0.488541 
1.443000 -0.469521 
1.444000 -0.450527 
1.445000 -0.431561 
1.446000 -0.412622 
1.447000 -0.393713 
1.448000 -0.374833 
1.449000 -0.355984 
1.450000 -0.337165 
1.451000 -0.318378 
1.452000 -0.299623 
1.453000 -0.280901 
1.454000 -0.262213 
1.455000 -0.243559 
1.456000 -0.224939 
1.457000 -0.206355 
1.458000 -0.187807 
1.459000 -0.169295 
1.460000 -0.150821 
1.461000 -0.132384 
1.462000 -0.113986 
1.463000 -0.095627 
1.464000 -0.077308 
1.465000 -0.059028 
1.466000 -0.040789 
1.467000 -0.022591 
1.468000 -0.004435 
1.469000 0.013679 
1.470000 0.031750 
1.471000 0.049777 
1.472000 0.067761 
1.473000 0.085701 
1.474000 0.103596 
1.475000 0.121445 
1.476000 0.139249 
1.477000 0.157007 
1.478000 0.174718 
1.479000 0.192382 
1.480000 0.209998 
1.481000 0.227566 
1.482000 0.245085 
1.483000 0.262556 
1.484000 0.279978 
1.485000 0.297349 
1.486000 0.314670 
1.487000 0.331941 
1.488000 0.349161 
1.489000 0.366329 
1.490000 0.383446 
1.491000 0.400510 
1.492000 0.417522 
1.493000 0.434481 
1.494000 0.451386 
1.495000 0.468238 
1.496000 0.485036 
1.497000 0.501779 
1.498000 0.518468 
1.499000 0.535102 
