# time Tc_folded Tref_folded value value_err offset model full_model val_compare val_compare_err residuals residuals_err jitter jitter_flag offset_flag subset_flag 
2338.371776 0.000000 0.000000 0.998650 0.003785 0.000000 1.000432 1.001743 0.997339 0.003785 -0.003093 0.003785 0.000187  -1  -1  -1 
2338.373732 0.000000 0.000000 1.000371 0.003784 0.000000 1.000432 1.001792 0.999011 0.003784 -0.001421 0.003784 0.000187  -1  -1  -1 
2338.375746 0.000000 0.000000 1.004023 0.003784 0.000000 1.000432 1.001844 1.002611 0.003784 0.002179 0.003784 0.000187  -1  -1  -1 
2338.377899 0.000000 0.000000 1.001796 0.003782 0.000000 1.000432 1.001900 1.000328 0.003782 -0.000104 0.003782 0.000187  -1  -1  -1 
2338.379878 0.000000 0.000000 0.993572 0.003782 0.000000 1.000432 1.001953 0.992052 0.003782 -0.008381 0.003782 0.000187  -1  -1  -1 
2338.381834 0.000000 0.000000 1.004867 0.003784 0.000000 1.000432 1.002004 1.003296 0.003784 0.002863 0.003784 0.000187  -1  -1  -1 
2338.383998 0.000000 0.000000 0.997949 0.003781 0.000000 1.000432 1.002058 0.996323 0.003781 -0.004109 0.003781 0.000187  -1  -1  -1 
2338.385965 0.000000 0.000000 1.005603 0.003784 0.000000 1.000432 1.002104 1.003932 0.003784 0.003499 0.003784 0.000187  -1  -1  -1 
2338.388095 0.000000 0.000000 1.009810 0.003784 0.000000 1.000432 1.002147 1.008095 0.003784 0.007663 0.003784 0.000187  -1  -1  -1 
2338.390063 0.000000 0.000000 0.999114 0.003781 0.000000 1.000432 1.002180 0.997366 0.003781 -0.003066 0.003781 0.000187  -1  -1  -1 
2338.392238 0.000000 0.000000 1.001821 0.003781 0.000000 1.000432 1.002208 1.000045 0.003781 -0.000387 0.003781 0.000187  -1  -1  -1 
2338.394183 0.000000 0.000000 1.005919 0.003782 0.000000 1.000432 1.002225 1.004126 0.003782 0.003694 0.003782 0.000187  -1  -1  -1 
2338.396150 0.000000 0.000000 1.003600 0.003780 0.000000 1.000432 1.002233 1.001799 0.003780 0.001367 0.003780 0.000187  -1  -1  -1 
2338.398338 0.000000 0.000000 1.011296 0.003784 0.000000 1.000432 1.002232 1.009497 0.003784 0.009064 0.003784 0.000187  -1  -1  -1 
2338.400294 0.000000 0.000000 1.002824 0.003780 0.000000 1.000432 1.002221 1.001035 0.003780 0.000603 0.003780 0.000187  -1  -1  -1 
2338.402435 0.000000 0.000000 1.004440 0.003781 0.000000 1.000432 1.002201 1.002671 0.003781 0.002239 0.003781 0.000187  -1  -1  -1 
2338.404402 0.000000 0.000000 1.002355 0.003780 0.000000 1.000432 1.002176 1.000611 0.003780 0.000179 0.003780 0.000187  -1  -1  -1 
2338.406567 0.000000 0.000000 1.002307 0.003781 0.000000 1.000432 1.002145 1.000594 0.003781 0.000162 0.003781 0.000187  -1  -1  -1 
2338.408511 0.000000 0.000000 1.001972 0.003780 0.000000 1.000432 1.002115 1.000289 0.003780 -0.000143 0.003780 0.000187  -1  -1  -1 
2338.410479 0.000000 0.000000 0.997830 0.003779 0.000000 1.000432 1.002085 0.996178 0.003779 -0.004255 0.003779 0.000187  -1  -1  -1 
2338.412597 0.000000 0.000000 0.997243 0.003780 0.000000 1.000432 1.002055 0.995620 0.003780 -0.004812 0.003780 0.000187  -1  -1  -1 
2338.414286 0.000000 0.000000 1.002796 0.003780 0.000000 1.000432 1.002034 1.001195 0.003780 0.000762 0.003780 0.000187  -1  -1  -1 
2338.416138 0.000000 0.000000 1.002680 0.003780 0.000000 1.000432 1.002014 1.001098 0.003780 0.000666 0.003780 0.000187  -1  -1  -1 
2338.417828 0.000000 0.000000 0.999961 0.003779 0.000000 1.000432 1.002000 0.998394 0.003779 -0.002039 0.003779 0.000187  -1  -1  -1 
2338.419506 0.000000 0.000000 0.999203 0.003781 0.000000 1.000432 1.001989 0.997646 0.003781 -0.002786 0.003781 0.000187  -1  -1  -1 
2338.421370 0.000000 0.000000 1.006250 0.003781 0.000000 1.000432 1.001981 1.004701 0.003781 0.004269 0.003781 0.000187  -1  -1  -1 
2338.423048 0.000000 0.000000 1.000663 0.003779 0.000000 1.000432 1.001979 0.999117 0.003779 -0.001316 0.003779 0.000187  -1  -1  -1 
2338.424911 0.000000 0.000000 0.999591 0.003779 0.000000 1.000432 1.001981 0.998043 0.003779 -0.002390 0.003779 0.000187  -1  -1  -1 
2338.426589 0.000000 0.000000 1.003350 0.003779 0.000000 1.000432 1.001987 1.001795 0.003779 0.001363 0.003779 0.000187  -1  -1  -1 
2338.428279 0.000000 0.000000 1.001441 0.003778 0.000000 1.000432 1.001930 0.999943 0.003778 -0.000489 0.003778 0.000187  -1  -1  -1 
2338.430131 0.000000 0.000000 1.003354 0.003780 0.000000 1.000432 1.001663 1.002124 0.003780 0.001691 0.003780 0.000187  -1  -1  -1 
2338.431821 0.000000 0.000000 0.998037 0.003779 0.000000 1.000432 1.001285 0.997185 0.003779 -0.003248 0.003779 0.000187  -1  -1  -1 
2338.433487 0.000000 0.000000 0.998536 0.003778 0.000000 1.000432 1.000816 0.998153 0.003778 -0.002280 0.003778 0.000187  -1  -1  -1 
2338.435339 0.000000 0.000000 1.001165 0.003780 0.000000 1.000432 1.000208 1.001389 0.003780 0.000957 0.003780 0.000187  -1  -1  -1 
2338.437029 0.000000 0.000000 0.998953 0.003779 0.000000 1.000432 0.999600 0.999785 0.003779 -0.000647 0.003779 0.000187  -1  -1  -1 
2338.438707 0.000000 0.000000 1.002675 0.003779 0.000000 1.000432 0.998970 1.004137 0.003779 0.003705 0.003779 0.000187  -1  -1  -1 
2338.440570 0.000000 0.000000 0.997411 0.003778 0.000000 1.000432 0.998275 0.999568 0.003778 -0.000864 0.003778 0.000187  -1  -1  -1 
2338.442249 0.000000 0.000000 0.996767 0.003778 0.000000 1.000432 0.997694 0.999505 0.003778 -0.000927 0.003778 0.000187  -1  -1  -1 
2338.443938 0.000000 0.000000 0.997313 0.003779 0.000000 1.000432 0.997241 1.000504 0.003779 0.000072 0.003779 0.000187  -1  -1  -1 
2338.445802 0.000000 0.000000 0.994214 0.003778 0.000000 1.000432 0.996942 0.997704 0.003778 -0.002728 0.003778 0.000187  -1  -1  -1 
2338.447480 0.000000 0.000000 0.996489 0.003778 0.000000 1.000432 0.996735 1.000186 0.003778 -0.000246 0.003778 0.000187  -1  -1  -1 
2338.449158 0.000000 0.000000 0.996934 0.003778 0.000000 1.000432 0.996566 1.000800 0.003778 0.000368 0.003778 0.000187  -1  -1  -1 
2338.451045 0.000000 0.000000 0.996978 0.003779 0.000000 1.000432 0.996413 1.000998 0.003779 0.000565 0.003779 0.000187  -1  -1  -1 
2338.452735 0.000000 0.000000 0.994426 0.003777 0.000000 1.000432 0.996301 0.998557 0.003777 -0.001875 0.003777 0.000187  -1  -1  -1 
2338.454598 0.000000 0.000000 0.998428 0.003779 0.000000 1.000432 0.996202 1.002659 0.003779 0.002226 0.003779 0.000187  -1  -1  -1 
2338.456276 0.000000 0.000000 0.995549 0.003777 0.000000 1.000432 0.996130 0.999851 0.003777 -0.000581 0.003777 0.000187  -1  -1  -1 
2338.457954 0.000000 0.000000 0.996206 0.003776 0.000000 1.000432 0.996075 1.000564 0.003776 0.000131 0.003776 0.000187  -1  -1  -1 
2338.459818 0.000000 0.000000 0.993909 0.003775 0.000000 1.000432 0.996028 0.998313 0.003775 -0.002119 0.003775 0.000187  -1  -1  -1 
2338.461507 0.000000 0.000000 0.997448 0.003777 0.000000 1.000432 0.995999 1.001882 0.003777 0.001449 0.003777 0.000187  -1  -1  -1 
2338.463186 0.000000 0.000000 0.990730 0.003775 0.000000 1.000432 0.995980 0.995182 0.003775 -0.005250 0.003775 0.000187  -1  -1  -1 
2338.465061 0.000000 0.000000 0.994170 0.003776 0.000000 1.000432 0.995970 0.998632 0.003776 -0.001800 0.003776 0.000187  -1  -1  -1 
2338.466739 0.000000 0.000000 0.996621 0.003776 0.000000 1.000432 0.995970 1.001083 0.003776 0.000651 0.003776 0.000187  -1  -1  -1 
2338.468417 0.000000 0.000000 0.995051 0.003776 0.000000 1.000432 0.995976 0.999508 0.003776 -0.000925 0.003776 0.000187  -1  -1  -1 
2338.470280 0.000000 0.000000 0.998936 0.003777 0.000000 1.000432 0.995987 1.003381 0.003777 0.002949 0.003777 0.000187  -1  -1  -1 
2338.471970 0.000000 0.000000 0.996806 0.003776 0.000000 1.000432 0.996002 1.001237 0.003776 0.000804 0.003776 0.000187  -1  -1  -1 
2338.473648 0.000000 0.000000 0.998791 0.003776 0.000000 1.000432 0.996018 1.003206 0.003776 0.002773 0.003776 0.000187  -1  -1  -1 
2338.475523 0.000000 0.000000 0.995936 0.003776 0.000000 1.000432 0.996037 1.000332 0.003776 -0.000101 0.003776 0.000187  -1  -1  -1 
2338.477190 0.000000 0.000000 0.993798 0.003775 0.000000 1.000432 0.996054 0.998177 0.003775 -0.002256 0.003775 0.000187  -1  -1  -1 
2338.478868 0.000000 0.000000 0.996991 0.003775 0.000000 1.000432 0.996070 1.001353 0.003775 0.000921 0.003775 0.000187  -1  -1  -1 
2338.480755 0.000000 0.000000 0.996285 0.003775 0.000000 1.000432 0.996088 1.000630 0.003775 0.000197 0.003775 0.000187  -1  -1  -1 
2338.482421 0.000000 0.000000 0.996840 0.003776 0.000000 1.000432 0.996100 1.001172 0.003776 0.000740 0.003776 0.000187  -1  -1  -1 
2338.484099 0.000000 0.000000 0.997666 0.003775 0.000000 1.000432 0.996110 1.001988 0.003775 0.001556 0.003775 0.000187  -1  -1  -1 
2338.485963 0.000000 0.000000 0.998624 0.003775 0.000000 1.000432 0.996117 1.002939 0.003775 0.002507 0.003775 0.000187  -1  -1  -1 
2338.487641 0.000000 0.000000 0.996943 0.003776 0.000000 1.000432 0.996119 1.001257 0.003776 0.000824 0.003776 0.000187  -1  -1  -1 
2338.489331 0.000000 0.000000 0.995445 0.003776 0.000000 1.000432 0.996116 0.999762 0.003776 -0.000671 0.003776 0.000187  -1  -1  -1 
2338.491194 0.000000 0.000000 0.997405 0.003776 0.000000 1.000432 0.996107 1.001731 0.003776 0.001298 0.003776 0.000187  -1  -1  -1 
2338.492872 0.000000 0.000000 0.999734 0.003777 0.000000 1.000432 0.996093 1.004073 0.003777 0.003641 0.003777 0.000187  -1  -1  -1 
2338.494562 0.000000 0.000000 0.994866 0.003776 0.000000 1.000432 0.996075 0.999223 0.003776 -0.001209 0.003776 0.000187  -1  -1  -1 
2338.496414 0.000000 0.000000 0.996227 0.003776 0.000000 1.000432 0.996049 1.000610 0.003776 0.000178 0.003776 0.000187  -1  -1  -1 
2338.498104 0.000000 0.000000 0.999206 0.003777 0.000000 1.000432 0.996020 1.003618 0.003777 0.003186 0.003777 0.000187  -1  -1  -1 
2338.499782 0.000000 0.000000 0.996351 0.003776 0.000000 1.000432 0.995987 1.000796 0.003776 0.000364 0.003776 0.000187  -1  -1  -1 
2338.501645 0.000000 0.000000 0.995040 0.003775 0.000000 1.000432 0.995946 0.999526 0.003775 -0.000906 0.003775 0.000187  -1  -1  -1 
2338.503335 0.000000 0.000000 0.996327 0.003775 0.000000 1.000432 0.995904 1.000855 0.003775 0.000423 0.003775 0.000187  -1  -1  -1 
2338.505013 0.000000 0.000000 0.992899 0.003775 0.000000 1.000432 0.995860 0.997472 0.003775 -0.002961 0.003775 0.000187  -1  -1  -1 
2338.506888 0.000000 0.000000 0.993448 0.003775 0.000000 1.000432 0.995806 0.998074 0.003775 -0.002358 0.003775 0.000187  -1  -1  -1 
2338.508578 0.000000 0.000000 0.993783 0.003775 0.000000 1.000432 0.995755 0.998460 0.003775 -0.001972 0.003775 0.000187  -1  -1  -1 
2338.510256 0.000000 0.000000 0.996979 0.003776 0.000000 1.000432 0.995701 1.001710 0.003776 0.001278 0.003776 0.000187  -1  -1  -1 
2338.512131 0.000000 0.000000 0.997401 0.003776 0.000000 1.000432 0.995637 1.002196 0.003776 0.001764 0.003776 0.000187  -1  -1  -1 
2338.513809 0.000000 0.000000 0.997225 0.003777 0.000000 1.000432 0.995576 1.002082 0.003777 0.001649 0.003777 0.000187  -1  -1  -1 
2338.515487 0.000000 0.000000 0.991767 0.003775 0.000000 1.000432 0.995510 0.996689 0.003775 -0.003743 0.003775 0.000187  -1  -1  -1 
2338.517351 0.000000 0.000000 0.999744 0.003778 0.000000 1.000432 0.995433 1.004743 0.003778 0.004311 0.003778 0.000187  -1  -1  -1 
2338.519041 0.000000 0.000000 0.996659 0.003777 0.000000 1.000432 0.995359 1.001732 0.003777 0.001300 0.003777 0.000187  -1  -1  -1 
2338.520719 0.000000 0.000000 0.994067 0.003777 0.000000 1.000432 0.995281 0.999218 0.003777 -0.001214 0.003777 0.000187  -1  -1  -1 
2338.522594 0.000000 0.000000 0.996694 0.003777 0.000000 1.000432 0.995189 1.001937 0.003777 0.001505 0.003777 0.000187  -1  -1  -1 
2338.524272 0.000000 0.000000 0.993927 0.003778 0.000000 1.000432 0.995103 0.999256 0.003778 -0.001176 0.003778 0.000187  -1  -1  -1 
2338.525962 0.000000 0.000000 0.997708 0.003778 0.000000 1.000432 0.995013 1.003128 0.003778 0.002695 0.003778 0.000187  -1  -1  -1 
2338.527837 0.000000 0.000000 0.998331 0.003778 0.000000 1.000432 0.994908 1.003855 0.003778 0.003423 0.003778 0.000187  -1  -1  -1 
2338.529526 0.000000 0.000000 0.997158 0.003778 0.000000 1.000432 0.994810 1.002780 0.003778 0.002348 0.003778 0.000187  -1  -1  -1 
2338.531205 0.000000 0.000000 0.995784 0.003778 0.000000 1.000432 0.994711 1.001506 0.003778 0.001073 0.003778 0.000187  -1  -1  -1 
2338.533068 0.000000 0.000000 0.994056 0.003777 0.000000 1.000432 0.994599 0.999890 0.003777 -0.000543 0.003777 0.000187  -1  -1  -1 
2338.534758 0.000000 0.000000 0.994156 0.003776 0.000000 1.000432 0.994497 1.000092 0.003776 -0.000341 0.003776 0.000187  -1  -1  -1 
2338.536436 0.000000 0.000000 0.990651 0.003776 0.000000 1.000432 0.994396 0.996687 0.003776 -0.003745 0.003776 0.000187  -1  -1  -1 
2338.539688 0.000000 0.000000 0.993951 0.003777 0.000000 1.000432 0.994206 1.000178 0.003777 -0.000255 0.003777 0.000187  -1  -1  -1 
2338.541343 0.000000 0.000000 0.997417 0.003780 0.000000 1.000432 0.994113 1.003737 0.003780 0.003304 0.003780 0.000187  -1  -1  -1 
2338.543207 0.000000 0.000000 0.992291 0.003777 0.000000 1.000432 0.994012 0.998711 0.003777 -0.001721 0.003777 0.000187  -1  -1  -1 
2338.544896 0.000000 0.000000 0.993011 0.003778 0.000000 1.000432 0.993925 0.999518 0.003778 -0.000914 0.003778 0.000187  -1  -1  -1 
2338.546575 0.000000 0.000000 0.992226 0.003777 0.000000 1.000432 0.993844 0.998815 0.003777 -0.001618 0.003777 0.000187  -1  -1  -1 
2338.548264 0.000000 0.000000 0.994840 0.003777 0.000000 1.000432 0.993767 1.001505 0.003777 0.001073 0.003777 0.000187  -1  -1  -1 
2338.549943 0.000000 0.000000 0.990687 0.003777 0.000000 1.000432 0.993698 0.997421 0.003777 -0.003011 0.003777 0.000187  -1  -1  -1 
2338.551818 0.000000 0.000000 0.990877 0.003776 0.000000 1.000432 0.993628 0.997681 0.003776 -0.002751 0.003776 0.000187  -1  -1  -1 
2338.553496 0.000000 0.000000 0.993316 0.003777 0.000000 1.000432 0.993573 1.000175 0.003777 -0.000257 0.003777 0.000187  -1  -1  -1 
2338.555174 0.000000 0.000000 0.993345 0.003777 0.000000 1.000432 0.993526 1.000252 0.003777 -0.000181 0.003777 0.000187  -1  -1  -1 
2338.556852 0.000000 0.000000 0.992585 0.003776 0.000000 1.000432 0.993485 0.999532 0.003776 -0.000900 0.003776 0.000187  -1  -1  -1 
2338.558530 0.000000 0.000000 0.989963 0.003776 0.000000 1.000432 0.993451 0.996944 0.003776 -0.003488 0.003776 0.000187  -1  -1  -1 
2338.560394 0.000000 0.000000 0.995545 0.003777 0.000000 1.000432 0.993422 1.002555 0.003777 0.002123 0.003777 0.000187  -1  -1  -1 
2338.562083 0.000000 0.000000 0.990408 0.003776 0.000000 1.000432 0.993403 0.997438 0.003776 -0.002995 0.003776 0.000187  -1  -1  -1 
2338.563762 0.000000 0.000000 0.992023 0.003776 0.000000 1.000432 0.993390 0.999065 0.003776 -0.001367 0.003776 0.000187  -1  -1  -1 
2338.565440 0.000000 0.000000 0.992108 0.003777 0.000000 1.000432 0.993383 0.999157 0.003777 -0.001275 0.003777 0.000187  -1  -1  -1 
2338.567303 0.000000 0.000000 0.993804 0.003777 0.000000 1.000432 0.993382 1.000855 0.003777 0.000422 0.003777 0.000187  -1  -1  -1 
2338.568993 0.000000 0.000000 0.995665 0.003778 0.000000 1.000432 0.993385 1.002712 0.003778 0.002280 0.003778 0.000187  -1  -1  -1 
2338.570671 0.000000 0.000000 0.997032 0.003778 0.000000 1.000432 0.993393 1.004072 0.003778 0.003639 0.003778 0.000187  -1  -1  -1 
2338.572349 0.000000 0.000000 0.990436 0.003777 0.000000 1.000432 0.993404 0.997465 0.003777 -0.002968 0.003777 0.000187  -1  -1  -1 
2338.574224 0.000000 0.000000 0.996738 0.003778 0.000000 1.000432 0.993420 1.003750 0.003778 0.003318 0.003778 0.000187  -1  -1  -1 
2338.575903 0.000000 0.000000 0.998885 0.003778 0.000000 1.000432 0.993438 1.005879 0.003778 0.005447 0.003778 0.000187  -1  -1  -1 
2338.577569 0.000000 0.000000 0.991767 0.003778 0.000000 1.000432 0.993460 0.998739 0.003778 -0.001693 0.003778 0.000187  -1  -1  -1 
2338.579444 0.000000 0.000000 0.991195 0.003776 0.000000 1.000432 0.993489 0.998138 0.003776 -0.002294 0.003776 0.000187  -1  -1  -1 
2338.581122 0.000000 0.000000 0.991363 0.003777 0.000000 1.000432 0.993521 0.998274 0.003777 -0.002158 0.003777 0.000187  -1  -1  -1 
2338.582812 0.000000 0.000000 0.995399 0.003777 0.000000 1.000432 0.993558 1.002273 0.003777 0.001841 0.003777 0.000187  -1  -1  -1 
2338.584490 0.000000 0.000000 0.996251 0.003778 0.000000 1.000432 0.993601 1.003082 0.003778 0.002650 0.003778 0.000187  -1  -1  -1 
2338.586354 0.000000 0.000000 0.996091 0.003778 0.000000 1.000432 0.993656 1.002867 0.003778 0.002435 0.003778 0.000187  -1  -1  -1 
2338.588032 0.000000 0.000000 0.994672 0.003778 0.000000 1.000432 0.993714 1.001390 0.003778 0.000958 0.003778 0.000187  -1  -1  -1 
2338.589710 0.000000 0.000000 0.992228 0.003776 0.000000 1.000432 0.993781 0.998879 0.003776 -0.001553 0.003776 0.000187  -1  -1  -1 
2338.591388 0.000000 0.000000 0.992065 0.003777 0.000000 1.000432 0.993860 0.998638 0.003777 -0.001795 0.003777 0.000187  -1  -1  -1 
2338.593263 0.000000 0.000000 0.991924 0.003777 0.000000 1.000432 0.993963 0.998394 0.003777 -0.002039 0.003777 0.000187  -1  -1  -1 
2338.594953 0.000000 0.000000 0.994993 0.003779 0.000000 1.000432 0.994072 1.001353 0.003779 0.000921 0.003779 0.000187  -1  -1  -1 
2338.596631 0.000000 0.000000 0.999954 0.003782 0.000000 1.000432 0.994200 1.006187 0.003782 0.005754 0.003782 0.000187  -1  -1  -1 
2338.598506 0.000000 0.000000 0.989756 0.003779 0.000000 1.000432 0.994370 0.995819 0.003779 -0.004614 0.003779 0.000187  -1  -1  -1 
2338.600184 0.000000 0.000000 0.993609 0.003781 0.000000 1.000432 0.994554 0.999488 0.003781 -0.000945 0.003781 0.000187  -1  -1  -1 
2338.601863 0.000000 0.000000 0.994091 0.003780 0.000000 1.000432 0.994780 0.999744 0.003780 -0.000689 0.003780 0.000187  -1  -1  -1 
2338.603726 0.000000 0.000000 0.994455 0.003781 0.000000 1.000432 0.995135 0.999752 0.003781 -0.000680 0.003781 0.000187  -1  -1  -1 
2338.605416 0.000000 0.000000 0.995270 0.003781 0.000000 1.000432 0.995657 1.000046 0.003781 -0.000387 0.003781 0.000187  -1  -1  -1 
2338.607094 0.000000 0.000000 0.992513 0.003780 0.000000 1.000432 0.996250 0.996696 0.003780 -0.003737 0.003780 0.000187  -1  -1  -1 
2338.608957 0.000000 0.000000 0.996194 0.003782 0.000000 1.000432 0.996933 0.999694 0.003782 -0.000739 0.003782 0.000187  -1  -1  -1 
2338.610635 0.000000 0.000000 0.995860 0.003782 0.000000 1.000432 0.997533 0.998759 0.003782 -0.001673 0.003782 0.000187  -1  -1  -1 
2338.612325 0.000000 0.000000 0.998877 0.003784 0.000000 1.000432 0.998095 1.001214 0.003784 0.000782 0.003784 0.000187  -1  -1  -1 
2338.614189 0.000000 0.000000 0.998488 0.003786 0.000000 1.000432 0.998637 1.000283 0.003786 -0.000149 0.003786 0.000187  -1  -1  -1 
2338.615867 0.000000 0.000000 0.998939 0.003786 0.000000 1.000432 0.999030 1.000342 0.003786 -0.000091 0.003786 0.000187  -1  -1  -1 
2338.617545 0.000000 0.000000 1.004705 0.003788 0.000000 1.000432 0.999306 1.005831 0.003788 0.005399 0.003788 0.000187  -1  -1  -1 
2338.619432 0.000000 0.000000 0.997228 0.003786 0.000000 1.000432 0.999435 0.998225 0.003786 -0.002207 0.003786 0.000187  -1  -1  -1 
2338.621121 0.000000 0.000000 1.000991 0.003787 0.000000 1.000432 0.999373 1.002050 0.003787 0.001618 0.003787 0.000187  -1  -1  -1 
2338.622799 0.000000 0.000000 1.002689 0.003789 0.000000 1.000432 0.999301 1.003820 0.003789 0.003388 0.003789 0.000187  -1  -1  -1 
2338.624663 0.000000 0.000000 0.998853 0.003789 0.000000 1.000432 0.999216 1.000069 0.003789 -0.000363 0.003789 0.000187  -1  -1  -1 
2338.626341 0.000000 0.000000 0.995179 0.003795 0.000000 1.000432 0.999137 0.996474 0.003795 -0.003958 0.003795 0.000187  -1  -1  -1 
2338.628204 0.000000 0.000000 0.999344 0.003798 0.000000 1.000432 0.999045 1.000731 0.003798 0.000299 0.003798 0.000187  -1  -1  -1 
2338.629894 0.000000 0.000000 1.007533 0.004158 0.000000 1.000432 0.998958 1.009008 0.004158 0.008575 0.004158 0.000187  -1  -1  -1 
2338.631584 0.000000 0.000000 0.997563 0.003799 0.000000 1.000432 0.998867 0.999129 0.003799 -0.001304 0.003799 0.000187  -1  -1  -1 
2338.655623 0.000000 0.000000 0.996086 0.003791 0.000000 1.000432 0.997358 0.999161 0.003791 -0.001272 0.003791 0.000187  -1  -1  -1 
2338.657498 0.000000 0.000000 0.995123 0.003791 0.000000 1.000432 0.997238 0.998317 0.003791 -0.002115 0.003791 0.000187  -1  -1  -1 
2338.659187 0.000000 0.000000 1.001106 0.003797 0.000000 1.000432 0.997132 1.004407 0.003797 0.003974 0.003797 0.000187  -1  -1  -1 
2338.660877 0.000000 0.000000 0.999376 0.003793 0.000000 1.000432 0.997027 1.002781 0.003793 0.002349 0.003793 0.000187  -1  -1  -1 
2338.662752 0.000000 0.000000 0.999373 0.003792 0.000000 1.000432 0.996913 1.002893 0.003792 0.002460 0.003792 0.000187  -1  -1  -1 
2338.664430 0.000000 0.000000 0.993939 0.003789 0.000000 1.000432 0.996813 0.997558 0.003789 -0.002874 0.003789 0.000187  -1  -1  -1 
2338.666305 0.000000 0.000000 0.997814 0.003790 0.000000 1.000432 0.996706 1.001540 0.003790 0.001108 0.003790 0.000187  -1  -1  -1 
2338.667983 0.000000 0.000000 0.997664 0.003790 0.000000 1.000432 0.996615 1.001481 0.003790 0.001049 0.003790 0.000187  -1  -1  -1 
2338.669662 0.000000 0.000000 0.993531 0.003791 0.000000 1.000432 0.996529 0.997434 0.003791 -0.002998 0.003791 0.000187  -1  -1  -1 
2338.671548 0.000000 0.000000 0.990886 0.003793 0.000000 1.000432 0.996439 0.994879 0.003793 -0.005553 0.003793 0.000187  -1  -1  -1 
2338.673226 0.000000 0.000000 0.998856 0.003794 0.000000 1.000432 0.996366 1.002922 0.003794 0.002490 0.003794 0.000187  -1  -1  -1 
2338.675101 0.000000 0.000000 0.993885 0.003794 0.000000 1.000432 0.996293 0.998024 0.003794 -0.002408 0.003794 0.000187  -1  -1  -1 
2338.676791 0.000000 0.000000 0.995856 0.003796 0.000000 1.000432 0.996234 1.000054 0.003796 -0.000378 0.003796 0.000187  -1  -1  -1 
2338.678469 0.000000 0.000000 0.994716 0.003799 0.000000 1.000432 0.996183 0.998965 0.003799 -0.001467 0.003799 0.000187  -1  -1  -1 
2338.680344 0.000000 0.000000 0.995035 0.003805 0.000000 1.000432 0.996134 0.999333 0.003805 -0.001099 0.003805 0.000187  -1  -1  -1 
2338.682011 0.000000 0.000000 0.993459 0.003811 0.000000 1.000432 0.996098 0.997793 0.003811 -0.002639 0.003811 0.000187  -1  -1  -1 
