# time Tc_folded Tref_folded value value_err offset model full_model val_compare val_compare_err residuals residuals_err jitter jitter_flag offset_flag subset_flag 
2276.259777 -0.042869 0.923970 0.992618 0.003890 0.000000 -0.008221 0.991991 -0.007594 0.003890 0.000627 0.003890 0.000947  -1  -1  -1 
2276.260388 -0.042258 0.924137 0.989771 0.003884 0.000000 -0.008259 0.991928 -0.010416 0.003884 -0.002157 0.003884 0.000947  -1  -1  -1 
2276.260997 -0.041649 0.924303 0.997810 0.003887 0.000000 -0.008296 0.991862 -0.002348 0.003887 0.005948 0.003887 0.000947  -1  -1  -1 
2276.261607 -0.041039 0.924470 0.990571 0.003889 0.000000 -0.008333 0.991791 -0.009552 0.003889 -0.001220 0.003889 0.000947  -1  -1  -1 
2276.262218 -0.040428 0.924637 0.989450 0.003881 0.000000 -0.008369 0.991740 -0.010659 0.003881 -0.002290 0.003881 0.000947  -1  -1  -1 
2276.262827 -0.039819 0.924803 0.984576 0.003878 0.000000 -0.008404 0.991737 -0.015565 0.003878 -0.007161 0.003878 0.000947  -1  -1  -1 
2276.263436 -0.039210 0.924969 0.993393 0.003878 0.000000 -0.008438 0.991793 -0.006839 0.003878 0.001600 0.003878 0.000947  -1  -1  -1 
2276.264055 -0.038591 0.925138 0.986077 0.003876 0.000000 -0.008473 0.991892 -0.014288 0.003876 -0.005815 0.003876 0.000947  -1  -1  -1 
2276.264664 -0.037982 0.925305 0.995460 0.003881 0.000000 -0.008506 0.992009 -0.005055 0.003881 0.003451 0.003881 0.000947  -1  -1  -1 
2276.265273 -0.037373 0.925471 0.998767 0.003877 0.000000 -0.008539 0.992103 -0.001875 0.003877 0.006664 0.003877 0.000947  -1  -1  -1 
2276.265886 -0.036760 0.925639 0.990844 0.003876 0.000000 -0.008571 0.992148 -0.009875 0.003876 -0.001304 0.003876 0.000947  -1  -1  -1 
2276.266495 -0.036151 0.925805 0.993171 0.003872 0.000000 -0.008603 0.992146 -0.007577 0.003872 0.001025 0.003872 0.000947  -1  -1  -1 
2276.267103 -0.035543 0.925971 0.997949 0.003877 0.000000 -0.008633 0.992093 -0.002778 0.003877 0.005856 0.003877 0.000947  -1  -1  -1 
2276.267760 -0.034886 0.926151 0.991412 0.003867 0.000000 -0.008666 0.991980 -0.009235 0.003867 -0.000568 0.003867 0.000947  -1  -1  -1 
2276.268405 -0.034241 0.926327 0.990644 0.003864 0.000000 -0.008698 0.991839 -0.009893 0.003864 -0.001195 0.003864 0.000947  -1  -1  -1 
2276.269013 -0.033633 0.926493 0.990353 0.003867 0.000000 -0.008727 0.991698 -0.010072 0.003867 -0.001345 0.003867 0.000947  -1  -1  -1 
2276.269623 -0.033023 0.926660 0.989129 0.003864 0.000000 -0.008755 0.991558 -0.011184 0.003864 -0.002429 0.003864 0.000947  -1  -1  -1 
2276.270232 -0.032414 0.926826 0.994679 0.003863 0.000000 -0.008783 0.991415 -0.005519 0.003863 0.003264 0.003863 0.000947  -1  -1  -1 
2276.270844 -0.031802 0.926993 0.995305 0.003865 0.000000 -0.008811 0.991251 -0.004757 0.003865 0.004054 0.003865 0.000947  -1  -1  -1 
2276.271454 -0.031192 0.927160 0.989826 0.003862 0.000000 -0.008837 0.991072 -0.010083 0.003862 -0.001246 0.003862 0.000947  -1  -1  -1 
2276.272062 -0.030584 0.927326 0.986835 0.003860 0.000000 -0.008864 0.990901 -0.012930 0.003860 -0.004066 0.003860 0.000947  -1  -1  -1 
2276.272673 -0.029973 0.927493 0.987021 0.003867 0.000000 -0.008889 0.990760 -0.012628 0.003867 -0.003739 0.003867 0.000947  -1  -1  -1 
2276.273283 -0.029363 0.927660 0.996874 0.003867 0.000000 -0.008914 0.990648 -0.002688 0.003867 0.006226 0.003867 0.000947  -1  -1  -1 
2276.273892 -0.028754 0.927826 0.984280 0.003859 0.000000 -0.008939 0.990557 -0.015216 0.003859 -0.006277 0.003859 0.000947  -1  -1  -1 
2276.274502 -0.028144 0.927993 0.990850 0.003866 0.000000 -0.008963 0.990503 -0.008616 0.003866 0.000347 0.003866 0.000947  -1  -1  -1 
2276.275113 -0.027533 0.928160 0.985832 0.003861 0.000000 -0.008987 0.990486 -0.013641 0.003861 -0.004654 0.003861 0.000947  -1  -1  -1 
2276.275722 -0.026924 0.928326 0.993716 0.003860 0.000000 -0.009009 0.990505 -0.005799 0.003860 0.003211 0.003860 0.000947  -1  -1  -1 
2276.276334 -0.026312 0.928493 0.987237 0.003862 0.000000 -0.009032 0.990547 -0.012342 0.003862 -0.003310 0.003862 0.000947  -1  -1  -1 
2276.277014 -0.025632 0.928679 0.990763 0.003858 0.000000 -0.009056 0.990619 -0.008912 0.003858 0.000144 0.003858 0.000947  -1  -1  -1 
2276.277659 -0.024987 0.928855 0.987366 0.003853 0.000000 -0.009079 0.990704 -0.012417 0.003853 -0.003338 0.003853 0.000947  -1  -1  -1 
2276.278274 -0.024372 0.929023 0.994830 0.003861 0.000000 -0.009100 0.990791 -0.005061 0.003861 0.004039 0.003861 0.000947  -1  -1  -1 
2276.278885 -0.023761 0.929190 0.990568 0.003856 0.000000 -0.009120 0.990867 -0.009418 0.003856 -0.000299 0.003856 0.000947  -1  -1  -1 
2276.279507 -0.023139 0.929360 0.985803 0.003852 0.000000 -0.009140 0.990931 -0.014268 0.003852 -0.005128 0.003852 0.000947  -1  -1  -1 
2276.280117 -0.022529 0.929527 1.001295 0.003859 0.000000 -0.009159 0.990978 0.001158 0.003859 0.010317 0.003859 0.000947  -1  -1  -1 
2276.280728 -0.021918 0.929694 0.989479 0.003854 0.000000 -0.009177 0.990991 -0.010689 0.003854 -0.001512 0.003854 0.000947  -1  -1  -1 
2276.281337 -0.021309 0.929860 0.989315 0.003856 0.000000 -0.009195 0.990994 -0.010874 0.003856 -0.001679 0.003856 0.000947  -1  -1  -1 
2276.281946 -0.020700 0.930027 0.991181 0.003849 0.000000 -0.009213 0.991012 -0.009044 0.003849 0.000169 0.003849 0.000947  -1  -1  -1 
2276.282555 -0.020091 0.930193 0.983078 0.003851 0.000000 -0.009230 0.991064 -0.017216 0.003851 -0.007986 0.003851 0.000947  -1  -1  -1 
2276.283165 -0.019481 0.930360 0.993625 0.003856 0.000000 -0.009246 0.991162 -0.006783 0.003856 0.002463 0.003856 0.000947  -1  -1  -1 
2276.283774 -0.018872 0.930526 0.992728 0.003854 0.000000 -0.009262 0.991283 -0.007817 0.003854 0.001445 0.003854 0.000947  -1  -1  -1 
2276.284386 -0.018260 0.930693 0.991489 0.003849 0.000000 -0.009277 0.991414 -0.009203 0.003849 0.000075 0.003849 0.000947  -1  -1  -1 
2276.284996 -0.017650 0.930860 0.989538 0.003853 0.000000 -0.009292 0.991553 -0.011307 0.003853 -0.002015 0.003853 0.000947  -1  -1  -1 
2276.285604 -0.017042 0.931026 0.995534 0.003855 0.000000 -0.009306 0.991693 -0.005466 0.003855 0.003841 0.003855 0.000947  -1  -1  -1 
2276.286212 -0.016434 0.931192 0.993585 0.003851 0.000000 -0.009320 0.991825 -0.007560 0.003851 0.001760 0.003851 0.000947  -1  -1  -1 
2276.286823 -0.015823 0.931359 0.990343 0.003849 0.000000 -0.009334 0.991952 -0.010943 0.003849 -0.001609 0.003849 0.000947  -1  -1  -1 
2276.287432 -0.015214 0.931526 0.988943 0.003846 0.000000 -0.009346 0.992086 -0.012489 0.003846 -0.003143 0.003846 0.000947  -1  -1  -1 
2276.288043 -0.014603 0.931693 0.990973 0.003845 0.000000 -0.009359 0.992223 -0.010609 0.003845 -0.001250 0.003845 0.000947  -1  -1  -1 
2276.288651 -0.013995 0.931859 1.002955 0.003853 0.000000 -0.009370 0.992336 0.001249 0.003853 0.010619 0.003853 0.000947  -1  -1  -1 
2276.289260 -0.013386 0.932025 0.992543 0.003848 0.000000 -0.009382 0.992389 -0.009228 0.003848 0.000154 0.003848 0.000947  -1  -1  -1 
2276.289873 -0.012773 0.932193 0.995508 0.003847 0.000000 -0.009392 0.992389 -0.006274 0.003847 0.003119 0.003847 0.000947  -1  -1  -1 
2276.290483 -0.012163 0.932359 0.994552 0.003845 0.000000 -0.009403 0.992346 -0.007196 0.003845 0.002206 0.003845 0.000947  -1  -1  -1 
2276.291093 -0.011553 0.932526 0.994083 0.003846 0.000000 -0.009412 0.992276 -0.007605 0.003846 0.001807 0.003846 0.000947  -1  -1  -1 
2276.291703 -0.010943 0.932693 0.991815 0.003846 0.000000 -0.009422 0.992204 -0.009811 0.003846 -0.000389 0.003846 0.000947  -1  -1  -1 
2276.292314 -0.010332 0.932859 0.987966 0.003839 0.000000 -0.009430 0.992161 -0.013626 0.003839 -0.004195 0.003839 0.000947  -1  -1  -1 
2276.292924 -0.009722 0.933026 0.988814 0.003842 0.000000 -0.009439 0.992169 -0.012794 0.003842 -0.003355 0.003842 0.000947  -1  -1  -1 
2276.293534 -0.009112 0.933193 0.991027 0.003843 0.000000 -0.009446 0.992224 -0.010643 0.003843 -0.001197 0.003843 0.000947  -1  -1  -1 
2276.294144 -0.008502 0.933359 0.994844 0.003843 0.000000 -0.009454 0.992296 -0.006905 0.003843 0.002548 0.003843 0.000947  -1  -1  -1 
2276.294753 -0.007893 0.933526 1.000263 0.003847 0.000000 -0.009460 0.992343 -0.001540 0.003847 0.007920 0.003847 0.000947  -1  -1  -1 
2276.295363 -0.007283 0.933693 0.991334 0.003844 0.000000 -0.009466 0.992337 -0.010470 0.003844 -0.001003 0.003844 0.000947  -1  -1  -1 
2276.295973 -0.006673 0.933859 0.996789 0.003845 0.000000 -0.009472 0.992280 -0.004963 0.003845 0.004509 0.003845 0.000947  -1  -1  -1 
2276.296582 -0.006064 0.934026 0.997503 0.003845 0.000000 -0.009477 0.992169 -0.004143 0.003845 0.005334 0.003845 0.000947  -1  -1  -1 
2276.297195 -0.005451 0.934193 0.992924 0.003846 0.000000 -0.009482 0.992016 -0.008574 0.003846 0.000908 0.003846 0.000947  -1  -1  -1 
2276.297803 -0.004843 0.934359 0.988872 0.003841 0.000000 -0.009486 0.991862 -0.012476 0.003841 -0.002990 0.003841 0.000947  -1  -1  -1 
2276.298413 -0.004233 0.934526 0.989940 0.003840 0.000000 -0.009490 0.991743 -0.011293 0.003840 -0.001803 0.003840 0.000947  -1  -1  -1 
2276.299023 -0.003623 0.934693 0.989564 0.003842 0.000000 -0.009493 0.991682 -0.011611 0.003842 -0.002118 0.003842 0.000947  -1  -1  -1 
2276.299632 -0.003014 0.934859 0.987102 0.003843 0.000000 -0.009496 0.991688 -0.014082 0.003843 -0.004586 0.003843 0.000947  -1  -1  -1 
2276.300240 -0.002406 0.935025 0.994475 0.003842 0.000000 -0.009498 0.991754 -0.006777 0.003842 0.002721 0.003842 0.000947  -1  -1  -1 
2276.300852 -0.001794 0.935192 0.989622 0.003841 0.000000 -0.009500 0.991857 -0.011735 0.003841 -0.002235 0.003841 0.000947  -1  -1  -1 
2276.301462 -0.001184 0.935359 0.995427 0.003846 0.000000 -0.009501 0.991975 -0.006049 0.003846 0.003452 0.003846 0.000947  -1  -1  -1 
2276.302070 -0.000576 0.935525 1.000012 0.003841 0.000000 -0.009502 0.992082 -0.001571 0.003841 0.007930 0.003841 0.000947  -1  -1  -1 
2276.302679 0.000033 0.935691 0.983743 0.003837 0.000000 -0.009502 0.992171 -0.017930 0.003837 -0.008428 0.003837 0.000947  -1  -1  -1 
2276.303311 0.000665 0.935864 0.991842 0.003835 0.000000 -0.009502 0.992266 -0.009925 0.003835 -0.000424 0.003835 0.000947  -1  -1  -1 
2276.303921 0.001275 0.936031 0.998205 0.003840 0.000000 -0.009501 0.992337 -0.003632 0.003840 0.005868 0.003840 0.000947  -1  -1  -1 
2276.304530 0.001884 0.936197 0.996608 0.003834 0.000000 -0.009500 0.992349 -0.005241 0.003834 0.004259 0.003834 0.000947  -1  -1  -1 
2276.305141 0.002495 0.936364 0.991645 0.003832 0.000000 -0.009498 0.992287 -0.010140 0.003832 -0.000642 0.003832 0.000947  -1  -1  -1 
2276.305751 0.003105 0.936531 1.002085 0.003836 0.000000 -0.009495 0.992147 0.000442 0.003836 0.009938 0.003836 0.000947  -1  -1  -1 
2276.306361 0.003715 0.936697 0.993945 0.003835 0.000000 -0.009493 0.991922 -0.007470 0.003835 0.002023 0.003835 0.000947  -1  -1  -1 
2276.306969 0.004323 0.936864 0.984434 0.003831 0.000000 -0.009489 0.991644 -0.016700 0.003831 -0.007210 0.003831 0.000947  -1  -1  -1 
2276.307578 0.004932 0.937030 0.995971 0.003835 0.000000 -0.009486 0.991344 -0.004859 0.003835 0.004627 0.003835 0.000947  -1  -1  -1 
2276.308190 0.005544 0.937197 0.989760 0.003833 0.000000 -0.009481 0.991017 -0.010738 0.003833 -0.001257 0.003833 0.000947  -1  -1  -1 
2276.308798 0.006152 0.937363 0.991920 0.003829 0.000000 -0.009477 0.990669 -0.008225 0.003829 0.001251 0.003829 0.000947  -1  -1  -1 
2276.309408 0.006762 0.937530 0.998512 0.003833 0.000000 -0.009471 0.990297 -0.001256 0.003833 0.008215 0.003833 0.000947  -1  -1  -1 
2276.310016 0.007370 0.937696 0.982556 0.003828 0.000000 -0.009465 0.989917 -0.016827 0.003828 -0.007361 0.003828 0.000947  -1  -1  -1 
2276.310624 0.007978 0.937862 0.985238 0.003827 0.000000 -0.009459 0.989579 -0.013800 0.003827 -0.004341 0.003827 0.000947  -1  -1  -1 
2276.311234 0.008588 0.938029 0.986627 0.003827 0.000000 -0.009452 0.989309 -0.012135 0.003827 -0.002682 0.003827 0.000947  -1  -1  -1 
2276.311846 0.009200 0.938196 0.982432 0.003827 0.000000 -0.009445 0.989113 -0.016126 0.003827 -0.006681 0.003827 0.000947  -1  -1  -1 
2276.312455 0.009809 0.938362 0.992361 0.003829 0.000000 -0.009437 0.988987 -0.006063 0.003829 0.003374 0.003829 0.000947  -1  -1  -1 
2276.313064 0.010418 0.938529 0.984986 0.003824 0.000000 -0.009429 0.988906 -0.013349 0.003824 -0.003920 0.003824 0.000947  -1  -1  -1 
2276.313674 0.011028 0.938695 0.986463 0.003821 0.000000 -0.009420 0.988868 -0.011825 0.003821 -0.002405 0.003821 0.000947  -1  -1  -1 
2276.314286 0.011640 0.938863 0.990278 0.003826 0.000000 -0.009411 0.988863 -0.007996 0.003826 0.001415 0.003826 0.000947  -1  -1  -1 
2276.314896 0.012250 0.939029 0.983738 0.003824 0.000000 -0.009401 0.988882 -0.014545 0.003824 -0.005144 0.003824 0.000947  -1  -1  -1 
2276.315518 0.012872 0.939199 0.990734 0.003825 0.000000 -0.009390 0.988927 -0.007584 0.003825 0.001807 0.003825 0.000947  -1  -1  -1 
2276.316127 0.013481 0.939366 0.986449 0.003824 0.000000 -0.009380 0.988985 -0.011916 0.003824 -0.002536 0.003824 0.000947  -1  -1  -1 
2276.316738 0.014092 0.939533 0.991281 0.003823 0.000000 -0.009368 0.989059 -0.007147 0.003823 0.002222 0.003823 0.000947  -1  -1  -1 
2276.317350 0.014704 0.939700 0.986192 0.003872 0.000000 -0.009356 0.989154 -0.012319 0.003872 -0.002962 0.003872 0.000947  -1  -1  -1 
2276.317960 0.015314 0.939867 0.986666 0.003822 0.000000 -0.009344 0.989291 -0.011969 0.003822 -0.002625 0.003822 0.000947  -1  -1  -1 
2276.318569 0.015923 0.940033 0.980609 0.003818 0.000000 -0.009331 0.989490 -0.018212 0.003818 -0.008881 0.003818 0.000947  -1  -1  -1 
2276.319178 0.016532 0.940199 0.988758 0.003824 0.000000 -0.009318 0.989756 -0.010316 0.003824 -0.000998 0.003824 0.000947  -1  -1  -1 
2276.319788 0.017142 0.940366 0.992542 0.003824 0.000000 -0.009304 0.990062 -0.006824 0.003824 0.002480 0.003824 0.000947  -1  -1  -1 
2276.321443 0.018797 0.940818 0.989325 0.003820 0.000000 -0.009263 0.990878 -0.010816 0.003820 -0.001553 0.003820 0.000947  -1  -1  -1 
2276.322054 0.019408 0.940985 0.996375 0.003822 0.000000 -0.009248 0.991136 -0.004009 0.003822 0.005239 0.003822 0.000947  -1  -1  -1 
2276.322663 0.020017 0.941151 0.990233 0.003821 0.000000 -0.009231 0.991346 -0.010344 0.003821 -0.001113 0.003821 0.000947  -1  -1  -1 
2276.323273 0.020627 0.941318 0.995646 0.003823 0.000000 -0.009214 0.991509 -0.005077 0.003823 0.004137 0.003823 0.000947  -1  -1  -1 
2276.323883 0.021237 0.941485 0.991826 0.003819 0.000000 -0.009197 0.991623 -0.008994 0.003819 0.000203 0.003819 0.000947  -1  -1  -1 
2276.324492 0.021846 0.941651 0.989518 0.003821 0.000000 -0.009179 0.991700 -0.011361 0.003821 -0.002182 0.003821 0.000947  -1  -1  -1 
2276.325102 0.022456 0.941818 0.996210 0.003819 0.000000 -0.009160 0.991748 -0.004698 0.003819 0.004462 0.003819 0.000947  -1  -1  -1 
2276.325710 0.023064 0.941984 0.992333 0.003819 0.000000 -0.009142 0.991762 -0.008570 0.003819 0.000571 0.003819 0.000947  -1  -1  -1 
2276.326318 0.023672 0.942150 0.987500 0.003816 0.000000 -0.009122 0.991751 -0.013373 0.003816 -0.004251 0.003816 0.000947  -1  -1  -1 
2276.326926 0.024280 0.942316 0.994965 0.003820 0.000000 -0.009102 0.991724 -0.005861 0.003820 0.003241 0.003820 0.000947  -1  -1  -1 
2276.327537 0.024891 0.942483 0.991081 0.003817 0.000000 -0.009081 0.991663 -0.009663 0.003817 -0.000582 0.003817 0.000947  -1  -1  -1 
2276.328146 0.025500 0.942650 0.997409 0.003821 0.000000 -0.009060 0.991557 -0.003208 0.003821 0.005852 0.003821 0.000947  -1  -1  -1 
2276.328756 0.026110 0.942816 0.993560 0.003816 0.000000 -0.009039 0.991393 -0.006872 0.003816 0.002167 0.003816 0.000947  -1  -1  -1 
2276.330586 0.027940 0.943316 0.986414 0.003815 0.000000 -0.008970 0.990743 -0.013299 0.003815 -0.004329 0.003815 0.000947  -1  -1  -1 
2276.331852 0.029206 0.943662 0.985588 0.003815 0.000000 -0.008920 0.990408 -0.013741 0.003815 -0.004820 0.003815 0.000947  -1  -1  -1 
2276.333072 0.030426 0.943995 0.987739 0.003819 0.000000 -0.008870 0.990265 -0.011396 0.003819 -0.002526 0.003819 0.000947  -1  -1  -1 
2276.335513 0.032867 0.944662 0.991314 0.003814 0.000000 -0.008762 0.990276 -0.007723 0.003814 0.001038 0.003814 0.000947  -1  -1  -1 
2276.336121 0.033475 0.944828 0.985338 0.003814 0.000000 -0.008733 0.990323 -0.013718 0.003814 -0.004985 0.003814 0.000947  -1  -1  -1 
2276.336733 0.034087 0.944996 0.985798 0.003814 0.000000 -0.008704 0.990414 -0.013320 0.003814 -0.004616 0.003814 0.000947  -1  -1  -1 
2276.337342 0.034696 0.945162 0.998668 0.003816 0.000000 -0.008675 0.990546 -0.000553 0.003816 0.008122 0.003816 0.000947  -1  -1  -1 
2276.337950 0.035304 0.945328 0.980159 0.003808 0.000000 -0.008645 0.990709 -0.019194 0.003808 -0.010550 0.003808 0.000947  -1  -1  -1 
2276.339169 0.036523 0.945661 0.988990 0.003811 0.000000 -0.008583 0.991185 -0.010777 0.003811 -0.002195 0.003811 0.000947  -1  -1  -1 
2276.339779 0.037133 0.945828 0.989306 0.003813 0.000000 -0.008551 0.991466 -0.010711 0.003813 -0.002160 0.003813 0.000947  -1  -1  -1 
2276.340389 0.037743 0.945995 0.998047 0.003813 0.000000 -0.008518 0.991742 -0.002213 0.003813 0.006305 0.003813 0.000947  -1  -1  -1 
2276.340998 0.038352 0.946161 0.998003 0.003816 0.000000 -0.008485 0.991976 -0.002458 0.003816 0.006027 0.003816 0.000947  -1  -1  -1 
2276.341605 0.038959 0.946327 0.988440 0.003810 0.000000 -0.008451 0.992168 -0.012179 0.003810 -0.003728 0.003810 0.000947  -1  -1  -1 
2276.342222 0.039576 0.946495 0.992325 0.003814 0.000000 -0.008417 0.992352 -0.008443 0.003814 -0.000027 0.003814 0.000947  -1  -1  -1 
2276.342833 0.040187 0.946662 0.992519 0.003815 0.000000 -0.008382 0.992537 -0.008399 0.003815 -0.000018 0.003815 0.000947  -1  -1  -1 
2276.343442 0.040796 0.946829 0.990377 0.003814 0.000000 -0.008346 0.992731 -0.010700 0.003814 -0.002354 0.003814 0.000947  -1  -1  -1 
2276.344052 0.041406 0.946995 0.994763 0.003813 0.000000 -0.008310 0.992937 -0.006484 0.003813 0.001826 0.003813 0.000947  -1  -1  -1 
2276.344662 0.042016 0.947162 0.991163 0.003812 0.000000 -0.008273 0.993146 -0.010256 0.003812 -0.001983 0.003812 0.000947  -1  -1  -1 
2276.345271 0.042625 0.947328 0.999913 0.003813 0.000000 -0.008235 0.993346 -0.001669 0.003813 0.006567 0.003813 0.000947  -1  -1  -1 
2276.345881 0.043235 0.947495 0.989323 0.003811 0.000000 -0.008197 0.993522 -0.012397 0.003811 -0.004199 0.003811 0.000947  -1  -1  -1 
2276.346491 0.043845 0.947662 0.998898 0.003816 0.000000 -0.008158 0.993676 -0.002936 0.003816 0.005222 0.003816 0.000947  -1  -1  -1 
2276.347102 0.044456 0.947829 0.996116 0.003813 0.000000 -0.008119 0.993792 -0.005794 0.003813 0.002324 0.003813 0.000947  -1  -1  -1 
2276.347710 0.045064 0.947995 0.998583 0.003812 0.000000 -0.008079 0.993867 -0.003363 0.003812 0.004716 0.003812 0.000947  -1  -1  -1 
2276.348320 0.045674 0.948162 0.992599 0.003808 0.000000 -0.008038 0.993913 -0.009352 0.003808 -0.001314 0.003808 0.000947  -1  -1  -1 
2276.348930 0.046284 0.948328 0.991689 0.003809 0.000000 -0.007997 0.993956 -0.010263 0.003809 -0.002267 0.003809 0.000947  -1  -1  -1 
2276.349538 0.046892 0.948494 0.996411 0.003810 0.000000 -0.007955 0.994009 -0.005552 0.003810 0.002402 0.003810 0.000947  -1  -1  -1 
2276.350147 0.047501 0.948661 0.992099 0.003810 0.000000 -0.007912 0.994068 -0.009881 0.003810 -0.001969 0.003810 0.000947  -1  -1  -1 
2276.350757 0.048111 0.948827 0.997288 0.003809 0.000000 -0.007868 0.994131 -0.004711 0.003809 0.003157 0.003809 0.000947  -1  -1  -1 
2276.351366 0.048720 0.948994 0.992879 0.003811 0.000000 -0.007824 0.994183 -0.009128 0.003811 -0.001304 0.003811 0.000947  -1  -1  -1 
2276.351977 0.049331 0.949161 0.995136 0.003809 0.000000 -0.007779 0.994212 -0.006855 0.003809 0.000924 0.003809 0.000947  -1  -1  -1 
2276.352587 0.049941 0.949327 1.003682 0.003811 0.000000 -0.007733 0.994195 0.001754 0.003811 0.009487 0.003811 0.000947  -1  -1  -1 
2276.353200 0.050554 0.949495 0.994752 0.003808 0.000000 -0.007686 0.994107 -0.007041 0.003808 0.000645 0.003808 0.000947  -1  -1  -1 
2276.353808 0.051162 0.949661 0.998722 0.003812 0.000000 -0.007639 0.993964 -0.002881 0.003812 0.004758 0.003812 0.000947  -1  -1  -1 
2276.354419 0.051773 0.949828 0.992174 0.003809 0.000000 -0.007591 0.993787 -0.009204 0.003809 -0.001613 0.003809 0.000947  -1  -1  -1 
2276.355028 0.052382 0.949994 0.991551 0.003805 0.000000 -0.007542 0.993611 -0.009603 0.003805 -0.002060 0.003805 0.000947  -1  -1  -1 
2276.355636 0.052990 0.950160 0.988449 0.003804 0.000000 -0.007493 0.993462 -0.012506 0.003804 -0.005013 0.003804 0.000947  -1  -1  -1 
2276.356245 0.053599 0.950327 0.995472 0.003806 0.000000 -0.007443 0.993343 -0.005314 0.003806 0.002129 0.003806 0.000947  -1  -1  -1 
2276.356855 0.054209 0.950493 0.998905 0.003807 0.000000 -0.007391 0.993233 -0.001719 0.003807 0.005672 0.003807 0.000947  -1  -1  -1 
2276.357464 0.054818 0.950660 0.990843 0.003807 0.000000 -0.007339 0.993120 -0.009617 0.003807 -0.002277 0.003807 0.000947  -1  -1  -1 
2276.358073 0.055427 0.950826 0.994233 0.003804 0.000000 -0.007287 0.993025 -0.006078 0.003804 0.001208 0.003804 0.000947  -1  -1  -1 
2276.358685 0.056039 0.950993 0.986648 0.003800 0.000000 -0.007233 0.992962 -0.013546 0.003800 -0.006314 0.003800 0.000947  -1  -1  -1 
2276.359295 0.056649 0.951160 0.993020 0.003803 0.000000 -0.007178 0.992949 -0.007107 0.003803 0.000071 0.003803 0.000947  -1  -1  -1 
2276.359904 0.057258 0.951327 0.989387 0.003802 0.000000 -0.007123 0.992977 -0.010713 0.003802 -0.003590 0.003802 0.000947  -1  -1  -1 
2276.360515 0.057869 0.951493 0.994756 0.003802 0.000000 -0.007066 0.993031 -0.005341 0.003802 0.001725 0.003802 0.000947  -1  -1  -1 
2276.361123 0.058477 0.951660 0.994171 0.003802 0.000000 -0.007009 0.993081 -0.005919 0.003802 0.001090 0.003802 0.000947  -1  -1  -1 
2276.361733 0.059087 0.951826 0.993584 0.003802 0.000000 -0.006951 0.993105 -0.006472 0.003802 0.000479 0.003802 0.000947  -1  -1  -1 
2276.362344 0.059698 0.951993 0.998864 0.003804 0.000000 -0.006891 0.993089 -0.001117 0.003804 0.005775 0.003804 0.000947  -1  -1  -1 
2276.362953 0.060307 0.952160 0.994053 0.003799 0.000000 -0.006831 0.993025 -0.005803 0.003799 0.001028 0.003799 0.000947  -1  -1  -1 
2276.363563 0.060917 0.952326 0.993808 0.003804 0.000000 -0.006770 0.992932 -0.005894 0.003804 0.000876 0.003804 0.000947  -1  -1  -1 
2276.364172 0.061526 0.952493 0.984839 0.003797 0.000000 -0.006708 0.992845 -0.014714 0.003797 -0.008006 0.003797 0.000947  -1  -1  -1 
2276.364781 0.062135 0.952659 0.994257 0.003802 0.000000 -0.006645 0.992795 -0.005183 0.003802 0.001462 0.003802 0.000947  -1  -1  -1 
2276.365390 0.062744 0.952825 0.989500 0.003801 0.000000 -0.006580 0.992784 -0.009865 0.003801 -0.003284 0.003801 0.000947  -1  -1  -1 
2276.365999 0.063353 0.952992 0.992049 0.003801 0.000000 -0.006515 0.992814 -0.007280 0.003801 -0.000765 0.003801 0.000947  -1  -1  -1 
2276.366615 0.063969 0.953160 0.992086 0.003798 0.000000 -0.006448 0.992881 -0.007242 0.003798 -0.000795 0.003798 0.000947  -1  -1  -1 
2276.367224 0.064578 0.953327 0.994329 0.003801 0.000000 -0.006380 0.992979 -0.005030 0.003801 0.001350 0.003801 0.000947  -1  -1  -1 
2276.367840 0.065194 0.953495 0.987510 0.003800 0.000000 -0.006310 0.993112 -0.011912 0.003800 -0.005602 0.003800 0.000947  -1  -1  -1 
2276.368448 0.065802 0.953661 0.989914 0.003799 0.000000 -0.006240 0.993286 -0.009612 0.003799 -0.003372 0.003799 0.000947  -1  -1  -1 
2276.369060 0.066414 0.953828 0.994125 0.003802 0.000000 -0.006168 0.993490 -0.005533 0.003802 0.000635 0.003802 0.000947  -1  -1  -1 
2276.369669 0.067023 0.953995 1.000082 0.003805 0.000000 -0.006095 0.993689 0.000299 0.003805 0.006393 0.003805 0.000947  -1  -1  -1 
2276.370279 0.067633 0.954161 0.988443 0.003796 0.000000 -0.006020 0.993862 -0.011439 0.003796 -0.005419 0.003796 0.000947  -1  -1  -1 
2276.370890 0.068244 0.954328 0.997923 0.003803 0.000000 -0.005944 0.994015 -0.002036 0.003803 0.003908 0.003803 0.000947  -1  -1  -1 
2276.371500 0.068854 0.954495 0.993977 0.003802 0.000000 -0.005867 0.994137 -0.006026 0.003802 -0.000160 0.003802 0.000947  -1  -1  -1 
2276.372121 0.069475 0.954664 0.997679 0.003799 0.000000 -0.005786 0.994228 -0.002335 0.003799 0.003451 0.003799 0.000947  -1  -1  -1 
2276.372730 0.070084 0.954831 0.992245 0.003801 0.000000 -0.005705 0.994291 -0.007751 0.003801 -0.002046 0.003801 0.000947  -1  -1  -1 
2276.373340 0.070694 0.954998 0.991928 0.003799 0.000000 -0.005622 0.994348 -0.008042 0.003799 -0.002420 0.003799 0.000947  -1  -1  -1 
2276.373952 0.071306 0.955165 0.993593 0.003805 0.000000 -0.005538 0.994409 -0.006353 0.003805 -0.000816 0.003805 0.000947  -1  -1  -1 
2276.374561 0.071915 0.955331 0.997242 0.003804 0.000000 -0.005451 0.994468 -0.002677 0.003804 0.002774 0.003804 0.000947  -1  -1  -1 
2276.375172 0.072526 0.955498 0.995311 0.003802 0.000000 -0.005362 0.994519 -0.004570 0.003802 0.000792 0.003802 0.000947  -1  -1  -1 
2276.375782 0.073136 0.955665 0.994382 0.003802 0.000000 -0.005271 0.994568 -0.005457 0.003802 -0.000186 0.003802 0.000947  -1  -1  -1 
2276.376390 0.073744 0.955831 0.993164 0.003800 0.000000 -0.005178 0.994635 -0.006648 0.003800 -0.001471 0.003800 0.000947  -1  -1  -1 
2276.376999 0.074353 0.955997 0.988800 0.003801 0.000000 -0.005082 0.994738 -0.011020 0.003801 -0.005938 0.003801 0.000947  -1  -1  -1 
2276.377621 0.074975 0.956167 0.994471 0.003803 0.000000 -0.004980 0.994893 -0.005402 0.003803 -0.000422 0.003803 0.000947  -1  -1  -1 
2276.378229 0.075583 0.956333 0.994102 0.003803 0.000000 -0.004878 0.995077 -0.005853 0.003803 -0.000975 0.003803 0.000947  -1  -1  -1 
2276.378839 0.076193 0.956500 1.001370 0.003805 0.000000 -0.004772 0.995272 0.001326 0.003805 0.006098 0.003805 0.000947  -1  -1  -1 
2276.379449 0.076803 0.956667 0.993064 0.003801 0.000000 -0.004661 0.995464 -0.007061 0.003801 -0.002400 0.003801 0.000947  -1  -1  -1 
2276.380057 0.077411 0.956833 0.994153 0.003804 0.000000 -0.004546 0.995665 -0.006058 0.003804 -0.001512 0.003804 0.000947  -1  -1  -1 
2276.380667 0.078021 0.956999 0.996595 0.003804 0.000000 -0.004423 0.995886 -0.003714 0.003804 0.000709 0.003804 0.000947  -1  -1  -1 
2276.381280 0.078634 0.957167 0.993585 0.003804 0.000000 -0.004275 0.996145 -0.006835 0.003804 -0.002560 0.003804 0.000947  -1  -1  -1 
2276.383004 0.080358 0.957638 0.998385 0.003807 0.000000 -0.003772 0.996982 -0.002369 0.003807 0.001403 0.003807 0.000947  -1  -1  -1 
2276.383620 0.080974 0.957806 0.999060 0.003809 0.000000 -0.003577 0.997254 -0.001771 0.003809 0.001806 0.003809 0.000947  -1  -1  -1 
2276.384228 0.081582 0.957972 0.998481 0.003810 0.000000 -0.003380 0.997481 -0.002380 0.003810 0.001000 0.003810 0.000947  -1  -1  -1 
2276.384838 0.082192 0.958139 1.003414 0.003812 0.000000 -0.003181 0.997654 0.002579 0.003812 0.005760 0.003812 0.000947  -1  -1  -1 
2276.385448 0.082802 0.958306 1.003190 0.003813 0.000000 -0.002980 0.997766 0.002444 0.003813 0.005424 0.003813 0.000947  -1  -1  -1 
2276.386059 0.083413 0.958473 0.994182 0.003808 0.000000 -0.002779 0.997841 -0.006438 0.003808 -0.003659 0.003808 0.000947  -1  -1  -1 
2276.386669 0.084023 0.958639 0.991326 0.003810 0.000000 -0.002579 0.997927 -0.009180 0.003810 -0.006601 0.003810 0.000947  -1  -1  -1 
2276.387278 0.084632 0.958806 1.001323 0.003813 0.000000 -0.002382 0.998050 0.000891 0.003813 0.003273 0.003813 0.000947  -1  -1  -1 
2276.387888 0.085242 0.958972 0.992782 0.003808 0.000000 -0.002187 0.998208 -0.007613 0.003808 -0.005426 0.003808 0.000947  -1  -1  -1 
2276.388497 0.085851 0.959139 1.000349 0.003814 0.000000 -0.001997 0.998400 -0.000047 0.003814 0.001949 0.003814 0.000947  -1  -1  -1 
2276.389107 0.086461 0.959305 0.998082 0.003809 0.000000 -0.001810 0.998611 -0.002338 0.003809 -0.000529 0.003809 0.000947  -1  -1  -1 
2276.389716 0.087070 0.959472 0.998734 0.003816 0.000000 -0.001629 0.998829 -0.001724 0.003816 -0.000095 0.003816 0.000947  -1  -1  -1 
2276.390327 0.087681 0.959639 1.002516 0.003814 0.000000 -0.001453 0.999048 0.002016 0.003814 0.003468 0.003814 0.000947  -1  -1  -1 
2276.390937 0.088291 0.959805 0.995015 0.003814 0.000000 -0.001283 0.999258 -0.005527 0.003814 -0.004243 0.003814 0.000947  -1  -1  -1 
2276.391547 0.088901 0.959972 1.003058 0.003817 0.000000 -0.001121 0.999467 0.002469 0.003817 0.003591 0.003817 0.000947  -1  -1  -1 
2276.392157 0.089511 0.960139 0.997826 0.003816 0.000000 -0.000967 0.999667 -0.002809 0.003816 -0.001841 0.003816 0.000947  -1  -1  -1 
2276.392766 0.090120 0.960305 1.003488 0.003819 0.000000 -0.000821 0.999860 0.002806 0.003819 0.003628 0.003819 0.000947  -1  -1  -1 
2276.393374 0.090728 0.960471 0.999975 0.003816 0.000000 -0.000685 1.000046 -0.000756 0.003816 -0.000071 0.003816 0.000947  -1  -1  -1 
2276.393982 0.091336 0.960637 0.996101 0.003813 0.000000 -0.000558 1.000242 -0.004700 0.003813 -0.004141 0.003813 0.000947  -1  -1  -1 
2276.394593 0.091947 0.960804 0.997220 0.003814 0.000000 -0.000442 1.000465 -0.003687 0.003814 -0.003245 0.003814 0.000947  -1  -1  -1 
2276.395202 0.092556 0.960971 1.002178 0.003820 0.000000 -0.000336 1.000705 0.001137 0.003820 0.001473 0.003820 0.000947  -1  -1  -1 
2276.395816 0.093170 0.961138 1.007418 0.003820 0.000000 -0.000242 1.000935 0.006241 0.003820 0.006483 0.003820 0.000947  -1  -1  -1 
2276.396426 0.093780 0.961305 1.003513 0.003823 0.000000 -0.000161 1.001133 0.002219 0.003823 0.002380 0.003823 0.000947  -1  -1  -1 
2276.397035 0.094389 0.961472 0.999706 0.003816 0.000000 -0.000094 1.001315 -0.001703 0.003816 -0.001609 0.003816 0.000947  -1  -1  -1 
2276.397645 0.094999 0.961638 0.994445 0.003816 0.000000 -0.000042 1.001508 -0.007105 0.003816 -0.007063 0.003816 0.000947  -1  -1  -1 
2276.398254 0.095608 0.961805 1.001823 0.003822 0.000000 -0.000008 1.001722 0.000092 0.003822 0.000101 0.003822 0.000947  -1  -1  -1 
2276.398862 0.096216 0.961971 1.006298 0.003824 0.000000 0.000000 1.001923 0.004375 0.003824 0.004375 0.003824 0.000947  -1  -1  -1 
2276.399472 0.096826 0.962137 1.002021 0.003817 0.000000 0.000000 1.002092 -0.000071 0.003817 -0.000071 0.003817 0.000947  -1  -1  -1 
2276.400081 0.097435 0.962304 1.008178 0.003827 0.000000 0.000000 1.002213 0.005965 0.003827 0.005965 0.003827 0.000947  -1  -1  -1 
2276.400689 0.098043 0.962470 1.007842 0.003823 0.000000 0.000000 1.002262 0.005580 0.003823 0.005580 0.003823 0.000947  -1  -1  -1 
2276.401298 0.098652 0.962636 1.008348 0.003830 0.000000 0.000000 1.002235 0.006113 0.003830 0.006113 0.003830 0.000947  -1  -1  -1 
2276.401908 0.099262 0.962803 0.999987 0.003821 0.000000 0.000000 1.002152 -0.002165 0.003821 -0.002165 0.003821 0.000947  -1  -1  -1 
2276.402516 0.099870 0.962969 0.998321 0.003823 0.000000 0.000000 1.002059 -0.003738 0.003823 -0.003738 0.003823 0.000947  -1  -1  -1 
2276.403127 0.100481 0.963136 1.000659 0.003821 0.000000 0.000000 1.001978 -0.001319 0.003821 -0.001319 0.003821 0.000947  -1  -1  -1 
2276.403739 0.101093 0.963303 1.010308 0.003827 0.000000 0.000000 1.001902 0.008406 0.003827 0.008406 0.003827 0.000947  -1  -1  -1 
2276.404361 0.101715 0.963473 1.001066 0.003823 0.000000 0.000000 1.001814 -0.000748 0.003823 -0.000748 0.003823 0.000947  -1  -1  -1 
2276.404971 0.102325 0.963640 0.999205 0.003824 0.000000 0.000000 1.001735 -0.002530 0.003824 -0.002530 0.003824 0.000947  -1  -1  -1 
2276.405580 0.102934 0.963806 1.002806 0.003826 0.000000 0.000000 1.001681 0.001125 0.003826 0.001125 0.003826 0.000947  -1  -1  -1 
2276.406195 0.103549 0.963974 1.001657 0.003826 0.000000 0.000000 1.001648 0.000009 0.003826 0.000009 0.003826 0.000947  -1  -1  -1 
2276.406806 0.104160 0.964141 0.999992 0.003823 0.000000 0.000000 1.001637 -0.001645 0.003823 -0.001645 0.003823 0.000947  -1  -1  -1 
2276.407418 0.104772 0.964308 1.000271 0.003825 0.000000 0.000000 1.001640 -0.001369 0.003825 -0.001369 0.003825 0.000947  -1  -1  -1 
2276.408035 0.105389 0.964477 1.005199 0.003827 0.000000 0.000000 1.001637 0.003562 0.003827 0.003562 0.003827 0.000947  -1  -1  -1 
2276.408643 0.105997 0.964643 1.007630 0.003830 0.000000 0.000000 1.001594 0.006036 0.003830 0.006036 0.003830 0.000947  -1  -1  -1 
2276.409252 0.106606 0.964809 1.000897 0.003826 0.000000 0.000000 1.001491 -0.000594 0.003826 -0.000594 0.003826 0.000947  -1  -1  -1 
2276.409860 0.107214 0.964976 1.009495 0.003826 0.000000 0.000000 1.001333 0.008162 0.003826 0.008162 0.003826 0.000947  -1  -1  -1 
2276.410471 0.107825 0.965143 0.996438 0.003826 0.000000 0.000000 1.001122 -0.004684 0.003826 -0.004684 0.003826 0.000947  -1  -1  -1 
2276.411080 0.108434 0.965309 1.003896 0.003826 0.000000 0.000000 1.000890 0.003006 0.003826 0.003006 0.003826 0.000947  -1  -1  -1 
2276.411691 0.109045 0.965476 0.997713 0.003833 0.000000 0.000000 1.000650 -0.002937 0.003833 -0.002937 0.003833 0.000947  -1  -1  -1 
2276.412303 0.109657 0.965643 1.001106 0.003833 0.000000 0.000000 1.000417 0.000689 0.003833 0.000689 0.003833 0.000947  -1  -1  -1 
2276.412911 0.110265 0.965809 1.001128 0.003829 0.000000 0.000000 1.000197 0.000931 0.003829 0.000931 0.003829 0.000947  -1  -1  -1 
2276.413521 0.110875 0.965976 1.001411 0.003827 0.000000 0.000000 0.999995 0.001416 0.003827 0.001416 0.003827 0.000947  -1  -1  -1 
2276.414132 0.111486 0.966143 0.993988 0.003825 0.000000 0.000000 0.999827 -0.005839 0.003825 -0.005839 0.003825 0.000947  -1  -1  -1 
2276.414742 0.112096 0.966309 0.999865 0.003829 0.000000 0.000000 0.999720 0.000145 0.003829 0.000145 0.003829 0.000947  -1  -1  -1 
2276.415352 0.112706 0.966476 0.992584 0.003826 0.000000 0.000000 0.999680 -0.007096 0.003826 -0.007096 0.003826 0.000947  -1  -1  -1 
2276.415961 0.113315 0.966643 0.999825 0.003828 0.000000 0.000000 0.999708 0.000117 0.003828 0.000117 0.003828 0.000947  -1  -1  -1 
2276.416572 0.113926 0.966809 1.000020 0.003833 0.000000 0.000000 0.999780 0.000240 0.003833 0.000240 0.003833 0.000947  -1  -1  -1 
2276.417181 0.114535 0.966976 0.996974 0.003828 0.000000 0.000000 0.999873 -0.002899 0.003828 -0.002899 0.003828 0.000947  -1  -1  -1 
2276.417789 0.115143 0.967142 1.005098 0.003830 0.000000 0.000000 0.999966 0.005132 0.003830 0.005132 0.003830 0.000947  -1  -1  -1 
2276.418400 0.115754 0.967309 0.997505 0.003833 0.000000 0.000000 1.000035 -0.002530 0.003833 -0.002530 0.003833 0.000947  -1  -1  -1 
2276.419009 0.116363 0.967475 1.005819 0.003831 0.000000 0.000000 1.000070 0.005749 0.003831 0.005749 0.003831 0.000947  -1  -1  -1 
2276.419618 0.116972 0.967642 1.000910 0.003831 0.000000 0.000000 1.000063 0.000847 0.003831 0.000847 0.003831 0.000947  -1  -1  -1 
2276.420229 0.117583 0.967809 0.995780 0.003830 0.000000 0.000000 1.000028 -0.004248 0.003830 -0.004248 0.003830 0.000947  -1  -1  -1 
2276.420838 0.118192 0.967975 1.001505 0.003831 0.000000 0.000000 0.999983 0.001522 0.003831 0.001522 0.003831 0.000947  -1  -1  -1 
2276.421447 0.118801 0.968141 1.002441 0.003830 0.000000 0.000000 0.999926 0.002515 0.003830 0.002515 0.003830 0.000947  -1  -1  -1 
2276.422071 0.119425 0.968312 0.997328 0.003826 0.000000 0.000000 0.999862 -0.002534 0.003826 -0.002534 0.003826 0.000947  -1  -1  -1 
2276.422680 0.120034 0.968478 0.998494 0.003825 0.000000 0.000000 0.999811 -0.001317 0.003825 -0.001317 0.003825 0.000947  -1  -1  -1 
2276.423291 0.120645 0.968645 0.996299 0.003830 0.000000 0.000000 0.999781 -0.003482 0.003830 -0.003482 0.003830 0.000947  -1  -1  -1 
2276.423900 0.121254 0.968812 0.997117 0.003831 0.000000 0.000000 0.999772 -0.002655 0.003831 -0.002655 0.003831 0.000947  -1  -1  -1 
2276.424509 0.121863 0.968978 1.003476 0.003832 0.000000 0.000000 0.999767 0.003709 0.003832 0.003709 0.003832 0.000947  -1  -1  -1 
2276.425128 0.122482 0.969147 1.004049 0.003832 0.000000 0.000000 0.999734 0.004315 0.003832 0.004315 0.003832 0.000947  -1  -1  -1 
2276.425738 0.123092 0.969314 0.995707 0.003832 0.000000 0.000000 0.999667 -0.003960 0.003832 -0.003960 0.003832 0.000947  -1  -1  -1 
2276.426359 0.123713 0.969483 1.001793 0.003828 0.000000 0.000000 0.999575 0.002218 0.003828 0.002218 0.003828 0.000947  -1  -1  -1 
2276.426967 0.124321 0.969650 1.000484 0.003830 0.000000 0.000000 0.999464 0.001020 0.003830 0.001020 0.003830 0.000947  -1  -1  -1 
2276.427576 0.124930 0.969816 0.995438 0.003827 0.000000 0.000000 0.999339 -0.003901 0.003827 -0.003901 0.003827 0.000947  -1  -1  -1 
2276.428187 0.125541 0.969983 1.001740 0.003826 0.000000 0.000000 0.999214 0.002526 0.003826 0.002526 0.003826 0.000947  -1  -1  -1 
2276.428796 0.126150 0.970149 0.997867 0.003827 0.000000 0.000000 0.999095 -0.001228 0.003827 -0.001228 0.003827 0.000947  -1  -1  -1 
2276.429405 0.126759 0.970316 0.993683 0.003827 0.000000 0.000000 0.998995 -0.005312 0.003827 -0.005312 0.003827 0.000947  -1  -1  -1 
2276.430016 0.127370 0.970483 1.001424 0.003826 0.000000 0.000000 0.998930 0.002494 0.003826 0.002494 0.003826 0.000947  -1  -1  -1 
2276.430624 0.127978 0.970649 0.996143 0.003826 0.000000 0.000000 0.998898 -0.002755 0.003826 -0.002755 0.003826 0.000947  -1  -1  -1 
2276.431235 0.128589 0.970816 0.996153 0.003827 0.000000 0.000000 0.998911 -0.002758 0.003827 -0.002758 0.003827 0.000947  -1  -1  -1 
2276.431847 0.129201 0.970983 0.995382 0.003827 0.000000 0.000000 0.998979 -0.003597 0.003827 -0.003597 0.003827 0.000947  -1  -1  -1 
2276.432460 0.129814 0.971150 0.996011 0.003828 0.000000 0.000000 0.999105 -0.003094 0.003828 -0.003094 0.003828 0.000947  -1  -1  -1 
2276.433069 0.130423 0.971317 0.997379 0.003827 0.000000 0.000000 0.999275 -0.001896 0.003827 -0.001896 0.003827 0.000947  -1  -1  -1 
2276.433678 0.131032 0.971483 1.001161 0.003828 0.000000 0.000000 0.999467 0.001694 0.003828 0.001694 0.003828 0.000947  -1  -1  -1 
2276.434287 0.131641 0.971650 1.002971 0.003830 0.000000 0.000000 0.999653 0.003318 0.003830 0.003318 0.003830 0.000947  -1  -1  -1 
2276.434897 0.132251 0.971816 0.997412 0.003826 0.000000 0.000000 0.999821 -0.002409 0.003826 -0.002409 0.003826 0.000947  -1  -1  -1 
2276.435508 0.132862 0.971983 0.998979 0.003826 0.000000 0.000000 0.999975 -0.000996 0.003826 -0.000996 0.003826 0.000947  -1  -1  -1 
2276.436123 0.133477 0.972151 1.003717 0.003831 0.000000 0.000000 1.000110 0.003607 0.003831 0.003607 0.003831 0.000947  -1  -1  -1 
2276.436732 0.134086 0.972318 0.998466 0.003828 0.000000 0.000000 1.000215 -0.001749 0.003828 -0.001749 0.003828 0.000947  -1  -1  -1 
2276.437343 0.134697 0.972485 0.999419 0.003828 0.000000 0.000000 1.000294 -0.000875 0.003828 -0.000875 0.003828 0.000947  -1  -1  -1 
2276.437956 0.135310 0.972652 1.004773 0.003833 0.000000 0.000000 1.000342 0.004431 0.003833 0.004431 0.003833 0.000947  -1  -1  -1 
2276.438574 0.135928 0.972821 1.001375 0.003832 0.000000 0.000000 1.000347 0.001028 0.003832 0.001028 0.003832 0.000947  -1  -1  -1 
2276.439185 0.136539 0.972988 0.998783 0.003827 0.000000 0.000000 1.000317 -0.001534 0.003827 -0.001534 0.003827 0.000947  -1  -1  -1 
2276.439795 0.137149 0.973155 1.004786 0.003834 0.000000 0.000000 1.000263 0.004523 0.003834 0.004523 0.003834 0.000947  -1  -1  -1 
2276.440403 0.137757 0.973321 0.996089 0.003830 0.000000 0.000000 1.000194 -0.004105 0.003830 -0.004105 0.003830 0.000947  -1  -1  -1 
2276.441014 0.138368 0.973488 0.996056 0.003826 0.000000 0.000000 1.000131 -0.004075 0.003826 -0.004075 0.003826 0.000947  -1  -1  -1 
2276.441623 0.138977 0.973654 1.002790 0.003832 0.000000 0.000000 1.000077 0.002713 0.003832 0.002713 0.003832 0.000947  -1  -1  -1 
2276.442231 0.139585 0.973820 0.999729 0.003833 0.000000 0.000000 1.000013 -0.000284 0.003833 -0.000284 0.003833 0.000947  -1  -1  -1 
2276.442841 0.140195 0.973987 1.004074 0.003830 0.000000 0.000000 0.999927 0.004147 0.003830 0.004147 0.003830 0.000947  -1  -1  -1 
2276.444377 0.141731 0.974406 0.996081 0.003828 0.000000 0.000000 0.999638 -0.003557 0.003828 -0.003557 0.003828 0.000947  -1  -1  -1 
2276.444988 0.142342 0.974573 1.001066 0.003827 0.000000 0.000000 0.999543 0.001523 0.003827 0.001523 0.003827 0.000947  -1  -1  -1 
2276.445599 0.142953 0.974740 0.997350 0.003832 0.000000 0.000000 0.999480 -0.002130 0.003832 -0.002130 0.003832 0.000947  -1  -1  -1 
2276.446218 0.143572 0.974909 0.994682 0.003827 0.000000 0.000000 0.999467 -0.004785 0.003827 -0.004785 0.003827 0.000947  -1  -1  -1 
2276.446833 0.144187 0.975077 1.000167 0.003827 0.000000 0.000000 0.999519 0.000648 0.003827 0.000648 0.003827 0.000947  -1  -1  -1 
2276.447443 0.144797 0.975244 0.995132 0.003827 0.000000 0.000000 0.999631 -0.004499 0.003827 -0.004499 0.003827 0.000947  -1  -1  -1 
2276.448052 0.145406 0.975410 0.991864 0.003827 0.000000 0.000000 0.999807 -0.007943 0.003827 -0.007943 0.003827 0.000947  -1  -1  -1 
2276.448663 0.146017 0.975577 1.005204 0.003833 0.000000 0.000000 1.000026 0.005178 0.003833 0.005178 0.003833 0.000947  -1  -1  -1 
2276.449272 0.146626 0.975744 1.003876 0.003828 0.000000 0.000000 1.000233 0.003643 0.003828 0.003643 0.003828 0.000947  -1  -1  -1 
2276.449880 0.147234 0.975910 1.002125 0.003829 0.000000 0.000000 1.000398 0.001727 0.003829 0.001727 0.003829 0.000947  -1  -1  -1 
2276.450489 0.147843 0.976076 1.004969 0.003833 0.000000 0.000000 1.000513 0.004456 0.003833 0.004456 0.003833 0.000947  -1  -1  -1 
2276.451098 0.148452 0.976243 1.001698 0.003830 0.000000 0.000000 1.000581 0.001117 0.003830 0.001117 0.003830 0.000947  -1  -1  -1 
2276.451709 0.149063 0.976410 0.995935 0.003831 0.000000 0.000000 1.000630 -0.004695 0.003831 -0.004695 0.003831 0.000947  -1  -1  -1 
2276.452318 0.149672 0.976576 0.998011 0.003834 0.000000 0.000000 1.000685 -0.002674 0.003834 -0.002674 0.003834 0.000947  -1  -1  -1 
2276.452927 0.150281 0.976742 1.002590 0.003829 0.000000 0.000000 1.000746 0.001844 0.003829 0.001844 0.003829 0.000947  -1  -1  -1 
2276.453562 0.150916 0.976916 1.003172 0.003828 0.000000 0.000000 1.000793 0.002379 0.003828 0.002379 0.003828 0.000947  -1  -1  -1 
2276.454173 0.151527 0.977083 1.005676 0.003833 0.000000 0.000000 1.000809 0.004867 0.003833 0.004867 0.003833 0.000947  -1  -1  -1 
2276.454782 0.152136 0.977249 0.997969 0.003830 0.000000 0.000000 1.000797 -0.002828 0.003830 -0.002828 0.003830 0.000947  -1  -1  -1 
2276.455390 0.152744 0.977415 1.002092 0.003832 0.000000 0.000000 1.000775 0.001317 0.003832 0.001317 0.003832 0.000947  -1  -1  -1 
2276.456005 0.153359 0.977583 1.000082 0.003828 0.000000 0.000000 1.000755 -0.000673 0.003828 -0.000673 0.003828 0.000947  -1  -1  -1 
2276.456620 0.153974 0.977751 0.999202 0.003826 0.000000 0.000000 1.000746 -0.001544 0.003826 -0.001544 0.003826 0.000947  -1  -1  -1 
2276.457234 0.154588 0.977919 0.999742 0.003827 0.000000 0.000000 1.000755 -0.001013 0.003827 -0.001013 0.003827 0.000947  -1  -1  -1 
2276.457843 0.155197 0.978086 1.002473 0.003829 0.000000 0.000000 1.000776 0.001697 0.003829 0.001697 0.003829 0.000947  -1  -1  -1 
2276.458454 0.155808 0.978253 0.999830 0.003826 0.000000 0.000000 1.000800 -0.000970 0.003826 -0.000970 0.003826 0.000947  -1  -1  -1 
2276.459062 0.156416 0.978419 0.999487 0.003828 0.000000 0.000000 1.000821 -0.001334 0.003828 -0.001334 0.003828 0.000947  -1  -1  -1 
2276.459672 0.157026 0.978585 1.005946 0.003832 0.000000 0.000000 1.000826 0.005120 0.003832 0.005120 0.003832 0.000947  -1  -1  -1 
2276.460284 0.157638 0.978753 1.001998 0.003829 0.000000 0.000000 1.000796 0.001202 0.003829 0.001202 0.003829 0.000947  -1  -1  -1 
2276.460894 0.158248 0.978919 1.000543 0.003827 0.000000 0.000000 1.000732 -0.000189 0.003827 -0.000189 0.003827 0.000947  -1  -1  -1 
2276.461504 0.158858 0.979086 1.003268 0.003827 0.000000 0.000000 1.000643 0.002625 0.003827 0.002625 0.003827 0.000947  -1  -1  -1 
2276.462114 0.159468 0.979253 1.001360 0.003828 0.000000 0.000000 1.000533 0.000827 0.003828 0.000827 0.003828 0.000947  -1  -1  -1 
2276.462723 0.160077 0.979419 0.999581 0.003824 0.000000 0.000000 1.000419 -0.000838 0.003824 -0.000838 0.003824 0.000947  -1  -1  -1 
2276.463335 0.160689 0.979586 0.998213 0.003826 0.000000 0.000000 1.000324 -0.002111 0.003826 -0.002111 0.003826 0.000947  -1  -1  -1 
2276.463945 0.161299 0.979753 0.998228 0.003824 0.000000 0.000000 1.000265 -0.002037 0.003824 -0.002037 0.003824 0.000947  -1  -1  -1 
2276.464554 0.161908 0.979919 0.995600 0.003822 0.000000 0.000000 1.000250 -0.004650 0.003822 -0.004650 0.003822 0.000947  -1  -1  -1 
2276.465183 0.162537 0.980091 1.002137 0.003828 0.000000 0.000000 1.000275 0.001862 0.003828 0.001862 0.003828 0.000947  -1  -1  -1 
2276.465838 0.163192 0.980270 1.003662 0.003827 0.000000 0.000000 1.000312 0.003350 0.003827 0.003350 0.003827 0.000947  -1  -1  -1 
2276.466448 0.163802 0.980437 0.999465 0.003824 0.000000 0.000000 1.000341 -0.000876 0.003824 -0.000876 0.003824 0.000947  -1  -1  -1 
2276.467058 0.164412 0.980603 1.003803 0.003828 0.000000 0.000000 1.000367 0.003436 0.003828 0.003436 0.003828 0.000947  -1  -1  -1 
2276.467667 0.165021 0.980770 0.993733 0.003825 0.000000 0.000000 1.000397 -0.006664 0.003825 -0.006664 0.003825 0.000947  -1  -1  -1 
2276.468278 0.165632 0.980937 1.004470 0.003828 0.000000 0.000000 1.000447 0.004023 0.003828 0.004023 0.003828 0.000947  -1  -1  -1 
2276.468889 0.166243 0.981104 0.997899 0.003822 0.000000 0.000000 1.000508 -0.002609 0.003822 -0.002609 0.003822 0.000947  -1  -1  -1 
2276.469502 0.166856 0.981271 0.998365 0.003822 0.000000 0.000000 1.000584 -0.002219 0.003822 -0.002219 0.003822 0.000947  -1  -1  -1 
2276.470114 0.167468 0.981438 1.003459 0.003825 0.000000 0.000000 1.000665 0.002794 0.003825 0.002794 0.003825 0.000947  -1  -1  -1 
2276.470724 0.168078 0.981605 1.001802 0.003822 0.000000 0.000000 1.000731 0.001071 0.003822 0.001071 0.003822 0.000947  -1  -1  -1 
2276.471335 0.168689 0.981772 0.999528 0.003826 0.000000 0.000000 1.000772 -0.001244 0.003826 -0.001244 0.003826 0.000947  -1  -1  -1 
2276.471945 0.169299 0.981939 1.008953 0.003824 0.000000 0.000000 1.000779 0.008174 0.003824 0.008174 0.003824 0.000947  -1  -1  -1 
2276.472555 0.169909 0.982105 0.999150 0.003819 0.000000 0.000000 1.000742 -0.001592 0.003819 -0.001592 0.003819 0.000947  -1  -1  -1 
2276.473165 0.170519 0.982272 1.000951 0.003824 0.000000 0.000000 1.000686 0.000265 0.003824 0.000265 0.003824 0.000947  -1  -1  -1 
2276.473774 0.171128 0.982438 0.998479 0.003824 0.000000 0.000000 1.000631 -0.002152 0.003824 -0.002152 0.003824 0.000947  -1  -1  -1 
2276.474385 0.171739 0.982605 1.000105 0.003824 0.000000 0.000000 1.000592 -0.000487 0.003824 -0.000487 0.003824 0.000947  -1  -1  -1 
2276.474996 0.172350 0.982772 0.999644 0.003820 0.000000 0.000000 1.000575 -0.000931 0.003820 -0.000931 0.003820 0.000947  -1  -1  -1 
2276.475605 0.172959 0.982939 0.996948 0.003816 0.000000 0.000000 1.000580 -0.003632 0.003816 -0.003632 0.003816 0.000947  -1  -1  -1 
2276.476216 0.173570 0.983106 1.002795 0.003826 0.000000 0.000000 1.000596 0.002199 0.003826 0.002199 0.003826 0.000947  -1  -1  -1 
2276.476827 0.174181 0.983272 1.004242 0.003824 0.000000 0.000000 1.000597 0.003645 0.003824 0.003645 0.003824 0.000947  -1  -1  -1 
2276.477437 0.174791 0.983439 1.004854 0.003822 0.000000 0.000000 1.000564 0.004290 0.003822 0.004290 0.003822 0.000947  -1  -1  -1 
2276.478047 0.175401 0.983606 0.998325 0.003823 0.000000 0.000000 1.000502 -0.002177 0.003823 -0.002177 0.003823 0.000947  -1  -1  -1 
2276.478659 0.176013 0.983773 0.998592 0.003818 0.000000 0.000000 1.000435 -0.001843 0.003818 -0.001843 0.003818 0.000947  -1  -1  -1 
2276.479284 0.176638 0.983944 1.001821 0.003822 0.000000 0.000000 1.000376 0.001445 0.003822 0.001445 0.003822 0.000947  -1  -1  -1 
2276.479894 0.177248 0.984110 0.997174 0.003821 0.000000 0.000000 1.000332 -0.003158 0.003821 -0.003158 0.003821 0.000947  -1  -1  -1 
2276.480503 0.177857 0.984277 1.000547 0.003822 0.000000 0.000000 1.000308 0.000239 0.003822 0.000239 0.003822 0.000947  -1  -1  -1 
2276.481114 0.178468 0.984444 1.002426 0.003822 0.000000 0.000000 1.000298 0.002128 0.003822 0.002128 0.003822 0.000947  -1  -1  -1 
2276.481728 0.179082 0.984612 0.997886 0.003815 0.000000 0.000000 1.000300 -0.002414 0.003815 -0.002414 0.003815 0.000947  -1  -1  -1 
2276.482346 0.179700 0.984780 0.997465 0.003818 0.000000 0.000000 1.000320 -0.002855 0.003818 -0.002855 0.003818 0.000947  -1  -1  -1 
2276.482959 0.180313 0.984948 0.999993 0.003820 0.000000 0.000000 1.000354 -0.000361 0.003820 -0.000361 0.003820 0.000947  -1  -1  -1 
2276.483568 0.180922 0.985114 1.003762 0.003822 0.000000 0.000000 1.000380 0.003382 0.003822 0.003382 0.003822 0.000947  -1  -1  -1 
2276.484178 0.181532 0.985281 1.002983 0.003823 0.000000 0.000000 1.000373 0.002610 0.003823 0.002610 0.003823 0.000947  -1  -1  -1 
2276.484881 0.182235 0.985473 1.002246 0.003819 0.000000 0.000000 1.000316 0.001930 0.003819 0.001930 0.003819 0.000947  -1  -1  -1 
2276.485492 0.182846 0.985640 0.999637 0.003822 0.000000 0.000000 1.000233 -0.000596 0.003822 -0.000596 0.003822 0.000947  -1  -1  -1 
2276.486102 0.183456 0.985807 1.002995 0.003822 0.000000 0.000000 1.000134 0.002861 0.003822 0.002861 0.003822 0.000947  -1  -1  -1 
2276.486711 0.184065 0.985973 0.992519 0.003815 0.000000 0.000000 1.000037 -0.007518 0.003815 -0.007518 0.003815 0.000947  -1  -1  -1 
2276.487425 0.184779 0.986168 1.002015 0.003818 0.000000 0.000000 0.999957 0.002058 0.003818 0.002058 0.003818 0.000947  -1  -1  -1 
2276.488034 0.185388 0.986334 1.000874 0.003825 0.000000 0.000000 0.999908 0.000966 0.003825 0.000966 0.003825 0.000947  -1  -1  -1 
2276.488644 0.185998 0.986501 0.997711 0.003821 0.000000 0.000000 0.999878 -0.002167 0.003821 -0.002167 0.003821 0.000947  -1  -1  -1 
2276.489255 0.186609 0.986668 0.997958 0.003819 0.000000 0.000000 0.999879 -0.001921 0.003819 -0.001921 0.003819 0.000947  -1  -1  -1 
2276.489865 0.187219 0.986835 0.998446 0.003817 0.000000 0.000000 0.999914 -0.001468 0.003817 -0.001468 0.003817 0.000947  -1  -1  -1 
2276.490476 0.187830 0.987002 0.999651 0.003823 0.000000 0.000000 0.999980 -0.000329 0.003823 -0.000329 0.003823 0.000947  -1  -1  -1 
2276.491087 0.188441 0.987169 0.999132 0.003818 0.000000 0.000000 1.000070 -0.000938 0.003818 -0.000938 0.003818 0.000947  -1  -1  -1 
2276.491698 0.189052 0.987336 1.000797 0.003821 0.000000 0.000000 1.000174 0.000623 0.003821 0.000623 0.003821 0.000947  -1  -1  -1 
2276.492306 0.189660 0.987502 0.999153 0.003816 0.000000 0.000000 1.000281 -0.001128 0.003816 -0.001128 0.003816 0.000947  -1  -1  -1 
2276.492920 0.190274 0.987669 1.000231 0.003821 0.000000 0.000000 1.000386 -0.000155 0.003821 -0.000155 0.003821 0.000947  -1  -1  -1 
2276.493528 0.190882 0.987836 1.004332 0.003819 0.000000 0.000000 1.000472 0.003860 0.003819 0.003860 0.003819 0.000947  -1  -1  -1 
2276.494140 0.191494 0.988003 1.000034 0.003816 0.000000 0.000000 1.000526 -0.000492 0.003816 -0.000492 0.003816 0.000947  -1  -1  -1 
2276.494748 0.192102 0.988169 1.002418 0.003819 0.000000 0.000000 1.000550 0.001868 0.003819 0.001868 0.003819 0.000947  -1  -1  -1 
2276.495357 0.192711 0.988335 0.998655 0.003815 0.000000 0.000000 1.000545 -0.001890 0.003815 -0.001890 0.003815 0.000947  -1  -1  -1 
2276.495968 0.193322 0.988502 1.004720 0.003818 0.000000 0.000000 1.000513 0.004207 0.003818 0.004207 0.003818 0.000947  -1  -1  -1 
2276.496582 0.193936 0.988670 1.000237 0.003815 0.000000 0.000000 1.000451 -0.000214 0.003815 -0.000214 0.003815 0.000947  -1  -1  -1 
2276.497192 0.194546 0.988837 0.997275 0.003812 0.000000 0.000000 1.000369 -0.003094 0.003812 -0.003094 0.003812 0.000947  -1  -1  -1 
2276.497802 0.195156 0.989003 1.005663 0.003815 0.000000 0.000000 1.000277 0.005386 0.003815 0.005386 0.003815 0.000947  -1  -1  -1 
2276.498414 0.195768 0.989170 0.995171 0.003816 0.000000 0.000000 1.000171 -0.005000 0.003816 -0.005000 0.003816 0.000947  -1  -1  -1 
2276.499024 0.196378 0.989337 1.004965 0.003818 0.000000 0.000000 1.000063 0.004902 0.003818 0.004902 0.003818 0.000947  -1  -1  -1 
2276.499669 0.197023 0.989513 0.998267 0.003815 0.000000 0.000000 0.999950 -0.001683 0.003815 -0.001683 0.003815 0.000947  -1  -1  -1 
2276.500280 0.197634 0.989680 0.997345 0.003814 0.000000 0.000000 0.999863 -0.002518 0.003814 -0.002518 0.003814 0.000947  -1  -1  -1 
2276.500890 0.198244 0.989847 0.995520 0.003817 0.000000 0.000000 0.999816 -0.004296 0.003817 -0.004296 0.003817 0.000947  -1  -1  -1 
