# time Tc_folded Tref_folded model 
2294.422180 -0.180612 0.886335     0.000000
2294.422462 -0.180329 0.886413     0.000000
2294.422745 -0.180047 0.886490     0.000000
2294.423028 -0.179764 0.886567     0.000000
2294.423310 -0.179481 0.886644     0.000000
2294.423593 -0.179199 0.886722     0.000000
2294.423876 -0.178916 0.886799     0.000000
2294.424158 -0.178633 0.886876     0.000000
2294.424441 -0.178351 0.886953     0.000000
2294.424724 -0.178068 0.887030     0.000000
2294.425006 -0.177785 0.887108     0.000000
2294.425289 -0.177503 0.887185     0.000000
2294.425572 -0.177220 0.887262     0.000000
2294.425854 -0.176937 0.887339     0.000000
2294.426137 -0.176655 0.887417     0.000000
2294.426419 -0.176372 0.887494     0.000000
2294.426702 -0.176089 0.887571     0.000000
2294.426985 -0.175807 0.887648     0.000000
2294.427267 -0.175524 0.887726     0.000000
2294.427550 -0.175241 0.887803     0.000000
2294.427833 -0.174959 0.887880     0.000000
2294.428115 -0.174676 0.887957     0.000000
2294.428398 -0.174393 0.888034     0.000000
2294.428681 -0.174111 0.888112     0.000000
2294.428963 -0.173828 0.888189     0.000000
2294.429246 -0.173545 0.888266     0.000000
2294.429529 -0.173263 0.888343     0.000000
2294.429811 -0.172980 0.888421     0.000000
2294.430094 -0.172697 0.888498     0.000000
2294.430377 -0.172415 0.888575     0.000000
2294.430659 -0.172132 0.888652     0.000000
2294.430942 -0.171849 0.888729     0.000000
2294.431225 -0.171567 0.888807     0.000000
2294.431507 -0.171284 0.888884     0.000000
2294.431790 -0.171001 0.888961     0.000000
2294.432073 -0.170719 0.889038     0.000000
2294.432355 -0.170436 0.889116     0.000000
2294.432638 -0.170153 0.889193     0.000000
2294.432921 -0.169871 0.889270     0.000000
2294.433203 -0.169588 0.889347     0.000000
2294.433486 -0.169306 0.889425     0.000000
2294.433769 -0.169023 0.889502     0.000000
2294.434051 -0.168740 0.889579     0.000000
2294.434334 -0.168458 0.889656     0.000000
2294.434617 -0.168175 0.889733     0.000000
2294.434899 -0.167892 0.889811     0.000000
2294.435182 -0.167610 0.889888     0.000000
2294.435465 -0.167327 0.889965     0.000000
2294.435747 -0.167044 0.890042     0.000000
2294.436030 -0.166762 0.890120     0.000000
2294.436313 -0.166479 0.890197     0.000000
2294.436595 -0.166196 0.890274     0.000000
2294.436878 -0.165914 0.890351     0.000000
2294.437161 -0.165631 0.890429     0.000000
2294.437443 -0.165348 0.890506     0.000000
2294.437726 -0.165066 0.890583     0.000000
2294.438009 -0.164783 0.890660     0.000000
2294.438291 -0.164500 0.890737     0.000000
2294.438574 -0.164218 0.890815     0.000000
2294.438857 -0.163935 0.890892     0.000000
2294.439139 -0.163652 0.890969     0.000000
2294.439422 -0.163370 0.891046     0.000000
2294.439705 -0.163087 0.891124     0.000000
2294.439987 -0.162804 0.891201     0.000000
2294.440270 -0.162522 0.891278     0.000000
2294.440552 -0.162239 0.891355     0.000000
2294.440835 -0.161956 0.891432     0.000000
2294.441118 -0.161674 0.891510     0.000000
2294.441400 -0.161391 0.891587     0.000000
2294.441683 -0.161108 0.891664     0.000000
2294.441966 -0.160826 0.891741     0.000000
2294.442248 -0.160543 0.891819     0.000000
2294.442531 -0.160260 0.891896     0.000000
2294.442814 -0.159978 0.891973     0.000000
2294.443096 -0.159695 0.892050     0.000000
2294.443379 -0.159412 0.892128     0.000000
2294.443662 -0.159130 0.892205     0.000000
2294.443944 -0.158847 0.892282     0.000000
2294.444227 -0.158564 0.892359     0.000000
2294.444510 -0.158282 0.892436     0.000000
2294.444792 -0.157999 0.892514     0.000000
2294.445075 -0.157716 0.892591     0.000000
2294.445358 -0.157434 0.892668     0.000000
2294.445640 -0.157151 0.892745     0.000000
2294.445923 -0.156868 0.892823     0.000000
2294.446206 -0.156586 0.892900     0.000000
2294.446488 -0.156303 0.892977     0.000000
2294.446771 -0.156020 0.893054     0.000000
2294.447054 -0.155738 0.893132     0.000000
2294.447336 -0.155455 0.893209     0.000000
2294.447619 -0.155173 0.893286     0.000000
2294.447902 -0.154890 0.893363     0.000000
2294.448184 -0.154607 0.893440     0.000000
2294.448467 -0.154325 0.893518     0.000000
2294.448750 -0.154042 0.893595     0.000000
2294.449032 -0.153759 0.893672     0.000000
2294.449315 -0.153477 0.893749     0.000000
2294.449598 -0.153194 0.893827     0.000000
2294.449880 -0.152911 0.893904     0.000000
2294.450163 -0.152629 0.893981     0.000000
2294.450446 -0.152346 0.894058     0.000000
2294.450728 -0.152063 0.894136     0.000000
2294.451011 -0.151781 0.894213     0.000000
2294.451294 -0.151498 0.894290     0.000000
2294.451576 -0.151215 0.894367     0.000000
2294.451859 -0.150933 0.894444     0.000000
2294.452142 -0.150650 0.894522     0.000000
2294.452424 -0.150367 0.894599     0.000000
2294.452707 -0.150085 0.894676     0.000000
2294.452990 -0.149802 0.894753     0.000000
2294.453272 -0.149519 0.894831     0.000000
2294.453555 -0.149237 0.894908     0.000000
2294.453838 -0.148954 0.894985     0.000000
2294.454120 -0.148671 0.895062     0.000000
2294.454403 -0.148389 0.895139     0.000000
2294.454685 -0.148106 0.895217     0.000000
2294.454968 -0.147823 0.895294     0.000000
2294.455251 -0.147541 0.895371     0.000000
2294.455533 -0.147258 0.895448     0.000000
2294.455816 -0.146975 0.895526     0.000000
2294.456099 -0.146693 0.895603     0.000000
2294.456381 -0.146410 0.895680     0.000000
2294.456664 -0.146127 0.895757     0.000000
2294.456947 -0.145845 0.895835     0.000000
2294.457229 -0.145562 0.895912     0.000000
2294.457512 -0.145279 0.895989     0.000000
2294.457795 -0.144997 0.896066     0.000000
2294.458077 -0.144714 0.896143     0.000000
2294.458360 -0.144431 0.896221     0.000000
2294.458643 -0.144149 0.896298     0.000000
2294.458925 -0.143866 0.896375     0.000000
2294.459208 -0.143583 0.896452     0.000000
2294.459491 -0.143301 0.896530     0.000000
2294.459773 -0.143018 0.896607     0.000000
2294.460056 -0.142735 0.896684     0.000000
2294.460339 -0.142453 0.896761     0.000000
2294.460621 -0.142170 0.896839     0.000000
2294.460904 -0.141887 0.896916     0.000000
2294.461187 -0.141605 0.896993     0.000000
2294.461469 -0.141322 0.897070     0.000000
2294.461752 -0.141040 0.897147     0.000000
2294.462035 -0.140757 0.897225     0.000000
2294.462317 -0.140474 0.897302     0.000000
2294.462600 -0.140192 0.897379     0.000000
2294.462883 -0.139909 0.897456     0.000000
2294.463165 -0.139626 0.897534     0.000000
2294.463448 -0.139344 0.897611     0.000000
2294.463731 -0.139061 0.897688     0.000000
2294.464013 -0.138778 0.897765     0.000000
2294.464296 -0.138496 0.897842     0.000000
2294.464579 -0.138213 0.897920     0.000000
2294.464861 -0.137930 0.897997     0.000000
2294.465144 -0.137648 0.898074     0.000000
2294.465427 -0.137365 0.898151     0.000000
2294.465709 -0.137082 0.898229     0.000000
2294.465992 -0.136800 0.898306     0.000000
2294.466275 -0.136517 0.898383     0.000000
2294.466557 -0.136234 0.898460     0.000000
2294.466840 -0.135952 0.898538     0.000000
2294.467123 -0.135669 0.898615     0.000000
2294.467405 -0.135386 0.898692     0.000000
2294.467688 -0.135104 0.898769     0.000000
2294.467971 -0.134821 0.898846     0.000000
2294.468253 -0.134538 0.898924     0.000000
2294.468536 -0.134256 0.899001     0.000000
2294.468818 -0.133973 0.899078     0.000000
2294.469101 -0.133690 0.899155     0.000000
2294.469384 -0.133408 0.899233     0.000000
2294.469666 -0.133125 0.899310     0.000000
2294.469949 -0.132842 0.899387     0.000000
2294.470232 -0.132560 0.899464     0.000000
2294.470514 -0.132277 0.899542     0.000000
2294.470797 -0.131994 0.899619     0.000000
2294.471080 -0.131712 0.899696     0.000000
2294.471362 -0.131429 0.899773     0.000000
2294.471645 -0.131146 0.899850     0.000000
2294.471928 -0.130864 0.899928     0.000000
2294.472210 -0.130581 0.900005     0.000000
2294.472493 -0.130298 0.900082     0.000000
2294.472776 -0.130016 0.900159     0.000000
2294.473058 -0.129733 0.900237     0.000000
2294.473341 -0.129450 0.900314     0.000000
2294.473624 -0.129168 0.900391     0.000000
2294.473906 -0.128885 0.900468     0.000000
2294.474189 -0.128602 0.900545     0.000000
2294.474472 -0.128320 0.900623     0.000000
2294.474754 -0.128037 0.900700     0.000000
2294.475037 -0.127754 0.900777     0.000000
2294.475320 -0.127472 0.900854     0.000000
2294.475602 -0.127189 0.900932     0.000000
2294.475885 -0.126907 0.901009     0.000000
2294.476168 -0.126624 0.901086     0.000000
2294.476450 -0.126341 0.901163     0.000000
2294.476733 -0.126059 0.901241     0.000000
2294.477016 -0.125776 0.901318     0.000000
2294.477298 -0.125493 0.901395     0.000000
2294.477581 -0.125211 0.901472     0.000000
2294.477864 -0.124928 0.901549     0.000000
2294.478146 -0.124645 0.901627     0.000000
2294.478429 -0.124363 0.901704     0.000000
2294.478712 -0.124080 0.901781     0.000000
2294.478994 -0.123797 0.901858     0.000000
2294.479277 -0.123515 0.901936     0.000000
2294.479560 -0.123232 0.902013     0.000000
2294.479842 -0.122949 0.902090     0.000000
2294.480125 -0.122667 0.902167     0.000000
2294.480408 -0.122384 0.902245     0.000000
2294.480690 -0.122101 0.902322     0.000000
2294.480973 -0.121819 0.902399     0.000000
2294.481256 -0.121536 0.902476     0.000000
2294.481538 -0.121253 0.902553     0.000000
2294.481821 -0.120971 0.902631     0.000000
2294.482104 -0.120688 0.902708     0.000000
2294.482386 -0.120405 0.902785     0.000000
2294.482669 -0.120123 0.902862     0.000000
2294.482951 -0.119840 0.902940     0.000000
2294.483234 -0.119557 0.903017     0.000000
2294.483517 -0.119275 0.903094     0.000000
2294.483799 -0.118992 0.903171     0.000000
2294.484082 -0.118709 0.903249     0.000000
2294.484365 -0.118427 0.903326     0.000000
2294.484647 -0.118144 0.903403     0.000000
2294.484930 -0.117861 0.903480     0.000000
2294.485213 -0.117579 0.903557     0.000000
2294.485495 -0.117296 0.903635     0.000000
2294.485778 -0.117013 0.903712     0.000000
2294.486061 -0.116731 0.903789     0.000000
2294.486343 -0.116448 0.903866     0.000000
2294.486626 -0.116165 0.903944     0.000000
2294.486909 -0.115883 0.904021     0.000000
2294.487191 -0.115600 0.904098     0.000000
2294.487474 -0.115317 0.904175     0.000000
2294.487757 -0.115035 0.904252     0.000000
2294.488039 -0.114752 0.904330     0.000000
2294.488322 -0.114469 0.904407     0.000000
2294.488605 -0.114187 0.904484     0.000000
2294.488887 -0.113904 0.904561     0.000000
2294.489170 -0.113621 0.904639     0.000000
2294.489453 -0.113339 0.904716     0.000000
2294.489735 -0.113056 0.904793     0.000000
2294.490018 -0.112774 0.904870     0.000000
2294.490301 -0.112491 0.904948     0.000000
2294.490583 -0.112208 0.905025     0.000000
2294.490866 -0.111926 0.905102     0.000000
2294.491149 -0.111643 0.905179     0.000000
2294.491431 -0.111360 0.905256     0.000000
2294.491714 -0.111078 0.905334     0.000000
2294.491997 -0.110795 0.905411     0.000000
2294.492279 -0.110512 0.905488     0.000000
2294.492562 -0.110230 0.905565     0.000000
2294.492845 -0.109947 0.905643     0.000000
2294.493127 -0.109664 0.905720     0.000000
2294.493410 -0.109382 0.905797     0.000000
2294.493693 -0.109099 0.905874     0.000000
2294.493975 -0.108816 0.905952     0.000000
2294.494258 -0.108534 0.906029     0.000000
2294.494541 -0.108251 0.906106     0.000000
2294.494823 -0.107968 0.906183     0.000000
2294.495106 -0.107686 0.906260     0.000000
2294.495389 -0.107403 0.906338     0.000000
2294.495671 -0.107120 0.906415     0.000000
2294.495954 -0.106838 0.906492     0.000000
2294.496237 -0.106555 0.906569     0.000000
2294.496519 -0.106272 0.906647     0.000000
2294.496802 -0.105990 0.906724     0.000000
2294.497084 -0.105707 0.906801     0.000000
2294.497367 -0.105424 0.906878     0.000000
2294.497650 -0.105142 0.906955     0.000000
2294.497932 -0.104859 0.907033     0.000000
2294.498215 -0.104576 0.907110     0.000000
2294.498498 -0.104294 0.907187     0.000000
2294.498780 -0.104011 0.907264     0.000000
2294.499063 -0.103728 0.907342     0.000000
2294.499346 -0.103446 0.907419     0.000000
2294.499628 -0.103163 0.907496     0.000000
2294.499911 -0.102880 0.907573     0.000000
2294.500194 -0.102598 0.907651     0.000000
2294.500476 -0.102315 0.907728     0.000000
2294.500759 -0.102032 0.907805     0.000000
2294.501042 -0.101750 0.907882     0.000000
2294.501324 -0.101467 0.907959     0.000000
2294.501607 -0.101184 0.908037     0.000000
2294.501890 -0.100902 0.908114     0.000000
2294.502172 -0.100619 0.908191     0.000000
2294.502455 -0.100336 0.908268     0.000000
2294.502738 -0.100054 0.908346     0.000000
2294.503020 -0.099771 0.908423     0.000000
2294.503303 -0.099488 0.908500     0.000000
2294.503586 -0.099206 0.908577     0.000000
2294.503868 -0.098923 0.908655     0.000000
2294.504151 -0.098641 0.908732     0.000000
2294.504434 -0.098358 0.908809     0.000000
2294.504716 -0.098075 0.908886     0.000000
2294.504999 -0.097793 0.908963     0.000000
2294.505282 -0.097510 0.909041     0.000000
2294.505564 -0.097227 0.909118     0.000000
2294.505847 -0.096945 0.909195     0.000000
2294.506130 -0.096662 0.909272     0.000000
2294.506412 -0.096379 0.909350     0.000000
2294.506695 -0.096097 0.909427     0.000000
2294.506978 -0.095814 0.909504    -0.000006
2294.507260 -0.095531 0.909581    -0.000026
2294.507543 -0.095249 0.909659    -0.000055
2294.507826 -0.094966 0.909736    -0.000092
2294.508108 -0.094683 0.909813    -0.000134
2294.508391 -0.094401 0.909890    -0.000182
2294.508674 -0.094118 0.909967    -0.000234
2294.508956 -0.093835 0.910045    -0.000291
2294.509239 -0.093553 0.910122    -0.000353
2294.509522 -0.093270 0.910199    -0.000418
2294.509804 -0.092987 0.910276    -0.000486
2294.510087 -0.092705 0.910354    -0.000559
2294.510370 -0.092422 0.910431    -0.000634
2294.510652 -0.092139 0.910508    -0.000713
2294.510935 -0.091857 0.910585    -0.000794
2294.511217 -0.091574 0.910662    -0.000879
2294.511500 -0.091291 0.910740    -0.000966
2294.511783 -0.091009 0.910817    -0.001055
2294.512065 -0.090726 0.910894    -0.001147
2294.512348 -0.090443 0.910971    -0.001241
2294.512631 -0.090161 0.911049    -0.001338
2294.512913 -0.089878 0.911126    -0.001436
2294.513196 -0.089595 0.911203    -0.001536
2294.513479 -0.089313 0.911280    -0.001638
2294.513761 -0.089030 0.911358    -0.001742
2294.514044 -0.088747 0.911435    -0.001847
2294.514327 -0.088465 0.911512    -0.001954
2294.514609 -0.088182 0.911589    -0.002062
2294.514892 -0.087899 0.911666    -0.002171
2294.515175 -0.087617 0.911744    -0.002281
2294.515457 -0.087334 0.911821    -0.002393
2294.515740 -0.087051 0.911898    -0.002505
2294.516023 -0.086769 0.911975    -0.002619
2294.516305 -0.086486 0.912053    -0.002733
2294.516588 -0.086203 0.912130    -0.002847
2294.516871 -0.085921 0.912207    -0.002962
2294.517153 -0.085638 0.912284    -0.003078
2294.517436 -0.085355 0.912362    -0.003193
2294.517719 -0.085073 0.912439    -0.003309
2294.518001 -0.084790 0.912516    -0.003425
2294.518284 -0.084508 0.912593    -0.003541
2294.518567 -0.084225 0.912670    -0.003657
2294.518849 -0.083942 0.912748    -0.003772
2294.519132 -0.083660 0.912825    -0.003887
2294.519415 -0.083377 0.912902    -0.004002
2294.519697 -0.083094 0.912979    -0.004115
2294.519980 -0.082812 0.913057    -0.004228
2294.520263 -0.082529 0.913134    -0.004340
2294.520545 -0.082246 0.913211    -0.004450
2294.520828 -0.081964 0.913288    -0.004560
2294.521111 -0.081681 0.913365    -0.004667
2294.521393 -0.081398 0.913443    -0.004773
2294.521676 -0.081116 0.913520    -0.004877
2294.521959 -0.080833 0.913597    -0.004979
2294.522241 -0.080550 0.913674    -0.005078
2294.522524 -0.080268 0.913752    -0.005174
2294.522807 -0.079985 0.913829    -0.005268
2294.523089 -0.079702 0.913906    -0.005358
2294.523372 -0.079420 0.913983    -0.005443
2294.523655 -0.079137 0.914061    -0.005525
2294.523937 -0.078854 0.914138    -0.005600
2294.524220 -0.078572 0.914215    -0.005670
2294.524503 -0.078289 0.914292    -0.005731
2294.524785 -0.078006 0.914369    -0.005776
2294.525068 -0.077724 0.914447    -0.005812
2294.525350 -0.077441 0.914524    -0.005847
2294.525633 -0.077158 0.914601    -0.005881
2294.525916 -0.076876 0.914678    -0.005913
2294.526198 -0.076593 0.914756    -0.005945
2294.526481 -0.076310 0.914833    -0.005976
2294.526764 -0.076028 0.914910    -0.006006
2294.527046 -0.075745 0.914987    -0.006035
2294.527329 -0.075462 0.915065    -0.006064
2294.527612 -0.075180 0.915142    -0.006092
2294.527894 -0.074897 0.915219    -0.006119
2294.528177 -0.074614 0.915296    -0.006146
2294.528460 -0.074332 0.915373    -0.006172
2294.528742 -0.074049 0.915451    -0.006198
2294.529025 -0.073766 0.915528    -0.006223
2294.529308 -0.073484 0.915605    -0.006248
2294.529590 -0.073201 0.915682    -0.006272
2294.529873 -0.072918 0.915760    -0.006296
2294.530156 -0.072636 0.915837    -0.006320
2294.530438 -0.072353 0.915914    -0.006343
2294.530721 -0.072070 0.915991    -0.006366
2294.531004 -0.071788 0.916069    -0.006388
2294.531286 -0.071505 0.916146    -0.006410
2294.531569 -0.071222 0.916223    -0.006432
2294.531852 -0.070940 0.916300    -0.006453
2294.532134 -0.070657 0.916377    -0.006475
2294.532417 -0.070375 0.916455    -0.006495
2294.532700 -0.070092 0.916532    -0.006516
2294.532982 -0.069809 0.916609    -0.006536
2294.533265 -0.069527 0.916686    -0.006556
2294.533548 -0.069244 0.916764    -0.006576
2294.533830 -0.068961 0.916841    -0.006595
2294.534113 -0.068679 0.916918    -0.006614
2294.534396 -0.068396 0.916995    -0.006633
2294.534678 -0.068113 0.917072    -0.006652
2294.534961 -0.067831 0.917150    -0.006670
2294.535244 -0.067548 0.917227    -0.006688
2294.535526 -0.067265 0.917304    -0.006706
2294.535809 -0.066983 0.917381    -0.006724
2294.536092 -0.066700 0.917459    -0.006742
2294.536374 -0.066417 0.917536    -0.006759
2294.536657 -0.066135 0.917613    -0.006776
2294.536940 -0.065852 0.917690    -0.006793
2294.537222 -0.065569 0.917768    -0.006810
2294.537505 -0.065287 0.917845    -0.006826
2294.537788 -0.065004 0.917922    -0.006842
2294.538070 -0.064721 0.917999    -0.006858
2294.538353 -0.064439 0.918076    -0.006874
2294.538636 -0.064156 0.918154    -0.006890
2294.538918 -0.063873 0.918231    -0.006906
2294.539201 -0.063591 0.918308    -0.006921
2294.539483 -0.063308 0.918385    -0.006936
2294.539766 -0.063025 0.918463    -0.006951
2294.540049 -0.062743 0.918540    -0.006966
2294.540331 -0.062460 0.918617    -0.006981
2294.540614 -0.062177 0.918694    -0.006996
2294.540897 -0.061895 0.918772    -0.007010
2294.541179 -0.061612 0.918849    -0.007024
2294.541462 -0.061329 0.918926    -0.007038
2294.541745 -0.061047 0.919003    -0.007052
2294.542027 -0.060764 0.919080    -0.007066
2294.542310 -0.060481 0.919158    -0.007080
2294.542593 -0.060199 0.919235    -0.007094
2294.542875 -0.059916 0.919312    -0.007107
2294.543158 -0.059633 0.919389    -0.007120
2294.543441 -0.059351 0.919467    -0.007133
2294.543723 -0.059068 0.919544    -0.007146
2294.544006 -0.058785 0.919621    -0.007159
2294.544289 -0.058503 0.919698    -0.007172
2294.544571 -0.058220 0.919775    -0.007185
2294.544854 -0.057937 0.919853    -0.007197
2294.545137 -0.057655 0.919930    -0.007209
2294.545419 -0.057372 0.920007    -0.007222
2294.545702 -0.057089 0.920084    -0.007234
2294.545985 -0.056807 0.920162    -0.007246
2294.546267 -0.056524 0.920239    -0.007258
2294.546550 -0.056242 0.920316    -0.007270
2294.546833 -0.055959 0.920393    -0.007281
2294.547115 -0.055676 0.920471    -0.007293
2294.547398 -0.055394 0.920548    -0.007304
2294.547681 -0.055111 0.920625    -0.007315
2294.547963 -0.054828 0.920702    -0.007327
2294.548246 -0.054546 0.920779    -0.007338
2294.548529 -0.054263 0.920857    -0.007349
2294.548811 -0.053980 0.920934    -0.007360
2294.549094 -0.053698 0.921011    -0.007371
2294.549377 -0.053415 0.921088    -0.007381
2294.549659 -0.053132 0.921166    -0.007392
2294.549942 -0.052850 0.921243    -0.007402
2294.550225 -0.052567 0.921320    -0.007413
2294.550507 -0.052284 0.921397    -0.007423
2294.550790 -0.052002 0.921475    -0.007433
2294.551073 -0.051719 0.921552    -0.007443
2294.551355 -0.051436 0.921629    -0.007453
2294.551638 -0.051154 0.921706    -0.007463
2294.551921 -0.050871 0.921783    -0.007473
2294.552203 -0.050588 0.921861    -0.007483
2294.552486 -0.050306 0.921938    -0.007493
2294.552769 -0.050023 0.922015    -0.007502
2294.553051 -0.049740 0.922092    -0.007512
2294.553334 -0.049458 0.922170    -0.007521
2294.553616 -0.049175 0.922247    -0.007530
2294.553899 -0.048892 0.922324    -0.007539
2294.554182 -0.048610 0.922401    -0.007549
2294.554464 -0.048327 0.922479    -0.007558
2294.554747 -0.048044 0.922556    -0.007567
2294.555030 -0.047762 0.922633    -0.007575
2294.555312 -0.047479 0.922710    -0.007584
2294.555595 -0.047196 0.922787    -0.007593
2294.555878 -0.046914 0.922865    -0.007602
2294.556160 -0.046631 0.922942    -0.007610
2294.556443 -0.046348 0.923019    -0.007619
2294.556726 -0.046066 0.923096    -0.007627
2294.557008 -0.045783 0.923174    -0.007635
2294.557291 -0.045500 0.923251    -0.007644
2294.557574 -0.045218 0.923328    -0.007652
2294.557856 -0.044935 0.923405    -0.007660
2294.558139 -0.044652 0.923482    -0.007668
2294.558422 -0.044370 0.923560    -0.007676
2294.558704 -0.044087 0.923637    -0.007684
2294.558987 -0.043804 0.923714    -0.007691
2294.559270 -0.043522 0.923791    -0.007699
2294.559552 -0.043239 0.923869    -0.007707
2294.559835 -0.042956 0.923946    -0.007714
2294.560118 -0.042674 0.924023    -0.007722
2294.560400 -0.042391 0.924100    -0.007729
2294.560683 -0.042109 0.924178    -0.007737
2294.560966 -0.041826 0.924255    -0.007744
2294.561248 -0.041543 0.924332    -0.007751
2294.561531 -0.041261 0.924409    -0.007758
2294.561814 -0.040978 0.924486    -0.007766
2294.562096 -0.040695 0.924564    -0.007773
2294.562379 -0.040413 0.924641    -0.007780
2294.562662 -0.040130 0.924718    -0.007786
2294.562944 -0.039847 0.924795    -0.007793
2294.563227 -0.039565 0.924873    -0.007800
2294.563510 -0.039282 0.924950    -0.007807
2294.563792 -0.038999 0.925027    -0.007813
2294.564075 -0.038717 0.925104    -0.007820
2294.564358 -0.038434 0.925182    -0.007826
2294.564640 -0.038151 0.925259    -0.007833
2294.564923 -0.037869 0.925336    -0.007839
2294.565206 -0.037586 0.925413    -0.007846
2294.565488 -0.037303 0.925490    -0.007852
2294.565771 -0.037021 0.925568    -0.007858
2294.566054 -0.036738 0.925645    -0.007864
2294.566336 -0.036455 0.925722    -0.007870
2294.566619 -0.036173 0.925799    -0.007876
2294.566902 -0.035890 0.925877    -0.007882
2294.567184 -0.035607 0.925954    -0.007888
2294.567467 -0.035325 0.926031    -0.007894
2294.567749 -0.035042 0.926108    -0.007900
2294.568032 -0.034759 0.926185    -0.007905
2294.568315 -0.034477 0.926263    -0.007911
2294.568597 -0.034194 0.926340    -0.007917
2294.568880 -0.033911 0.926417    -0.007922
2294.569163 -0.033629 0.926494    -0.007928
2294.569445 -0.033346 0.926572    -0.007933
2294.569728 -0.033063 0.926649    -0.007939
2294.570011 -0.032781 0.926726    -0.007944
2294.570293 -0.032498 0.926803    -0.007949
2294.570576 -0.032215 0.926881    -0.007954
2294.570859 -0.031933 0.926958    -0.007960
2294.571141 -0.031650 0.927035    -0.007965
2294.571424 -0.031367 0.927112    -0.007970
2294.571707 -0.031085 0.927189    -0.007975
2294.571989 -0.030802 0.927267    -0.007980
2294.572272 -0.030519 0.927344    -0.007984
2294.572555 -0.030237 0.927421    -0.007989
2294.572837 -0.029954 0.927498    -0.007994
2294.573120 -0.029671 0.927576    -0.007999
2294.573403 -0.029389 0.927653    -0.008003
2294.573685 -0.029106 0.927730    -0.008008
2294.573968 -0.028823 0.927807    -0.008013
2294.574251 -0.028541 0.927885    -0.008017
2294.574533 -0.028258 0.927962    -0.008022
2294.574816 -0.027976 0.928039    -0.008026
2294.575099 -0.027693 0.928116    -0.008030
2294.575381 -0.027410 0.928193    -0.008035
2294.575664 -0.027128 0.928271    -0.008039
2294.575947 -0.026845 0.928348    -0.008043
2294.576229 -0.026562 0.928425    -0.008047
2294.576512 -0.026280 0.928502    -0.008051
2294.576795 -0.025997 0.928580    -0.008056
2294.577077 -0.025714 0.928657    -0.008060
2294.577360 -0.025432 0.928734    -0.008063
2294.577643 -0.025149 0.928811    -0.008067
2294.577925 -0.024866 0.928889    -0.008071
2294.578208 -0.024584 0.928966    -0.008075
2294.578491 -0.024301 0.929043    -0.008079
2294.578773 -0.024018 0.929120    -0.008083
2294.579056 -0.023736 0.929197    -0.008086
2294.579339 -0.023453 0.929275    -0.008090
2294.579621 -0.023170 0.929352    -0.008093
2294.579904 -0.022888 0.929429    -0.008097
2294.580187 -0.022605 0.929506    -0.008100
2294.580469 -0.022322 0.929584    -0.008104
2294.580752 -0.022040 0.929661    -0.008107
2294.581035 -0.021757 0.929738    -0.008111
2294.581317 -0.021474 0.929815    -0.008114
2294.581600 -0.021192 0.929892    -0.008117
2294.581882 -0.020909 0.929970    -0.008120
2294.582165 -0.020626 0.930047    -0.008123
2294.582448 -0.020344 0.930124    -0.008127
2294.582730 -0.020061 0.930201    -0.008130
2294.583013 -0.019778 0.930279    -0.008133
2294.583296 -0.019496 0.930356    -0.008136
2294.583578 -0.019213 0.930433    -0.008138
2294.583861 -0.018930 0.930510    -0.008141
2294.584144 -0.018648 0.930588    -0.008144
2294.584426 -0.018365 0.930665    -0.008147
2294.584709 -0.018082 0.930742    -0.008150
2294.584992 -0.017800 0.930819    -0.008152
2294.585274 -0.017517 0.930896    -0.008155
2294.585557 -0.017234 0.930974    -0.008158
2294.585840 -0.016952 0.931051    -0.008160
2294.586122 -0.016669 0.931128    -0.008163
2294.586405 -0.016386 0.931205    -0.008165
2294.586688 -0.016104 0.931283    -0.008168
2294.586970 -0.015821 0.931360    -0.008170
2294.587253 -0.015538 0.931437    -0.008172
2294.587536 -0.015256 0.931514    -0.008175
2294.587818 -0.014973 0.931592    -0.008177
2294.588101 -0.014690 0.931669    -0.008179
2294.588384 -0.014408 0.931746    -0.008181
2294.588666 -0.014125 0.931823    -0.008183
2294.588949 -0.013843 0.931900    -0.008185
2294.589232 -0.013560 0.931978    -0.008187
2294.589514 -0.013277 0.932055    -0.008189
2294.589797 -0.012995 0.932132    -0.008191
2294.590080 -0.012712 0.932209    -0.008193
2294.590362 -0.012429 0.932287    -0.008195
2294.590645 -0.012147 0.932364    -0.008197
2294.590928 -0.011864 0.932441    -0.008199
2294.591210 -0.011581 0.932518    -0.008200
2294.591493 -0.011299 0.932595    -0.008202
2294.591776 -0.011016 0.932673    -0.008204
2294.592058 -0.010733 0.932750    -0.008205
2294.592341 -0.010451 0.932827    -0.008207
2294.592624 -0.010168 0.932904    -0.008208
2294.592906 -0.009885 0.932982    -0.008210
2294.593189 -0.009603 0.933059    -0.008211
2294.593472 -0.009320 0.933136    -0.008213
2294.593754 -0.009037 0.933213    -0.008214
2294.594037 -0.008755 0.933291    -0.008215
2294.594320 -0.008472 0.933368    -0.008217
2294.594602 -0.008189 0.933445    -0.008218
2294.594885 -0.007907 0.933522    -0.008219
2294.595168 -0.007624 0.933599    -0.008220
2294.595450 -0.007341 0.933677    -0.008221
2294.595733 -0.007059 0.933754    -0.008222
2294.596015 -0.006776 0.933831    -0.008223
2294.596298 -0.006493 0.933908    -0.008224
2294.596581 -0.006211 0.933986    -0.008225
2294.596863 -0.005928 0.934063    -0.008226
2294.597146 -0.005645 0.934140    -0.008227
2294.597429 -0.005363 0.934217    -0.008228
2294.597711 -0.005080 0.934295    -0.008228
2294.597994 -0.004797 0.934372    -0.008229
2294.598277 -0.004515 0.934449    -0.008230
2294.598559 -0.004232 0.934526    -0.008231
2294.598842 -0.003949 0.934603    -0.008231
2294.599125 -0.003667 0.934681    -0.008232
2294.599407 -0.003384 0.934758    -0.008232
2294.599690 -0.003101 0.934835    -0.008233
2294.599973 -0.002819 0.934912    -0.008233
2294.600255 -0.002536 0.934990    -0.008233
2294.600538 -0.002253 0.935067    -0.008234
2294.600821 -0.001971 0.935144    -0.008234
2294.601103 -0.001688 0.935221    -0.008234
2294.601386 -0.001405 0.935299    -0.008235
2294.601669 -0.001123 0.935376    -0.008235
2294.601951 -0.000840 0.935453    -0.008235
2294.602234 -0.000557 0.935530    -0.008235
2294.602517 -0.000275 0.935607    -0.008235
2294.602799 0.000008 0.935685    -0.008235
2294.603082 0.000290 0.935762    -0.008235
2294.603365 0.000573 0.935839    -0.008235
2294.603647 0.000856 0.935916    -0.008235
2294.603930 0.001138 0.935994    -0.008235
2294.604213 0.001421 0.936071    -0.008235
2294.604495 0.001704 0.936148    -0.008234
2294.604778 0.001986 0.936225    -0.008234
2294.605061 0.002269 0.936302    -0.008234
2294.605343 0.002552 0.936380    -0.008233
2294.605626 0.002834 0.936457    -0.008233
2294.605909 0.003117 0.936534    -0.008233
2294.606191 0.003400 0.936611    -0.008232
2294.606474 0.003682 0.936689    -0.008232
2294.606757 0.003965 0.936766    -0.008231
2294.607039 0.004248 0.936843    -0.008230
2294.607322 0.004530 0.936920    -0.008230
2294.607605 0.004813 0.936998    -0.008229
2294.607887 0.005096 0.937075    -0.008228
2294.608170 0.005378 0.937152    -0.008228
2294.608453 0.005661 0.937229    -0.008227
2294.608735 0.005944 0.937306    -0.008226
2294.609018 0.006226 0.937384    -0.008225
2294.609301 0.006509 0.937461    -0.008224
2294.609583 0.006792 0.937538    -0.008223
2294.609866 0.007074 0.937615    -0.008222
2294.610148 0.007357 0.937693    -0.008221
2294.610431 0.007640 0.937770    -0.008220
2294.610714 0.007922 0.937847    -0.008219
2294.610996 0.008205 0.937924    -0.008218
2294.611279 0.008488 0.938002    -0.008216
2294.611562 0.008770 0.938079    -0.008215
2294.611844 0.009053 0.938156    -0.008214
2294.612127 0.009336 0.938233    -0.008213
2294.612410 0.009618 0.938310    -0.008211
2294.612692 0.009901 0.938388    -0.008210
2294.612975 0.010184 0.938465    -0.008208
2294.613258 0.010466 0.938542    -0.008207
2294.613540 0.010749 0.938619    -0.008205
2294.613823 0.011032 0.938697    -0.008204
2294.614106 0.011314 0.938774    -0.008202
2294.614388 0.011597 0.938851    -0.008200
2294.614671 0.011880 0.938928    -0.008198
2294.614954 0.012162 0.939005    -0.008197
2294.615236 0.012445 0.939083    -0.008195
2294.615519 0.012728 0.939160    -0.008193
2294.615802 0.013010 0.939237    -0.008191
2294.616084 0.013293 0.939314    -0.008189
2294.616367 0.013576 0.939392    -0.008187
2294.616650 0.013858 0.939469    -0.008185
2294.616932 0.014141 0.939546    -0.008183
2294.617215 0.014423 0.939623    -0.008181
2294.617498 0.014706 0.939701    -0.008179
2294.617780 0.014989 0.939778    -0.008177
2294.618063 0.015271 0.939855    -0.008174
2294.618346 0.015554 0.939932    -0.008172
2294.618628 0.015837 0.940009    -0.008170
2294.618911 0.016119 0.940087    -0.008167
2294.619194 0.016402 0.940164    -0.008165
2294.619476 0.016685 0.940241    -0.008162
2294.619759 0.016967 0.940318    -0.008160
2294.620042 0.017250 0.940396    -0.008157
2294.620324 0.017533 0.940473    -0.008155
2294.620607 0.017815 0.940550    -0.008152
2294.620890 0.018098 0.940627    -0.008149
2294.621172 0.018381 0.940705    -0.008147
2294.621455 0.018663 0.940782    -0.008144
2294.621738 0.018946 0.940859    -0.008141
2294.622020 0.019229 0.940936    -0.008138
2294.622303 0.019511 0.941013    -0.008135
2294.622586 0.019794 0.941091    -0.008132
2294.622868 0.020077 0.941168    -0.008129
2294.623151 0.020359 0.941245    -0.008126
2294.623434 0.020642 0.941322    -0.008123
2294.623716 0.020925 0.941400    -0.008120
2294.623999 0.021207 0.941477    -0.008117
2294.624281 0.021490 0.941554    -0.008113
2294.624564 0.021773 0.941631    -0.008110
2294.624847 0.022055 0.941709    -0.008107
2294.625129 0.022338 0.941786    -0.008103
2294.625412 0.022621 0.941863    -0.008100
2294.625695 0.022903 0.941940    -0.008097
2294.625977 0.023186 0.942017    -0.008093
2294.626260 0.023469 0.942095    -0.008089
2294.626543 0.023751 0.942172    -0.008086
2294.626825 0.024034 0.942249    -0.008082
2294.627108 0.024317 0.942326    -0.008078
2294.627391 0.024599 0.942404    -0.008075
2294.627673 0.024882 0.942481    -0.008071
2294.627956 0.025165 0.942558    -0.008067
2294.628239 0.025447 0.942635    -0.008063
2294.628521 0.025730 0.942712    -0.008059
2294.628804 0.026013 0.942790    -0.008055
2294.629087 0.026295 0.942867    -0.008051
2294.629369 0.026578 0.942944    -0.008047
2294.629652 0.026861 0.943021    -0.008043
2294.629935 0.027143 0.943099    -0.008038
2294.630217 0.027426 0.943176    -0.008034
2294.630500 0.027709 0.943253    -0.008030
2294.630783 0.027991 0.943330    -0.008026
2294.631065 0.028274 0.943408    -0.008021
2294.631348 0.028556 0.943485    -0.008017
2294.631631 0.028839 0.943562    -0.008012
2294.631913 0.029122 0.943639    -0.008008
2294.632196 0.029404 0.943716    -0.008003
2294.632479 0.029687 0.943794    -0.007998
2294.632761 0.029970 0.943871    -0.007994
2294.633044 0.030252 0.943948    -0.007989
2294.633327 0.030535 0.944025    -0.007984
2294.633609 0.030818 0.944103    -0.007979
2294.633892 0.031100 0.944180    -0.007974
2294.634175 0.031383 0.944257    -0.007969
2294.634457 0.031666 0.944334    -0.007964
2294.634740 0.031948 0.944412    -0.007959
2294.635023 0.032231 0.944489    -0.007954
2294.635305 0.032514 0.944566    -0.007949
2294.635588 0.032796 0.944643    -0.007943
2294.635871 0.033079 0.944720    -0.007938
2294.636153 0.033362 0.944798    -0.007933
2294.636436 0.033644 0.944875    -0.007927
2294.636719 0.033927 0.944952    -0.007922
2294.637001 0.034210 0.945029    -0.007916
2294.637284 0.034492 0.945107    -0.007910
2294.637567 0.034775 0.945184    -0.007905
2294.637849 0.035058 0.945261    -0.007899
2294.638132 0.035340 0.945338    -0.007893
2294.638414 0.035623 0.945415    -0.007887
2294.638697 0.035906 0.945493    -0.007882
2294.638980 0.036188 0.945570    -0.007876
2294.639262 0.036471 0.945647    -0.007870
2294.639545 0.036754 0.945724    -0.007863
2294.639828 0.037036 0.945802    -0.007857
2294.640110 0.037319 0.945879    -0.007851
2294.640393 0.037602 0.945956    -0.007845
2294.640676 0.037884 0.946033    -0.007839
2294.640958 0.038167 0.946111    -0.007832
2294.641241 0.038450 0.946188    -0.007826
2294.641524 0.038732 0.946265    -0.007819
2294.641806 0.039015 0.946342    -0.007813
2294.642089 0.039298 0.946419    -0.007806
2294.642372 0.039580 0.946497    -0.007799
2294.642654 0.039863 0.946574    -0.007792
2294.642937 0.040146 0.946651    -0.007786
2294.643220 0.040428 0.946728    -0.007779
2294.643502 0.040711 0.946806    -0.007772
2294.643785 0.040994 0.946883    -0.007765
2294.644068 0.041276 0.946960    -0.007758
2294.644350 0.041559 0.947037    -0.007750
2294.644633 0.041842 0.947115    -0.007743
2294.644916 0.042124 0.947192    -0.007736
2294.645198 0.042407 0.947269    -0.007729
2294.645481 0.042689 0.947346    -0.007721
2294.645764 0.042972 0.947423    -0.007714
2294.646046 0.043255 0.947501    -0.007706
2294.646329 0.043537 0.947578    -0.007698
2294.646612 0.043820 0.947655    -0.007691
2294.646894 0.044103 0.947732    -0.007683
2294.647177 0.044385 0.947810    -0.007675
2294.647460 0.044668 0.947887    -0.007667
2294.647742 0.044951 0.947964    -0.007659
2294.648025 0.045233 0.948041    -0.007651
2294.648308 0.045516 0.948118    -0.007643
2294.648590 0.045799 0.948196    -0.007634
2294.648873 0.046081 0.948273    -0.007626
2294.649156 0.046364 0.948350    -0.007618
2294.649438 0.046647 0.948427    -0.007609
2294.649721 0.046929 0.948505    -0.007601
2294.650004 0.047212 0.948582    -0.007592
2294.650286 0.047495 0.948659    -0.007583
2294.650569 0.047777 0.948736    -0.007574
2294.650852 0.048060 0.948814    -0.007566
2294.651134 0.048343 0.948891    -0.007557
2294.651417 0.048625 0.948968    -0.007548
2294.651700 0.048908 0.949045    -0.007538
2294.651982 0.049191 0.949122    -0.007529
2294.652265 0.049473 0.949200    -0.007520
2294.652547 0.049756 0.949277    -0.007510
2294.652830 0.050039 0.949354    -0.007501
2294.653113 0.050321 0.949431    -0.007491
2294.653395 0.050604 0.949509    -0.007482
2294.653678 0.050887 0.949586    -0.007472
2294.653961 0.051169 0.949663    -0.007462
2294.654243 0.051452 0.949740    -0.007452
2294.654526 0.051735 0.949818    -0.007442
2294.654809 0.052017 0.949895    -0.007432
2294.655091 0.052300 0.949972    -0.007422
2294.655374 0.052583 0.950049    -0.007412
2294.655657 0.052865 0.950126    -0.007401
2294.655939 0.053148 0.950204    -0.007391
2294.656222 0.053431 0.950281    -0.007380
2294.656505 0.053713 0.950358    -0.007369
2294.656787 0.053996 0.950435    -0.007358
2294.657070 0.054279 0.950513    -0.007348
2294.657353 0.054561 0.950590    -0.007337
2294.657635 0.054844 0.950667    -0.007325
2294.657918 0.055127 0.950744    -0.007314
2294.658201 0.055409 0.950822    -0.007303
2294.658483 0.055692 0.950899    -0.007291
2294.658766 0.055975 0.950976    -0.007280
2294.659049 0.056257 0.951053    -0.007268
2294.659331 0.056540 0.951130    -0.007256
2294.659614 0.056822 0.951208    -0.007244
2294.659897 0.057105 0.951285    -0.007232
2294.660179 0.057388 0.951362    -0.007220
2294.660462 0.057670 0.951439    -0.007208
2294.660745 0.057953 0.951517    -0.007196
2294.661027 0.058236 0.951594    -0.007183
2294.661310 0.058518 0.951671    -0.007170
2294.661593 0.058801 0.951748    -0.007158
2294.661875 0.059084 0.951825    -0.007145
2294.662158 0.059366 0.951903    -0.007132
2294.662441 0.059649 0.951980    -0.007119
2294.662723 0.059932 0.952057    -0.007105
2294.663006 0.060214 0.952134    -0.007092
2294.663289 0.060497 0.952212    -0.007078
2294.663571 0.060780 0.952289    -0.007065
2294.663854 0.061062 0.952366    -0.007051
2294.664137 0.061345 0.952443    -0.007037
2294.664419 0.061628 0.952521    -0.007023
2294.664702 0.061910 0.952598    -0.007008
2294.664985 0.062193 0.952675    -0.006994
2294.665267 0.062476 0.952752    -0.006979
2294.665550 0.062758 0.952829    -0.006965
2294.665833 0.063041 0.952907    -0.006950
2294.666115 0.063324 0.952984    -0.006935
2294.666398 0.063606 0.953061    -0.006919
2294.666680 0.063889 0.953138    -0.006904
2294.666963 0.064172 0.953216    -0.006888
2294.667246 0.064454 0.953293    -0.006873
2294.667528 0.064737 0.953370    -0.006857
2294.667811 0.065020 0.953447    -0.006840
2294.668094 0.065302 0.953525    -0.006824
2294.668376 0.065585 0.953602    -0.006808
2294.668659 0.065868 0.953679    -0.006791
2294.668942 0.066150 0.953756    -0.006774
2294.669224 0.066433 0.953833    -0.006757
2294.669507 0.066716 0.953911    -0.006740
2294.669790 0.066998 0.953988    -0.006722
2294.670072 0.067281 0.954065    -0.006704
2294.670355 0.067564 0.954142    -0.006686
2294.670638 0.067846 0.954220    -0.006668
2294.670920 0.068129 0.954297    -0.006650
2294.671203 0.068412 0.954374    -0.006631
2294.671486 0.068694 0.954451    -0.006612
2294.671768 0.068977 0.954528    -0.006593
2294.672051 0.069260 0.954606    -0.006573
2294.672334 0.069542 0.954683    -0.006554
2294.672616 0.069825 0.954760    -0.006534
2294.672899 0.070108 0.954837    -0.006513
2294.673182 0.070390 0.954915    -0.006493
2294.673464 0.070673 0.954992    -0.006472
2294.673747 0.070955 0.955069    -0.006451
2294.674030 0.071238 0.955146    -0.006429
2294.674312 0.071521 0.955224    -0.006408
2294.674595 0.071803 0.955301    -0.006386
2294.674878 0.072086 0.955378    -0.006363
2294.675160 0.072369 0.955455    -0.006340
2294.675443 0.072651 0.955532    -0.006317
2294.675726 0.072934 0.955610    -0.006293
2294.676008 0.073217 0.955687    -0.006269
2294.676291 0.073499 0.955764    -0.006245
2294.676574 0.073782 0.955841    -0.006220
2294.676856 0.074065 0.955919    -0.006195
2294.677139 0.074347 0.955996    -0.006169
2294.677422 0.074630 0.956073    -0.006143
2294.677704 0.074913 0.956150    -0.006116
2294.677987 0.075195 0.956228    -0.006088
2294.678270 0.075478 0.956305    -0.006060
2294.678552 0.075761 0.956382    -0.006032
2294.678835 0.076043 0.956459    -0.006002
2294.679118 0.076326 0.956536    -0.005972
2294.679400 0.076609 0.956614    -0.005941
2294.679683 0.076891 0.956691    -0.005910
2294.679966 0.077174 0.956768    -0.005877
2294.680248 0.077457 0.956845    -0.005843
2294.680531 0.077739 0.956923    -0.005808
2294.680813 0.078022 0.957000    -0.005771
2294.681096 0.078305 0.957077    -0.005724
2294.681379 0.078587 0.957154    -0.005662
2294.681661 0.078870 0.957232    -0.005592
2294.681944 0.079153 0.957309    -0.005515
2294.682227 0.079435 0.957386    -0.005433
2294.682509 0.079718 0.957463    -0.005347
2294.682792 0.080001 0.957540    -0.005257
2294.683075 0.080283 0.957618    -0.005163
2294.683357 0.080566 0.957695    -0.005066
2294.683640 0.080849 0.957772    -0.004967
2294.683923 0.081131 0.957849    -0.004865
2294.684205 0.081414 0.957927    -0.004761
2294.684488 0.081697 0.958004    -0.004655
2294.684771 0.081979 0.958081    -0.004547
2294.685053 0.082262 0.958158    -0.004437
2294.685336 0.082545 0.958235    -0.004327
2294.685619 0.082827 0.958313    -0.004215
2294.685901 0.083110 0.958390    -0.004102
2294.686184 0.083393 0.958467    -0.003988
2294.686467 0.083675 0.958544    -0.003874
2294.686749 0.083958 0.958622    -0.003759
2294.687032 0.084241 0.958699    -0.003643
2294.687315 0.084523 0.958776    -0.003528
2294.687597 0.084806 0.958853    -0.003412
2294.687880 0.085088 0.958931    -0.003296
2294.688163 0.085371 0.959008    -0.003180
2294.688445 0.085654 0.959085    -0.003064
2294.688728 0.085936 0.959162    -0.002949
2294.689011 0.086219 0.959239    -0.002833
2294.689293 0.086502 0.959317    -0.002719
2294.689576 0.086784 0.959394    -0.002605
2294.689859 0.087067 0.959471    -0.002492
2294.690141 0.087350 0.959548    -0.002380
2294.690424 0.087632 0.959626    -0.002268
2294.690707 0.087915 0.959703    -0.002158
2294.690989 0.088198 0.959780    -0.002049
2294.691272 0.088480 0.959857    -0.001941
2294.691555 0.088763 0.959935    -0.001834
2294.691837 0.089046 0.960012    -0.001729
2294.692120 0.089328 0.960089    -0.001626
2294.692403 0.089611 0.960166    -0.001524
2294.692685 0.089894 0.960243    -0.001424
2294.692968 0.090176 0.960321    -0.001326
2294.693251 0.090459 0.960398    -0.001230
2294.693533 0.090742 0.960475    -0.001136
2294.693816 0.091024 0.960552    -0.001045
2294.694099 0.091307 0.960630    -0.000955
2294.694381 0.091590 0.960707    -0.000869
2294.694664 0.091872 0.960784    -0.000785
2294.694946 0.092155 0.960861    -0.000703
2294.695229 0.092438 0.960938    -0.000625
2294.695512 0.092720 0.961016    -0.000550
2294.695794 0.093003 0.961093    -0.000478
2294.696077 0.093286 0.961170    -0.000410
2294.696360 0.093568 0.961247    -0.000345
2294.696642 0.093851 0.961325    -0.000284
2294.696925 0.094134 0.961402    -0.000228
2294.697208 0.094416 0.961479    -0.000176
2294.697490 0.094699 0.961556    -0.000129
2294.697773 0.094982 0.961634    -0.000087
2294.698056 0.095264 0.961711    -0.000052
2294.698338 0.095547 0.961788    -0.000023
2294.698621 0.095830 0.961865    -0.000004
2294.698904 0.096112 0.961942     0.000000
2294.699186 0.096395 0.962020     0.000000
2294.699469 0.096678 0.962097     0.000000
2294.699752 0.096960 0.962174     0.000000
2294.700034 0.097243 0.962251     0.000000
2294.700317 0.097526 0.962329     0.000000
2294.700600 0.097808 0.962406     0.000000
2294.700882 0.098091 0.962483     0.000000
2294.701165 0.098374 0.962560     0.000000
2294.701448 0.098656 0.962638     0.000000
2294.701730 0.098939 0.962715     0.000000
2294.702013 0.099221 0.962792     0.000000
2294.702296 0.099504 0.962869     0.000000
2294.702578 0.099787 0.962946     0.000000
2294.702861 0.100069 0.963024     0.000000
2294.703144 0.100352 0.963101     0.000000
2294.703426 0.100635 0.963178     0.000000
2294.703709 0.100917 0.963255     0.000000
2294.703992 0.101200 0.963333     0.000000
2294.704274 0.101483 0.963410     0.000000
2294.704557 0.101765 0.963487     0.000000
2294.704840 0.102048 0.963564     0.000000
2294.705122 0.102331 0.963642     0.000000
2294.705405 0.102613 0.963719     0.000000
2294.705688 0.102896 0.963796     0.000000
2294.705970 0.103179 0.963873     0.000000
2294.706253 0.103461 0.963950     0.000000
2294.706536 0.103744 0.964028     0.000000
2294.706818 0.104027 0.964105     0.000000
2294.707101 0.104309 0.964182     0.000000
2294.707384 0.104592 0.964259     0.000000
2294.707666 0.104875 0.964337     0.000000
2294.707949 0.105157 0.964414     0.000000
2294.708232 0.105440 0.964491     0.000000
2294.708514 0.105723 0.964568     0.000000
2294.708797 0.106005 0.964645     0.000000
2294.709079 0.106288 0.964723     0.000000
2294.709362 0.106571 0.964800     0.000000
2294.709645 0.106853 0.964877     0.000000
2294.709927 0.107136 0.964954     0.000000
2294.710210 0.107419 0.965032     0.000000
2294.710493 0.107701 0.965109     0.000000
2294.710775 0.107984 0.965186     0.000000
2294.711058 0.108267 0.965263     0.000000
2294.711341 0.108549 0.965341     0.000000
2294.711623 0.108832 0.965418     0.000000
2294.711906 0.109115 0.965495     0.000000
2294.712189 0.109397 0.965572     0.000000
2294.712471 0.109680 0.965649     0.000000
2294.712754 0.109963 0.965727     0.000000
2294.713037 0.110245 0.965804     0.000000
2294.713319 0.110528 0.965881     0.000000
2294.713602 0.110811 0.965958     0.000000
2294.713885 0.111093 0.966036     0.000000
2294.714167 0.111376 0.966113     0.000000
2294.714450 0.111659 0.966190     0.000000
2294.714733 0.111941 0.966267     0.000000
2294.715015 0.112224 0.966345     0.000000
2294.715298 0.112507 0.966422     0.000000
2294.715581 0.112789 0.966499     0.000000
2294.715863 0.113072 0.966576     0.000000
2294.716146 0.113354 0.966653     0.000000
2294.716429 0.113637 0.966731     0.000000
2294.716711 0.113920 0.966808     0.000000
2294.716994 0.114202 0.966885     0.000000
2294.717277 0.114485 0.966962     0.000000
2294.717559 0.114768 0.967040     0.000000
2294.717842 0.115050 0.967117     0.000000
2294.718125 0.115333 0.967194     0.000000
2294.718407 0.115616 0.967271     0.000000
2294.718690 0.115898 0.967348     0.000000
2294.718973 0.116181 0.967426     0.000000
2294.719255 0.116464 0.967503     0.000000
2294.719538 0.116746 0.967580     0.000000
2294.719821 0.117029 0.967657     0.000000
2294.720103 0.117312 0.967735     0.000000
2294.720386 0.117594 0.967812     0.000000
2294.720669 0.117877 0.967889     0.000000
2294.720951 0.118160 0.967966     0.000000
2294.721234 0.118442 0.968044     0.000000
2294.721517 0.118725 0.968121     0.000000
2294.721799 0.119008 0.968198     0.000000
2294.722082 0.119290 0.968275     0.000000
2294.722365 0.119573 0.968352     0.000000
2294.722647 0.119856 0.968430     0.000000
2294.722930 0.120138 0.968507     0.000000
2294.723212 0.120421 0.968584     0.000000
2294.723495 0.120704 0.968661     0.000000
2294.723778 0.120986 0.968739     0.000000
2294.724060 0.121269 0.968816     0.000000
2294.724343 0.121552 0.968893     0.000000
2294.724626 0.121834 0.968970     0.000000
2294.724908 0.122117 0.969048     0.000000
2294.725191 0.122400 0.969125     0.000000
2294.725474 0.122682 0.969202     0.000000
2294.725756 0.122965 0.969279     0.000000
2294.726039 0.123248 0.969356     0.000000
2294.726322 0.123530 0.969434     0.000000
2294.726604 0.123813 0.969511     0.000000
2294.726887 0.124096 0.969588     0.000000
2294.727170 0.124378 0.969665     0.000000
