# time Tc_folded Tref_folded model model_err 
2294.422180 0.000000 0.000000     0.004671     0.001540 
2294.422462 0.000000 0.000000     0.004677     0.001533 
2294.422745 0.000000 0.000000     0.004683     0.001527 
2294.423028 0.000000 0.000000     0.004689     0.001520 
2294.423310 0.000000 0.000000     0.004695     0.001513 
2294.423593 0.000000 0.000000     0.004701     0.001507 
2294.423876 0.000000 0.000000     0.004708     0.001500 
2294.424158 0.000000 0.000000     0.004714     0.001493 
2294.424441 0.000000 0.000000     0.004720     0.001487 
2294.424724 0.000000 0.000000     0.004726     0.001480 
2294.425006 0.000000 0.000000     0.004732     0.001474 
2294.425289 0.000000 0.000000     0.004738     0.001467 
2294.425572 0.000000 0.000000     0.004744     0.001460 
2294.425854 0.000000 0.000000     0.004750     0.001454 
2294.426137 0.000000 0.000000     0.004756     0.001447 
2294.426419 0.000000 0.000000     0.004762     0.001441 
2294.426702 0.000000 0.000000     0.004768     0.001434 
2294.426985 0.000000 0.000000     0.004774     0.001427 
2294.427267 0.000000 0.000000     0.004780     0.001421 
2294.427550 0.000000 0.000000     0.004787     0.001414 
2294.427833 0.000000 0.000000     0.004793     0.001408 
2294.428115 0.000000 0.000000     0.004799     0.001401 
2294.428398 0.000000 0.000000     0.004805     0.001395 
2294.428681 0.000000 0.000000     0.004811     0.001388 
2294.428963 0.000000 0.000000     0.004817     0.001382 
2294.429246 0.000000 0.000000     0.004823     0.001375 
2294.429529 0.000000 0.000000     0.004829     0.001369 
2294.429811 0.000000 0.000000     0.004836     0.001362 
2294.430094 0.000000 0.000000     0.004842     0.001356 
2294.430377 0.000000 0.000000     0.004848     0.001349 
2294.430659 0.000000 0.000000     0.004854     0.001343 
2294.430942 0.000000 0.000000     0.004860     0.001336 
2294.431225 0.000000 0.000000     0.004866     0.001330 
2294.431507 0.000000 0.000000     0.004873     0.001323 
2294.431790 0.000000 0.000000     0.004879     0.001317 
2294.432073 0.000000 0.000000     0.004885     0.001311 
2294.432355 0.000000 0.000000     0.004891     0.001304 
2294.432638 0.000000 0.000000     0.004897     0.001298 
2294.432921 0.000000 0.000000     0.004904     0.001291 
2294.433203 0.000000 0.000000     0.004910     0.001285 
2294.433486 0.000000 0.000000     0.004916     0.001279 
2294.433769 0.000000 0.000000     0.004922     0.001272 
2294.434051 0.000000 0.000000     0.004928     0.001266 
2294.434334 0.000000 0.000000     0.004935     0.001260 
2294.434617 0.000000 0.000000     0.004941     0.001253 
2294.434899 0.000000 0.000000     0.004947     0.001247 
2294.435182 0.000000 0.000000     0.004953     0.001241 
2294.435465 0.000000 0.000000     0.004960     0.001234 
2294.435747 0.000000 0.000000     0.004966     0.001228 
2294.436030 0.000000 0.000000     0.004972     0.001222 
2294.436313 0.000000 0.000000     0.004978     0.001216 
2294.436595 0.000000 0.000000     0.004985     0.001209 
2294.436878 0.000000 0.000000     0.004991     0.001203 
2294.437161 0.000000 0.000000     0.004997     0.001197 
2294.437443 0.000000 0.000000     0.005004     0.001191 
2294.437726 0.000000 0.000000     0.005010     0.001185 
2294.438009 0.000000 0.000000     0.005016     0.001178 
2294.438291 0.000000 0.000000     0.005022     0.001172 
2294.438574 0.000000 0.000000     0.005029     0.001166 
2294.438857 0.000000 0.000000     0.005035     0.001160 
2294.439139 0.000000 0.000000     0.005041     0.001154 
2294.439422 0.000000 0.000000     0.005048     0.001148 
2294.439705 0.000000 0.000000     0.005054     0.001142 
2294.439987 0.000000 0.000000     0.005060     0.001136 
2294.440270 0.000000 0.000000     0.005067     0.001130 
2294.440552 0.000000 0.000000     0.005073     0.001124 
2294.440835 0.000000 0.000000     0.005079     0.001118 
2294.441118 0.000000 0.000000     0.005086     0.001112 
2294.441400 0.000000 0.000000     0.005092     0.001106 
2294.441683 0.000000 0.000000     0.005098     0.001100 
2294.441966 0.000000 0.000000     0.005105     0.001094 
2294.442248 0.000000 0.000000     0.005111     0.001088 
2294.442531 0.000000 0.000000     0.005118     0.001082 
2294.442814 0.000000 0.000000     0.005124     0.001077 
2294.443096 0.000000 0.000000     0.005130     0.001071 
2294.443379 0.000000 0.000000     0.005137     0.001065 
2294.443662 0.000000 0.000000     0.005143     0.001059 
2294.443944 0.000000 0.000000     0.005149     0.001054 
2294.444227 0.000000 0.000000     0.005156     0.001048 
2294.444510 0.000000 0.000000     0.005162     0.001042 
2294.444792 0.000000 0.000000     0.005169     0.001036 
2294.445075 0.000000 0.000000     0.005175     0.001031 
2294.445358 0.000000 0.000000     0.005182     0.001025 
2294.445640 0.000000 0.000000     0.005188     0.001020 
2294.445923 0.000000 0.000000     0.005194     0.001014 
2294.446206 0.000000 0.000000     0.005201     0.001008 
2294.446488 0.000000 0.000000     0.005207     0.001003 
2294.446771 0.000000 0.000000     0.005214     0.000997 
2294.447054 0.000000 0.000000     0.005220     0.000992 
2294.447336 0.000000 0.000000     0.005227     0.000986 
2294.447619 0.000000 0.000000     0.005233     0.000981 
2294.447902 0.000000 0.000000     0.005240     0.000976 
2294.448184 0.000000 0.000000     0.005246     0.000970 
2294.448467 0.000000 0.000000     0.005252     0.000965 
2294.448750 0.000000 0.000000     0.005259     0.000960 
2294.449032 0.000000 0.000000     0.005265     0.000954 
2294.449315 0.000000 0.000000     0.005272     0.000949 
2294.449598 0.000000 0.000000     0.005278     0.000944 
2294.449880 0.000000 0.000000     0.005285     0.000939 
2294.450163 0.000000 0.000000     0.005291     0.000934 
2294.450446 0.000000 0.000000     0.005298     0.000929 
2294.450728 0.000000 0.000000     0.005305     0.000923 
2294.451011 0.000000 0.000000     0.005311     0.000918 
2294.451294 0.000000 0.000000     0.005318     0.000913 
2294.451576 0.000000 0.000000     0.005324     0.000908 
2294.451859 0.000000 0.000000     0.005331     0.000903 
2294.452142 0.000000 0.000000     0.005338     0.000898 
2294.452424 0.000000 0.000000     0.005344     0.000894 
2294.452707 0.000000 0.000000     0.005351     0.000889 
2294.452990 0.000000 0.000000     0.005357     0.000884 
2294.453272 0.000000 0.000000     0.005364     0.000879 
2294.453555 0.000000 0.000000     0.005371     0.000874 
2294.453838 0.000000 0.000000     0.005378     0.000870 
2294.454120 0.000000 0.000000     0.005384     0.000865 
2294.454403 0.000000 0.000000     0.005391     0.000860 
2294.454685 0.000000 0.000000     0.005398     0.000856 
2294.454968 0.000000 0.000000     0.005405     0.000851 
2294.455251 0.000000 0.000000     0.005412     0.000847 
2294.455533 0.000000 0.000000     0.005418     0.000842 
2294.455816 0.000000 0.000000     0.005425     0.000838 
2294.456099 0.000000 0.000000     0.005432     0.000833 
2294.456381 0.000000 0.000000     0.005439     0.000829 
2294.456664 0.000000 0.000000     0.005446     0.000824 
2294.456947 0.000000 0.000000     0.005453     0.000820 
2294.457229 0.000000 0.000000     0.005460     0.000816 
2294.457512 0.000000 0.000000     0.005467     0.000812 
2294.457795 0.000000 0.000000     0.005474     0.000807 
2294.458077 0.000000 0.000000     0.005481     0.000803 
2294.458360 0.000000 0.000000     0.005488     0.000799 
2294.458643 0.000000 0.000000     0.005495     0.000795 
2294.458925 0.000000 0.000000     0.005502     0.000791 
2294.459208 0.000000 0.000000     0.005509     0.000787 
2294.459491 0.000000 0.000000     0.005516     0.000783 
2294.459773 0.000000 0.000000     0.005524     0.000779 
2294.460056 0.000000 0.000000     0.005531     0.000775 
2294.460339 0.000000 0.000000     0.005538     0.000771 
2294.460621 0.000000 0.000000     0.005545     0.000767 
2294.460904 0.000000 0.000000     0.005552     0.000764 
2294.461187 0.000000 0.000000     0.005560     0.000760 
2294.461469 0.000000 0.000000     0.005567     0.000756 
2294.461752 0.000000 0.000000     0.005574     0.000752 
2294.462035 0.000000 0.000000     0.005581     0.000749 
2294.462317 0.000000 0.000000     0.005589     0.000745 
2294.462600 0.000000 0.000000     0.005596     0.000742 
2294.462883 0.000000 0.000000     0.005603     0.000738 
2294.463165 0.000000 0.000000     0.005610     0.000735 
2294.463448 0.000000 0.000000     0.005618     0.000731 
2294.463731 0.000000 0.000000     0.005625     0.000728 
2294.464013 0.000000 0.000000     0.005632     0.000724 
2294.464296 0.000000 0.000000     0.005640     0.000721 
2294.464579 0.000000 0.000000     0.005647     0.000718 
2294.464861 0.000000 0.000000     0.005655     0.000714 
2294.465144 0.000000 0.000000     0.005662     0.000711 
2294.465427 0.000000 0.000000     0.005669     0.000708 
2294.465709 0.000000 0.000000     0.005677     0.000705 
2294.465992 0.000000 0.000000     0.005684     0.000702 
2294.466275 0.000000 0.000000     0.005692     0.000699 
2294.466557 0.000000 0.000000     0.005699     0.000696 
2294.466840 0.000000 0.000000     0.005707     0.000693 
2294.467123 0.000000 0.000000     0.005714     0.000690 
2294.467405 0.000000 0.000000     0.005722     0.000687 
2294.467688 0.000000 0.000000     0.005729     0.000684 
2294.467971 0.000000 0.000000     0.005737     0.000681 
2294.468253 0.000000 0.000000     0.005745     0.000678 
2294.468536 0.000000 0.000000     0.005752     0.000676 
2294.468818 0.000000 0.000000     0.005760     0.000673 
2294.469101 0.000000 0.000000     0.005767     0.000670 
2294.469384 0.000000 0.000000     0.005775     0.000668 
2294.469666 0.000000 0.000000     0.005783     0.000665 
2294.469949 0.000000 0.000000     0.005791     0.000662 
2294.470232 0.000000 0.000000     0.005798     0.000660 
2294.470514 0.000000 0.000000     0.005806     0.000657 
2294.470797 0.000000 0.000000     0.005814     0.000655 
2294.471080 0.000000 0.000000     0.005822     0.000652 
2294.471362 0.000000 0.000000     0.005829     0.000650 
2294.471645 0.000000 0.000000     0.005837     0.000648 
2294.471928 0.000000 0.000000     0.005845     0.000645 
2294.472210 0.000000 0.000000     0.005853     0.000643 
2294.472493 0.000000 0.000000     0.005861     0.000641 
2294.472776 0.000000 0.000000     0.005869     0.000639 
2294.473058 0.000000 0.000000     0.005877     0.000636 
2294.473341 0.000000 0.000000     0.005885     0.000634 
2294.473624 0.000000 0.000000     0.005893     0.000632 
2294.473906 0.000000 0.000000     0.005901     0.000630 
2294.474189 0.000000 0.000000     0.005909     0.000628 
2294.474472 0.000000 0.000000     0.005917     0.000626 
2294.474754 0.000000 0.000000     0.005925     0.000624 
2294.475037 0.000000 0.000000     0.005933     0.000622 
2294.475320 0.000000 0.000000     0.005941     0.000620 
2294.475602 0.000000 0.000000     0.005950     0.000618 
2294.475885 0.000000 0.000000     0.005958     0.000616 
2294.476168 0.000000 0.000000     0.005966     0.000615 
2294.476450 0.000000 0.000000     0.005974     0.000613 
2294.476733 0.000000 0.000000     0.005983     0.000611 
2294.477016 0.000000 0.000000     0.005991     0.000609 
2294.477298 0.000000 0.000000     0.005999     0.000608 
2294.477581 0.000000 0.000000     0.006008     0.000606 
2294.477864 0.000000 0.000000     0.006016     0.000604 
2294.478146 0.000000 0.000000     0.006024     0.000603 
2294.478429 0.000000 0.000000     0.006033     0.000601 
2294.478712 0.000000 0.000000     0.006041     0.000600 
2294.478994 0.000000 0.000000     0.006050     0.000598 
2294.479277 0.000000 0.000000     0.006059     0.000597 
2294.479560 0.000000 0.000000     0.006067     0.000595 
2294.479842 0.000000 0.000000     0.006076     0.000594 
2294.480125 0.000000 0.000000     0.006085     0.000592 
2294.480408 0.000000 0.000000     0.006093     0.000591 
2294.480690 0.000000 0.000000     0.006102     0.000590 
2294.480973 0.000000 0.000000     0.006111     0.000588 
2294.481256 0.000000 0.000000     0.006120     0.000587 
2294.481538 0.000000 0.000000     0.006129     0.000586 
2294.481821 0.000000 0.000000     0.006137     0.000585 
2294.482104 0.000000 0.000000     0.006146     0.000583 
2294.482386 0.000000 0.000000     0.006155     0.000582 
2294.482669 0.000000 0.000000     0.006164     0.000581 
2294.482951 0.000000 0.000000     0.006174     0.000580 
2294.483234 0.000000 0.000000     0.006183     0.000579 
2294.483517 0.000000 0.000000     0.006192     0.000578 
2294.483799 0.000000 0.000000     0.006201     0.000577 
2294.484082 0.000000 0.000000     0.006210     0.000576 
2294.484365 0.000000 0.000000     0.006220     0.000575 
2294.484647 0.000000 0.000000     0.006229     0.000574 
2294.484930 0.000000 0.000000     0.006238     0.000573 
2294.485213 0.000000 0.000000     0.006248     0.000572 
2294.485495 0.000000 0.000000     0.006257     0.000571 
2294.485778 0.000000 0.000000     0.006267     0.000570 
2294.486061 0.000000 0.000000     0.006277     0.000569 
2294.486343 0.000000 0.000000     0.006286     0.000568 
2294.486626 0.000000 0.000000     0.006296     0.000567 
2294.486909 0.000000 0.000000     0.006306     0.000567 
2294.487191 0.000000 0.000000     0.006315     0.000566 
2294.487474 0.000000 0.000000     0.006325     0.000565 
2294.487757 0.000000 0.000000     0.006335     0.000564 
2294.488039 0.000000 0.000000     0.006345     0.000564 
2294.488322 0.000000 0.000000     0.006355     0.000563 
2294.488605 0.000000 0.000000     0.006365     0.000562 
2294.488887 0.000000 0.000000     0.006375     0.000561 
2294.489170 0.000000 0.000000     0.006385     0.000561 
2294.489453 0.000000 0.000000     0.006396     0.000560 
2294.489735 0.000000 0.000000     0.006406     0.000559 
2294.490018 0.000000 0.000000     0.006416     0.000559 
2294.490301 0.000000 0.000000     0.006426     0.000558 
2294.490583 0.000000 0.000000     0.006437     0.000558 
2294.490866 0.000000 0.000000     0.006447     0.000557 
2294.491149 0.000000 0.000000     0.006458     0.000557 
2294.491431 0.000000 0.000000     0.006468     0.000556 
2294.491714 0.000000 0.000000     0.006479     0.000555 
2294.491997 0.000000 0.000000     0.006490     0.000555 
2294.492279 0.000000 0.000000     0.006500     0.000554 
2294.492562 0.000000 0.000000     0.006511     0.000554 
2294.492845 0.000000 0.000000     0.006522     0.000554 
2294.493127 0.000000 0.000000     0.006533     0.000553 
2294.493410 0.000000 0.000000     0.006544     0.000553 
2294.493693 0.000000 0.000000     0.006555     0.000552 
2294.493975 0.000000 0.000000     0.006566     0.000552 
2294.494258 0.000000 0.000000     0.006577     0.000551 
2294.494541 0.000000 0.000000     0.006588     0.000551 
2294.494823 0.000000 0.000000     0.006599     0.000551 
2294.495106 0.000000 0.000000     0.006611     0.000550 
2294.495389 0.000000 0.000000     0.006622     0.000550 
2294.495671 0.000000 0.000000     0.006633     0.000549 
2294.495954 0.000000 0.000000     0.006645     0.000549 
2294.496237 0.000000 0.000000     0.006656     0.000549 
2294.496519 0.000000 0.000000     0.006668     0.000548 
2294.496802 0.000000 0.000000     0.006679     0.000548 
2294.497084 0.000000 0.000000     0.006691     0.000548 
2294.497367 0.000000 0.000000     0.006703     0.000548 
2294.497650 0.000000 0.000000     0.006715     0.000547 
2294.497932 0.000000 0.000000     0.006727     0.000547 
2294.498215 0.000000 0.000000     0.006738     0.000547 
2294.498498 0.000000 0.000000     0.006750     0.000546 
2294.498780 0.000000 0.000000     0.006762     0.000546 
2294.499063 0.000000 0.000000     0.006775     0.000546 
2294.499346 0.000000 0.000000     0.006787     0.000546 
2294.499628 0.000000 0.000000     0.006799     0.000546 
2294.499911 0.000000 0.000000     0.006811     0.000545 
2294.500194 0.000000 0.000000     0.006823     0.000545 
2294.500476 0.000000 0.000000     0.006836     0.000545 
2294.500759 0.000000 0.000000     0.006848     0.000545 
2294.501042 0.000000 0.000000     0.006861     0.000545 
2294.501324 0.000000 0.000000     0.006873     0.000544 
2294.501607 0.000000 0.000000     0.006886     0.000544 
2294.501890 0.000000 0.000000     0.006898     0.000544 
2294.502172 0.000000 0.000000     0.006911     0.000544 
2294.502455 0.000000 0.000000     0.006924     0.000544 
2294.502738 0.000000 0.000000     0.006937     0.000544 
2294.503020 0.000000 0.000000     0.006949     0.000543 
2294.503303 0.000000 0.000000     0.006962     0.000543 
2294.503586 0.000000 0.000000     0.006975     0.000543 
2294.503868 0.000000 0.000000     0.006988     0.000543 
2294.504151 0.000000 0.000000     0.007001     0.000543 
2294.504434 0.000000 0.000000     0.007014     0.000543 
2294.504716 0.000000 0.000000     0.007027     0.000543 
2294.504999 0.000000 0.000000     0.007041     0.000543 
2294.505282 0.000000 0.000000     0.007054     0.000543 
2294.505564 0.000000 0.000000     0.007067     0.000543 
2294.505847 0.000000 0.000000     0.007080     0.000542 
2294.506130 0.000000 0.000000     0.007094     0.000542 
2294.506412 0.000000 0.000000     0.007107     0.000542 
2294.506695 0.000000 0.000000     0.007121     0.000542 
2294.506978 0.000000 0.000000     0.007134     0.000542 
2294.507260 0.000000 0.000000     0.007148     0.000542 
2294.507543 0.000000 0.000000     0.007161     0.000542 
2294.507826 0.000000 0.000000     0.007175     0.000542 
2294.508108 0.000000 0.000000     0.007189     0.000542 
2294.508391 0.000000 0.000000     0.007202     0.000542 
2294.508674 0.000000 0.000000     0.007216     0.000542 
2294.508956 0.000000 0.000000     0.007230     0.000542 
2294.509239 0.000000 0.000000     0.007244     0.000542 
2294.509522 0.000000 0.000000     0.007258     0.000542 
2294.509804 0.000000 0.000000     0.007272     0.000542 
2294.510087 0.000000 0.000000     0.007286     0.000542 
2294.510370 0.000000 0.000000     0.007300     0.000542 
2294.510652 0.000000 0.000000     0.007314     0.000542 
2294.510935 0.000000 0.000000     0.007328     0.000542 
2294.511217 0.000000 0.000000     0.007343     0.000542 
2294.511500 0.000000 0.000000     0.007357     0.000542 
2294.511783 0.000000 0.000000     0.007371     0.000542 
2294.512065 0.000000 0.000000     0.007386     0.000542 
2294.512348 0.000000 0.000000     0.007400     0.000542 
2294.512631 0.000000 0.000000     0.007414     0.000542 
2294.512913 0.000000 0.000000     0.007429     0.000542 
2294.513196 0.000000 0.000000     0.007443     0.000542 
2294.513479 0.000000 0.000000     0.007458     0.000542 
2294.513761 0.000000 0.000000     0.007473     0.000543 
2294.514044 0.000000 0.000000     0.007487     0.000543 
2294.514327 0.000000 0.000000     0.007502     0.000543 
2294.514609 0.000000 0.000000     0.007517     0.000543 
2294.514892 0.000000 0.000000     0.007532     0.000543 
2294.515175 0.000000 0.000000     0.007547     0.000543 
2294.515457 0.000000 0.000000     0.007562     0.000543 
2294.515740 0.000000 0.000000     0.007577     0.000543 
2294.516023 0.000000 0.000000     0.007592     0.000543 
2294.516305 0.000000 0.000000     0.007607     0.000543 
2294.516588 0.000000 0.000000     0.007622     0.000543 
2294.516871 0.000000 0.000000     0.007637     0.000544 
2294.517153 0.000000 0.000000     0.007652     0.000544 
2294.517436 0.000000 0.000000     0.007667     0.000544 
2294.517719 0.000000 0.000000     0.007683     0.000544 
2294.518001 0.000000 0.000000     0.007698     0.000544 
2294.518284 0.000000 0.000000     0.007713     0.000544 
2294.518567 0.000000 0.000000     0.007729     0.000544 
2294.518849 0.000000 0.000000     0.007744     0.000544 
2294.519132 0.000000 0.000000     0.007760     0.000545 
2294.519415 0.000000 0.000000     0.007775     0.000545 
2294.519697 0.000000 0.000000     0.007791     0.000545 
2294.519980 0.000000 0.000000     0.007807     0.000545 
2294.520263 0.000000 0.000000     0.007822     0.000545 
2294.520545 0.000000 0.000000     0.007838     0.000545 
2294.520828 0.000000 0.000000     0.007854     0.000545 
2294.521111 0.000000 0.000000     0.007870     0.000546 
2294.521393 0.000000 0.000000     0.007886     0.000546 
2294.521676 0.000000 0.000000     0.007902     0.000546 
2294.521959 0.000000 0.000000     0.007917     0.000546 
2294.522241 0.000000 0.000000     0.007934     0.000546 
2294.522524 0.000000 0.000000     0.007950     0.000547 
2294.522807 0.000000 0.000000     0.007966     0.000547 
2294.523089 0.000000 0.000000     0.007982     0.000547 
2294.523372 0.000000 0.000000     0.007998     0.000547 
2294.523655 0.000000 0.000000     0.008014     0.000547 
2294.523937 0.000000 0.000000     0.008031     0.000548 
2294.524220 0.000000 0.000000     0.008047     0.000548 
2294.524503 0.000000 0.000000     0.008064     0.000548 
2294.524785 0.000000 0.000000     0.008080     0.000548 
2294.525068 0.000000 0.000000     0.008097     0.000548 
2294.525350 0.000000 0.000000     0.008113     0.000549 
2294.525633 0.000000 0.000000     0.008130     0.000549 
2294.525916 0.000000 0.000000     0.008146     0.000549 
2294.526198 0.000000 0.000000     0.008163     0.000549 
2294.526481 0.000000 0.000000     0.008180     0.000550 
2294.526764 0.000000 0.000000     0.008197     0.000550 
2294.527046 0.000000 0.000000     0.008214     0.000550 
2294.527329 0.000000 0.000000     0.008231     0.000550 
2294.527612 0.000000 0.000000     0.008248     0.000551 
2294.527894 0.000000 0.000000     0.008265     0.000551 
2294.528177 0.000000 0.000000     0.008282     0.000551 
2294.528460 0.000000 0.000000     0.008299     0.000551 
2294.528742 0.000000 0.000000     0.008316     0.000552 
2294.529025 0.000000 0.000000     0.008334     0.000552 
2294.529308 0.000000 0.000000     0.008351     0.000552 
2294.529590 0.000000 0.000000     0.008369     0.000553 
2294.529873 0.000000 0.000000     0.008386     0.000553 
2294.530156 0.000000 0.000000     0.008404     0.000553 
2294.530438 0.000000 0.000000     0.008421     0.000553 
2294.530721 0.000000 0.000000     0.008439     0.000554 
2294.531004 0.000000 0.000000     0.008457     0.000554 
2294.531286 0.000000 0.000000     0.008474     0.000554 
2294.531569 0.000000 0.000000     0.008492     0.000555 
2294.531852 0.000000 0.000000     0.008510     0.000555 
2294.532134 0.000000 0.000000     0.008528     0.000555 
2294.532417 0.000000 0.000000     0.008546     0.000556 
2294.532700 0.000000 0.000000     0.008564     0.000556 
2294.532982 0.000000 0.000000     0.008582     0.000556 
2294.533265 0.000000 0.000000     0.008601     0.000557 
2294.533548 0.000000 0.000000     0.008619     0.000557 
2294.533830 0.000000 0.000000     0.008637     0.000557 
2294.534113 0.000000 0.000000     0.008656     0.000558 
2294.534396 0.000000 0.000000     0.008674     0.000558 
2294.534678 0.000000 0.000000     0.008693     0.000559 
2294.534961 0.000000 0.000000     0.008711     0.000559 
2294.535244 0.000000 0.000000     0.008730     0.000559 
2294.535526 0.000000 0.000000     0.008749     0.000560 
2294.535809 0.000000 0.000000     0.008767     0.000560 
2294.536092 0.000000 0.000000     0.008786     0.000560 
2294.536374 0.000000 0.000000     0.008805     0.000561 
2294.536657 0.000000 0.000000     0.008824     0.000561 
2294.536940 0.000000 0.000000     0.008843     0.000562 
2294.537222 0.000000 0.000000     0.008862     0.000562 
2294.537505 0.000000 0.000000     0.008881     0.000562 
2294.537788 0.000000 0.000000     0.008901     0.000563 
2294.538070 0.000000 0.000000     0.008920     0.000563 
2294.538353 0.000000 0.000000     0.008939     0.000564 
2294.538636 0.000000 0.000000     0.008958     0.000564 
2294.538918 0.000000 0.000000     0.008978     0.000564 
2294.539201 0.000000 0.000000     0.008997     0.000565 
2294.539483 0.000000 0.000000     0.009017     0.000565 
2294.539766 0.000000 0.000000     0.009036     0.000566 
2294.540049 0.000000 0.000000     0.009056     0.000566 
2294.540331 0.000000 0.000000     0.009076     0.000567 
2294.540614 0.000000 0.000000     0.009095     0.000567 
2294.540897 0.000000 0.000000     0.009115     0.000568 
2294.541179 0.000000 0.000000     0.009135     0.000568 
2294.541462 0.000000 0.000000     0.009155     0.000569 
2294.541745 0.000000 0.000000     0.009175     0.000569 
2294.542027 0.000000 0.000000     0.009194     0.000569 
2294.542310 0.000000 0.000000     0.009214     0.000570 
2294.542593 0.000000 0.000000     0.009234     0.000570 
2294.542875 0.000000 0.000000     0.009255     0.000571 
2294.543158 0.000000 0.000000     0.009275     0.000571 
2294.543441 0.000000 0.000000     0.009295     0.000572 
2294.543723 0.000000 0.000000     0.009315     0.000572 
2294.544006 0.000000 0.000000     0.009335     0.000573 
2294.544289 0.000000 0.000000     0.009355     0.000573 
2294.544571 0.000000 0.000000     0.009376     0.000574 
2294.544854 0.000000 0.000000     0.009396     0.000574 
2294.545137 0.000000 0.000000     0.009416     0.000575 
2294.545419 0.000000 0.000000     0.009437     0.000575 
2294.545702 0.000000 0.000000     0.009457     0.000576 
2294.545985 0.000000 0.000000     0.009478     0.000577 
2294.546267 0.000000 0.000000     0.009498     0.000577 
2294.546550 0.000000 0.000000     0.009519     0.000578 
2294.546833 0.000000 0.000000     0.009539     0.000578 
2294.547115 0.000000 0.000000     0.009560     0.000579 
2294.547398 0.000000 0.000000     0.009580     0.000579 
2294.547681 0.000000 0.000000     0.009601     0.000580 
2294.547963 0.000000 0.000000     0.009622     0.000580 
2294.548246 0.000000 0.000000     0.009642     0.000581 
2294.548529 0.000000 0.000000     0.009663     0.000582 
2294.548811 0.000000 0.000000     0.009683     0.000582 
2294.549094 0.000000 0.000000     0.009704     0.000583 
2294.549377 0.000000 0.000000     0.009725     0.000583 
2294.549659 0.000000 0.000000     0.009745     0.000584 
2294.549942 0.000000 0.000000     0.009766     0.000584 
2294.550225 0.000000 0.000000     0.009787     0.000585 
2294.550507 0.000000 0.000000     0.009808     0.000586 
2294.550790 0.000000 0.000000     0.009828     0.000586 
2294.551073 0.000000 0.000000     0.009849     0.000587 
2294.551355 0.000000 0.000000     0.009870     0.000587 
2294.551638 0.000000 0.000000     0.009891     0.000588 
2294.551921 0.000000 0.000000     0.009911     0.000589 
2294.552203 0.000000 0.000000     0.009932     0.000589 
2294.552486 0.000000 0.000000     0.009953     0.000590 
2294.552769 0.000000 0.000000     0.009973     0.000591 
2294.553051 0.000000 0.000000     0.009994     0.000591 
2294.553334 0.000000 0.000000     0.010015     0.000592 
2294.553616 0.000000 0.000000     0.010036     0.000592 
2294.553899 0.000000 0.000000     0.010056     0.000593 
2294.554182 0.000000 0.000000     0.010077     0.000594 
2294.554464 0.000000 0.000000     0.010098     0.000594 
2294.554747 0.000000 0.000000     0.010118     0.000595 
2294.555030 0.000000 0.000000     0.010139     0.000596 
2294.555312 0.000000 0.000000     0.010160     0.000596 
2294.555595 0.000000 0.000000     0.010180     0.000597 
2294.555878 0.000000 0.000000     0.010201     0.000598 
2294.556160 0.000000 0.000000     0.010222     0.000598 
2294.556443 0.000000 0.000000     0.010242     0.000599 
2294.556726 0.000000 0.000000     0.010263     0.000600 
2294.557008 0.000000 0.000000     0.010283     0.000600 
2294.557291 0.000000 0.000000     0.010304     0.000601 
2294.557574 0.000000 0.000000     0.010325     0.000602 
2294.557856 0.000000 0.000000     0.010345     0.000603 
2294.558139 0.000000 0.000000     0.010366     0.000603 
2294.558422 0.000000 0.000000     0.010386     0.000604 
2294.558704 0.000000 0.000000     0.010406     0.000605 
2294.558987 0.000000 0.000000     0.010427     0.000605 
2294.559270 0.000000 0.000000     0.010447     0.000606 
2294.559552 0.000000 0.000000     0.010468     0.000607 
2294.559835 0.000000 0.000000     0.010488     0.000607 
2294.560118 0.000000 0.000000     0.010508     0.000608 
2294.560400 0.000000 0.000000     0.010528     0.000609 
2294.560683 0.000000 0.000000     0.010549     0.000610 
2294.560966 0.000000 0.000000     0.010569     0.000610 
2294.561248 0.000000 0.000000     0.010589     0.000611 
2294.561531 0.000000 0.000000     0.010609     0.000612 
2294.561814 0.000000 0.000000     0.010629     0.000612 
2294.562096 0.000000 0.000000     0.010649     0.000613 
2294.562379 0.000000 0.000000     0.010669     0.000614 
2294.562662 0.000000 0.000000     0.010689     0.000615 
2294.562944 0.000000 0.000000     0.010709     0.000615 
2294.563227 0.000000 0.000000     0.010729     0.000616 
2294.563510 0.000000 0.000000     0.010748     0.000617 
2294.563792 0.000000 0.000000     0.010768     0.000618 
2294.564075 0.000000 0.000000     0.010788     0.000618 
2294.564358 0.000000 0.000000     0.010808     0.000619 
2294.564640 0.000000 0.000000     0.010827     0.000620 
2294.564923 0.000000 0.000000     0.010847     0.000620 
2294.565206 0.000000 0.000000     0.010866     0.000621 
2294.565488 0.000000 0.000000     0.010886     0.000622 
2294.565771 0.000000 0.000000     0.010905     0.000623 
2294.566054 0.000000 0.000000     0.010924     0.000623 
2294.566336 0.000000 0.000000     0.010944     0.000624 
2294.566619 0.000000 0.000000     0.010963     0.000625 
2294.566902 0.000000 0.000000     0.010982     0.000626 
2294.567184 0.000000 0.000000     0.011001     0.000626 
2294.567467 0.000000 0.000000     0.011020     0.000627 
2294.567749 0.000000 0.000000     0.011039     0.000628 
2294.568032 0.000000 0.000000     0.011058     0.000629 
2294.568315 0.000000 0.000000     0.011077     0.000629 
2294.568597 0.000000 0.000000     0.011096     0.000630 
2294.568880 0.000000 0.000000     0.011114     0.000631 
2294.569163 0.000000 0.000000     0.011133     0.000632 
2294.569445 0.000000 0.000000     0.011152     0.000632 
2294.569728 0.000000 0.000000     0.011170     0.000633 
2294.570011 0.000000 0.000000     0.011189     0.000634 
2294.570293 0.000000 0.000000     0.011207     0.000635 
2294.570576 0.000000 0.000000     0.011225     0.000635 
2294.570859 0.000000 0.000000     0.011244     0.000636 
2294.571141 0.000000 0.000000     0.011262     0.000637 
2294.571424 0.000000 0.000000     0.011280     0.000638 
2294.571707 0.000000 0.000000     0.011298     0.000638 
2294.571989 0.000000 0.000000     0.011316     0.000639 
2294.572272 0.000000 0.000000     0.011334     0.000640 
2294.572555 0.000000 0.000000     0.011352     0.000641 
2294.572837 0.000000 0.000000     0.011369     0.000641 
2294.573120 0.000000 0.000000     0.011387     0.000642 
2294.573403 0.000000 0.000000     0.011404     0.000643 
2294.573685 0.000000 0.000000     0.011422     0.000644 
2294.573968 0.000000 0.000000     0.011439     0.000644 
2294.574251 0.000000 0.000000     0.011457     0.000645 
2294.574533 0.000000 0.000000     0.011474     0.000646 
2294.574816 0.000000 0.000000     0.011491     0.000647 
2294.575099 0.000000 0.000000     0.011508     0.000647 
2294.575381 0.000000 0.000000     0.011525     0.000648 
2294.575664 0.000000 0.000000     0.011542     0.000649 
2294.575947 0.000000 0.000000     0.011559     0.000649 
2294.576229 0.000000 0.000000     0.011576     0.000650 
2294.576512 0.000000 0.000000     0.011592     0.000651 
2294.576795 0.000000 0.000000     0.011609     0.000652 
2294.577077 0.000000 0.000000     0.011626     0.000652 
2294.577360 0.000000 0.000000     0.011642     0.000653 
2294.577643 0.000000 0.000000     0.011658     0.000654 
2294.577925 0.000000 0.000000     0.011675     0.000654 
2294.578208 0.000000 0.000000     0.011691     0.000655 
2294.578491 0.000000 0.000000     0.011707     0.000656 
2294.578773 0.000000 0.000000     0.011723     0.000656 
2294.579056 0.000000 0.000000     0.011739     0.000657 
2294.579339 0.000000 0.000000     0.011755     0.000658 
2294.579621 0.000000 0.000000     0.011770     0.000659 
2294.579904 0.000000 0.000000     0.011786     0.000659 
2294.580187 0.000000 0.000000     0.011802     0.000660 
2294.580469 0.000000 0.000000     0.011817     0.000661 
2294.580752 0.000000 0.000000     0.011833     0.000661 
2294.581035 0.000000 0.000000     0.011848     0.000662 
2294.581317 0.000000 0.000000     0.011863     0.000663 
2294.581600 0.000000 0.000000     0.011878     0.000663 
2294.581882 0.000000 0.000000     0.011893     0.000664 
2294.582165 0.000000 0.000000     0.011908     0.000664 
2294.582448 0.000000 0.000000     0.011923     0.000665 
2294.582730 0.000000 0.000000     0.011938     0.000666 
2294.583013 0.000000 0.000000     0.011953     0.000666 
2294.583296 0.000000 0.000000     0.011967     0.000667 
2294.583578 0.000000 0.000000     0.011982     0.000668 
2294.583861 0.000000 0.000000     0.011996     0.000668 
2294.584144 0.000000 0.000000     0.012011     0.000669 
2294.584426 0.000000 0.000000     0.012025     0.000669 
2294.584709 0.000000 0.000000     0.012039     0.000670 
2294.584992 0.000000 0.000000     0.012053     0.000671 
2294.585274 0.000000 0.000000     0.012067     0.000671 
2294.585557 0.000000 0.000000     0.012081     0.000672 
2294.585840 0.000000 0.000000     0.012095     0.000672 
2294.586122 0.000000 0.000000     0.012108     0.000673 
2294.586405 0.000000 0.000000     0.012122     0.000674 
2294.586688 0.000000 0.000000     0.012136     0.000674 
2294.586970 0.000000 0.000000     0.012149     0.000675 
2294.587253 0.000000 0.000000     0.012162     0.000675 
2294.587536 0.000000 0.000000     0.012176     0.000676 
2294.587818 0.000000 0.000000     0.012189     0.000676 
2294.588101 0.000000 0.000000     0.012202     0.000677 
2294.588384 0.000000 0.000000     0.012215     0.000677 
2294.588666 0.000000 0.000000     0.012228     0.000678 
2294.588949 0.000000 0.000000     0.012241     0.000678 
2294.589232 0.000000 0.000000     0.012253     0.000679 
2294.589514 0.000000 0.000000     0.012266     0.000680 
2294.589797 0.000000 0.000000     0.012279     0.000680 
2294.590080 0.000000 0.000000     0.012291     0.000681 
2294.590362 0.000000 0.000000     0.012304     0.000681 
2294.590645 0.000000 0.000000     0.012316     0.000681 
2294.590928 0.000000 0.000000     0.012328     0.000682 
2294.591210 0.000000 0.000000     0.012340     0.000682 
2294.591493 0.000000 0.000000     0.012352     0.000683 
2294.591776 0.000000 0.000000     0.012364     0.000683 
2294.592058 0.000000 0.000000     0.012376     0.000684 
2294.592341 0.000000 0.000000     0.012388     0.000684 
2294.592624 0.000000 0.000000     0.012400     0.000685 
2294.592906 0.000000 0.000000     0.012411     0.000685 
2294.593189 0.000000 0.000000     0.012423     0.000686 
2294.593472 0.000000 0.000000     0.012434     0.000686 
2294.593754 0.000000 0.000000     0.012446     0.000686 
2294.594037 0.000000 0.000000     0.012457     0.000687 
2294.594320 0.000000 0.000000     0.012468     0.000687 
2294.594602 0.000000 0.000000     0.012480     0.000688 
2294.594885 0.000000 0.000000     0.012491     0.000688 
2294.595168 0.000000 0.000000     0.012502     0.000688 
2294.595450 0.000000 0.000000     0.012512     0.000689 
2294.595733 0.000000 0.000000     0.012523     0.000689 
2294.596015 0.000000 0.000000     0.012534     0.000689 
2294.596298 0.000000 0.000000     0.012545     0.000690 
2294.596581 0.000000 0.000000     0.012555     0.000690 
2294.596863 0.000000 0.000000     0.012566     0.000690 
2294.597146 0.000000 0.000000     0.012576     0.000691 
2294.597429 0.000000 0.000000     0.012586     0.000691 
2294.597711 0.000000 0.000000     0.012597     0.000691 
2294.597994 0.000000 0.000000     0.012607     0.000692 
2294.598277 0.000000 0.000000     0.012617     0.000692 
2294.598559 0.000000 0.000000     0.012627     0.000692 
2294.598842 0.000000 0.000000     0.012637     0.000693 
2294.599125 0.000000 0.000000     0.012647     0.000693 
2294.599407 0.000000 0.000000     0.012657     0.000693 
2294.599690 0.000000 0.000000     0.012666     0.000693 
2294.599973 0.000000 0.000000     0.012676     0.000694 
2294.600255 0.000000 0.000000     0.012685     0.000694 
2294.600538 0.000000 0.000000     0.012695     0.000694 
2294.600821 0.000000 0.000000     0.012704     0.000694 
2294.601103 0.000000 0.000000     0.012714     0.000694 
2294.601386 0.000000 0.000000     0.012723     0.000695 
2294.601669 0.000000 0.000000     0.012732     0.000695 
2294.601951 0.000000 0.000000     0.012741     0.000695 
2294.602234 0.000000 0.000000     0.012750     0.000695 
2294.602517 0.000000 0.000000     0.012759     0.000695 
2294.602799 0.000000 0.000000     0.012768     0.000696 
2294.603082 0.000000 0.000000     0.012776     0.000696 
2294.603365 0.000000 0.000000     0.012785     0.000696 
2294.603647 0.000000 0.000000     0.012794     0.000696 
2294.603930 0.000000 0.000000     0.012802     0.000696 
2294.604213 0.000000 0.000000     0.012811     0.000696 
2294.604495 0.000000 0.000000     0.012819     0.000696 
2294.604778 0.000000 0.000000     0.012827     0.000697 
2294.605061 0.000000 0.000000     0.012836     0.000697 
2294.605343 0.000000 0.000000     0.012844     0.000697 
2294.605626 0.000000 0.000000     0.012852     0.000697 
2294.605909 0.000000 0.000000     0.012860     0.000697 
2294.606191 0.000000 0.000000     0.012868     0.000697 
2294.606474 0.000000 0.000000     0.012876     0.000697 
2294.606757 0.000000 0.000000     0.012884     0.000697 
2294.607039 0.000000 0.000000     0.012891     0.000697 
2294.607322 0.000000 0.000000     0.012899     0.000697 
2294.607605 0.000000 0.000000     0.012907     0.000697 
2294.607887 0.000000 0.000000     0.012914     0.000697 
2294.608170 0.000000 0.000000     0.012922     0.000697 
2294.608453 0.000000 0.000000     0.012929     0.000697 
2294.608735 0.000000 0.000000     0.012936     0.000697 
2294.609018 0.000000 0.000000     0.012944     0.000697 
2294.609301 0.000000 0.000000     0.012951     0.000697 
2294.609583 0.000000 0.000000     0.012958     0.000697 
2294.609866 0.000000 0.000000     0.012965     0.000697 
2294.610148 0.000000 0.000000     0.012972     0.000697 
2294.610431 0.000000 0.000000     0.012979     0.000697 
2294.610714 0.000000 0.000000     0.012986     0.000697 
2294.610996 0.000000 0.000000     0.012992     0.000697 
2294.611279 0.000000 0.000000     0.012999     0.000697 
2294.611562 0.000000 0.000000     0.013006     0.000697 
2294.611844 0.000000 0.000000     0.013012     0.000697 
2294.612127 0.000000 0.000000     0.013018     0.000697 
2294.612410 0.000000 0.000000     0.013025     0.000697 
2294.612692 0.000000 0.000000     0.013031     0.000697 
2294.612975 0.000000 0.000000     0.013037     0.000697 
2294.613258 0.000000 0.000000     0.013044     0.000696 
2294.613540 0.000000 0.000000     0.013050     0.000696 
2294.613823 0.000000 0.000000     0.013056     0.000696 
2294.614106 0.000000 0.000000     0.013062     0.000696 
2294.614388 0.000000 0.000000     0.013068     0.000696 
2294.614671 0.000000 0.000000     0.013073     0.000696 
2294.614954 0.000000 0.000000     0.013079     0.000696 
2294.615236 0.000000 0.000000     0.013085     0.000695 
2294.615519 0.000000 0.000000     0.013090     0.000695 
2294.615802 0.000000 0.000000     0.013096     0.000695 
2294.616084 0.000000 0.000000     0.013101     0.000695 
2294.616367 0.000000 0.000000     0.013107     0.000695 
2294.616650 0.000000 0.000000     0.013112     0.000695 
2294.616932 0.000000 0.000000     0.013117     0.000694 
2294.617215 0.000000 0.000000     0.013122     0.000694 
2294.617498 0.000000 0.000000     0.013128     0.000694 
2294.617780 0.000000 0.000000     0.013133     0.000694 
2294.618063 0.000000 0.000000     0.013137     0.000693 
2294.618346 0.000000 0.000000     0.013142     0.000693 
2294.618628 0.000000 0.000000     0.013147     0.000693 
2294.618911 0.000000 0.000000     0.013152     0.000693 
2294.619194 0.000000 0.000000     0.013156     0.000692 
2294.619476 0.000000 0.000000     0.013161     0.000692 
2294.619759 0.000000 0.000000     0.013165     0.000692 
2294.620042 0.000000 0.000000     0.013170     0.000692 
2294.620324 0.000000 0.000000     0.013174     0.000691 
2294.620607 0.000000 0.000000     0.013178     0.000691 
2294.620890 0.000000 0.000000     0.013182     0.000691 
2294.621172 0.000000 0.000000     0.013186     0.000690 
2294.621455 0.000000 0.000000     0.013190     0.000690 
2294.621738 0.000000 0.000000     0.013194     0.000690 
2294.622020 0.000000 0.000000     0.013198     0.000690 
2294.622303 0.000000 0.000000     0.013202     0.000689 
2294.622586 0.000000 0.000000     0.013205     0.000689 
2294.622868 0.000000 0.000000     0.013209     0.000689 
2294.623151 0.000000 0.000000     0.013213     0.000688 
2294.623434 0.000000 0.000000     0.013216     0.000688 
2294.623716 0.000000 0.000000     0.013219     0.000688 
2294.623999 0.000000 0.000000     0.013222     0.000687 
2294.624281 0.000000 0.000000     0.013226     0.000687 
2294.624564 0.000000 0.000000     0.013229     0.000686 
2294.624847 0.000000 0.000000     0.013232     0.000686 
2294.625129 0.000000 0.000000     0.013235     0.000686 
2294.625412 0.000000 0.000000     0.013237     0.000685 
2294.625695 0.000000 0.000000     0.013240     0.000685 
2294.625977 0.000000 0.000000     0.013243     0.000685 
2294.626260 0.000000 0.000000     0.013245     0.000684 
2294.626543 0.000000 0.000000     0.013248     0.000684 
2294.626825 0.000000 0.000000     0.013250     0.000684 
2294.627108 0.000000 0.000000     0.013252     0.000683 
2294.627391 0.000000 0.000000     0.013255     0.000683 
2294.627673 0.000000 0.000000     0.013257     0.000682 
2294.627956 0.000000 0.000000     0.013259     0.000682 
2294.628239 0.000000 0.000000     0.013261     0.000682 
2294.628521 0.000000 0.000000     0.013263     0.000681 
2294.628804 0.000000 0.000000     0.013264     0.000681 
2294.629087 0.000000 0.000000     0.013266     0.000680 
2294.629369 0.000000 0.000000     0.013268     0.000680 
2294.629652 0.000000 0.000000     0.013269     0.000680 
2294.629935 0.000000 0.000000     0.013270     0.000679 
2294.630217 0.000000 0.000000     0.013272     0.000679 
2294.630500 0.000000 0.000000     0.013273     0.000678 
2294.630783 0.000000 0.000000     0.013274     0.000678 
2294.631065 0.000000 0.000000     0.013275     0.000677 
2294.631348 0.000000 0.000000     0.013276     0.000677 
2294.631631 0.000000 0.000000     0.013277     0.000677 
2294.631913 0.000000 0.000000     0.013278     0.000676 
2294.632196 0.000000 0.000000     0.013278     0.000676 
2294.632479 0.000000 0.000000     0.013279     0.000675 
2294.632761 0.000000 0.000000     0.013279     0.000675 
2294.633044 0.000000 0.000000     0.013280     0.000675 
2294.633327 0.000000 0.000000     0.013280     0.000674 
2294.633609 0.000000 0.000000     0.013280     0.000674 
2294.633892 0.000000 0.000000     0.013280     0.000673 
2294.634175 0.000000 0.000000     0.013280     0.000673 
2294.634457 0.000000 0.000000     0.013280     0.000673 
2294.634740 0.000000 0.000000     0.013280     0.000672 
2294.635023 0.000000 0.000000     0.013279     0.000672 
2294.635305 0.000000 0.000000     0.013279     0.000671 
2294.635588 0.000000 0.000000     0.013278     0.000671 
2294.635871 0.000000 0.000000     0.013278     0.000671 
2294.636153 0.000000 0.000000     0.013277     0.000670 
2294.636436 0.000000 0.000000     0.013276     0.000670 
2294.636719 0.000000 0.000000     0.013275     0.000669 
2294.637001 0.000000 0.000000     0.013274     0.000669 
2294.637284 0.000000 0.000000     0.013273     0.000669 
2294.637567 0.000000 0.000000     0.013272     0.000668 
2294.637849 0.000000 0.000000     0.013270     0.000668 
2294.638132 0.000000 0.000000     0.013269     0.000668 
2294.638414 0.000000 0.000000     0.013267     0.000667 
2294.638697 0.000000 0.000000     0.013266     0.000667 
2294.638980 0.000000 0.000000     0.013264     0.000667 
2294.639262 0.000000 0.000000     0.013262     0.000666 
2294.639545 0.000000 0.000000     0.013260     0.000666 
2294.639828 0.000000 0.000000     0.013258     0.000666 
2294.640110 0.000000 0.000000     0.013256     0.000665 
2294.640393 0.000000 0.000000     0.013253     0.000665 
2294.640676 0.000000 0.000000     0.013251     0.000665 
2294.640958 0.000000 0.000000     0.013248     0.000664 
2294.641241 0.000000 0.000000     0.013246     0.000664 
2294.641524 0.000000 0.000000     0.013243     0.000664 
2294.641806 0.000000 0.000000     0.013240     0.000664 
2294.642089 0.000000 0.000000     0.013237     0.000663 
2294.642372 0.000000 0.000000     0.013234     0.000663 
2294.642654 0.000000 0.000000     0.013231     0.000663 
2294.642937 0.000000 0.000000     0.013227     0.000663 
2294.643220 0.000000 0.000000     0.013224     0.000663 
2294.643502 0.000000 0.000000     0.013220     0.000662 
2294.643785 0.000000 0.000000     0.013217     0.000662 
2294.644068 0.000000 0.000000     0.013213     0.000662 
2294.644350 0.000000 0.000000     0.013209     0.000662 
2294.644633 0.000000 0.000000     0.013205     0.000662 
2294.644916 0.000000 0.000000     0.013201     0.000662 
2294.645198 0.000000 0.000000     0.013197     0.000661 
2294.645481 0.000000 0.000000     0.013192     0.000661 
2294.645764 0.000000 0.000000     0.013188     0.000661 
2294.646046 0.000000 0.000000     0.013183     0.000661 
2294.646329 0.000000 0.000000     0.013179     0.000661 
2294.646612 0.000000 0.000000     0.013174     0.000661 
2294.646894 0.000000 0.000000     0.013169     0.000661 
2294.647177 0.000000 0.000000     0.013164     0.000661 
2294.647460 0.000000 0.000000     0.013159     0.000661 
2294.647742 0.000000 0.000000     0.013153     0.000661 
2294.648025 0.000000 0.000000     0.013148     0.000661 
2294.648308 0.000000 0.000000     0.013143     0.000661 
2294.648590 0.000000 0.000000     0.013137     0.000661 
2294.648873 0.000000 0.000000     0.013131     0.000661 
2294.649156 0.000000 0.000000     0.013125     0.000661 
2294.649438 0.000000 0.000000     0.013120     0.000661 
2294.649721 0.000000 0.000000     0.013113     0.000662 
2294.650004 0.000000 0.000000     0.013107     0.000662 
2294.650286 0.000000 0.000000     0.013101     0.000662 
2294.650569 0.000000 0.000000     0.013095     0.000662 
2294.650852 0.000000 0.000000     0.013088     0.000662 
2294.651134 0.000000 0.000000     0.013082     0.000663 
2294.651417 0.000000 0.000000     0.013075     0.000663 
2294.651700 0.000000 0.000000     0.013068     0.000663 
2294.651982 0.000000 0.000000     0.013061     0.000663 
2294.652265 0.000000 0.000000     0.013054     0.000664 
2294.652547 0.000000 0.000000     0.013047     0.000664 
2294.652830 0.000000 0.000000     0.013039     0.000664 
2294.653113 0.000000 0.000000     0.013032     0.000665 
2294.653395 0.000000 0.000000     0.013024     0.000665 
2294.653678 0.000000 0.000000     0.013017     0.000666 
2294.653961 0.000000 0.000000     0.013009     0.000666 
2294.654243 0.000000 0.000000     0.013001     0.000666 
2294.654526 0.000000 0.000000     0.012993     0.000667 
2294.654809 0.000000 0.000000     0.012985     0.000667 
2294.655091 0.000000 0.000000     0.012977     0.000668 
2294.655374 0.000000 0.000000     0.012968     0.000668 
2294.655657 0.000000 0.000000     0.012960     0.000669 
2294.655939 0.000000 0.000000     0.012951     0.000670 
2294.656222 0.000000 0.000000     0.012943     0.000670 
2294.656505 0.000000 0.000000     0.012934     0.000671 
2294.656787 0.000000 0.000000     0.012925     0.000672 
2294.657070 0.000000 0.000000     0.012916     0.000672 
2294.657353 0.000000 0.000000     0.012907     0.000673 
2294.657635 0.000000 0.000000     0.012898     0.000674 
2294.657918 0.000000 0.000000     0.012888     0.000674 
2294.658201 0.000000 0.000000     0.012879     0.000675 
2294.658483 0.000000 0.000000     0.012870     0.000676 
2294.658766 0.000000 0.000000     0.012860     0.000677 
2294.659049 0.000000 0.000000     0.012850     0.000678 
2294.659331 0.000000 0.000000     0.012840     0.000679 
2294.659614 0.000000 0.000000     0.012831     0.000680 
2294.659897 0.000000 0.000000     0.012821     0.000681 
2294.660179 0.000000 0.000000     0.012810     0.000682 
2294.660462 0.000000 0.000000     0.012800     0.000682 
2294.660745 0.000000 0.000000     0.012790     0.000684 
2294.661027 0.000000 0.000000     0.012780     0.000685 
2294.661310 0.000000 0.000000     0.012769     0.000686 
2294.661593 0.000000 0.000000     0.012759     0.000687 
2294.661875 0.000000 0.000000     0.012748     0.000688 
2294.662158 0.000000 0.000000     0.012737     0.000689 
2294.662441 0.000000 0.000000     0.012726     0.000690 
2294.662723 0.000000 0.000000     0.012715     0.000691 
2294.663006 0.000000 0.000000     0.012704     0.000693 
2294.663289 0.000000 0.000000     0.012693     0.000694 
2294.663571 0.000000 0.000000     0.012682     0.000695 
2294.663854 0.000000 0.000000     0.012671     0.000697 
2294.664137 0.000000 0.000000     0.012659     0.000698 
2294.664419 0.000000 0.000000     0.012648     0.000699 
2294.664702 0.000000 0.000000     0.012637     0.000701 
2294.664985 0.000000 0.000000     0.012625     0.000702 
2294.665267 0.000000 0.000000     0.012613     0.000704 
2294.665550 0.000000 0.000000     0.012601     0.000705 
2294.665833 0.000000 0.000000     0.012590     0.000707 
2294.666115 0.000000 0.000000     0.012578     0.000708 
2294.666398 0.000000 0.000000     0.012566     0.000710 
2294.666680 0.000000 0.000000     0.012554     0.000711 
2294.666963 0.000000 0.000000     0.012541     0.000713 
2294.667246 0.000000 0.000000     0.012529     0.000715 
2294.667528 0.000000 0.000000     0.012517     0.000717 
2294.667811 0.000000 0.000000     0.012505     0.000718 
2294.668094 0.000000 0.000000     0.012492     0.000720 
2294.668376 0.000000 0.000000     0.012480     0.000722 
2294.668659 0.000000 0.000000     0.012467     0.000724 
2294.668942 0.000000 0.000000     0.012454     0.000726 
2294.669224 0.000000 0.000000     0.012442     0.000728 
2294.669507 0.000000 0.000000     0.012429     0.000730 
2294.669790 0.000000 0.000000     0.012416     0.000731 
2294.670072 0.000000 0.000000     0.012403     0.000734 
2294.670355 0.000000 0.000000     0.012390     0.000736 
2294.670638 0.000000 0.000000     0.012377     0.000738 
2294.670920 0.000000 0.000000     0.012364     0.000740 
2294.671203 0.000000 0.000000     0.012351     0.000742 
2294.671486 0.000000 0.000000     0.012338     0.000744 
2294.671768 0.000000 0.000000     0.012324     0.000746 
2294.672051 0.000000 0.000000     0.012311     0.000748 
2294.672334 0.000000 0.000000     0.012297     0.000751 
2294.672616 0.000000 0.000000     0.012284     0.000753 
2294.672899 0.000000 0.000000     0.012271     0.000755 
2294.673182 0.000000 0.000000     0.012257     0.000758 
2294.673464 0.000000 0.000000     0.012243     0.000760 
2294.673747 0.000000 0.000000     0.012230     0.000763 
2294.674030 0.000000 0.000000     0.012216     0.000765 
2294.674312 0.000000 0.000000     0.012202     0.000768 
2294.674595 0.000000 0.000000     0.012188     0.000770 
2294.674878 0.000000 0.000000     0.012174     0.000773 
2294.675160 0.000000 0.000000     0.012161     0.000775 
2294.675443 0.000000 0.000000     0.012147     0.000778 
2294.675726 0.000000 0.000000     0.012133     0.000781 
2294.676008 0.000000 0.000000     0.012118     0.000783 
2294.676291 0.000000 0.000000     0.012104     0.000786 
2294.676574 0.000000 0.000000     0.012090     0.000789 
2294.676856 0.000000 0.000000     0.012076     0.000792 
2294.677139 0.000000 0.000000     0.012062     0.000795 
2294.677422 0.000000 0.000000     0.012047     0.000797 
2294.677704 0.000000 0.000000     0.012033     0.000800 
2294.677987 0.000000 0.000000     0.012019     0.000803 
2294.678270 0.000000 0.000000     0.012004     0.000806 
2294.678552 0.000000 0.000000     0.011990     0.000809 
2294.678835 0.000000 0.000000     0.011975     0.000812 
2294.679118 0.000000 0.000000     0.011961     0.000815 
2294.679400 0.000000 0.000000     0.011946     0.000818 
2294.679683 0.000000 0.000000     0.011932     0.000822 
2294.679966 0.000000 0.000000     0.011917     0.000825 
2294.680248 0.000000 0.000000     0.011902     0.000828 
2294.680531 0.000000 0.000000     0.011888     0.000831 
2294.680813 0.000000 0.000000     0.011873     0.000835 
2294.681096 0.000000 0.000000     0.011858     0.000838 
2294.681379 0.000000 0.000000     0.011843     0.000841 
2294.681661 0.000000 0.000000     0.011828     0.000845 
2294.681944 0.000000 0.000000     0.011813     0.000848 
2294.682227 0.000000 0.000000     0.011799     0.000851 
2294.682509 0.000000 0.000000     0.011784     0.000855 
2294.682792 0.000000 0.000000     0.011769     0.000858 
2294.683075 0.000000 0.000000     0.011754     0.000862 
2294.683357 0.000000 0.000000     0.011739     0.000865 
2294.683640 0.000000 0.000000     0.011724     0.000869 
2294.683923 0.000000 0.000000     0.011709     0.000873 
2294.684205 0.000000 0.000000     0.011693     0.000876 
2294.684488 0.000000 0.000000     0.011678     0.000880 
2294.684771 0.000000 0.000000     0.011663     0.000884 
2294.685053 0.000000 0.000000     0.011648     0.000888 
2294.685336 0.000000 0.000000     0.011633     0.000891 
2294.685619 0.000000 0.000000     0.011618     0.000895 
2294.685901 0.000000 0.000000     0.011603     0.000899 
2294.686184 0.000000 0.000000     0.011587     0.000903 
2294.686467 0.000000 0.000000     0.011572     0.000907 
2294.686749 0.000000 0.000000     0.011557     0.000911 
2294.687032 0.000000 0.000000     0.011542     0.000915 
2294.687315 0.000000 0.000000     0.011526     0.000919 
2294.687597 0.000000 0.000000     0.011511     0.000923 
2294.687880 0.000000 0.000000     0.011496     0.000927 
2294.688163 0.000000 0.000000     0.011480     0.000931 
2294.688445 0.000000 0.000000     0.011465     0.000935 
2294.688728 0.000000 0.000000     0.011450     0.000940 
2294.689011 0.000000 0.000000     0.011434     0.000944 
2294.689293 0.000000 0.000000     0.011419     0.000948 
2294.689576 0.000000 0.000000     0.011404     0.000952 
2294.689859 0.000000 0.000000     0.011388     0.000957 
2294.690141 0.000000 0.000000     0.011373     0.000961 
2294.690424 0.000000 0.000000     0.011358     0.000965 
2294.690707 0.000000 0.000000     0.011342     0.000970 
2294.690989 0.000000 0.000000     0.011327     0.000974 
2294.691272 0.000000 0.000000     0.011312     0.000979 
2294.691555 0.000000 0.000000     0.011296     0.000983 
2294.691837 0.000000 0.000000     0.011281     0.000988 
2294.692120 0.000000 0.000000     0.011265     0.000992 
2294.692403 0.000000 0.000000     0.011250     0.000997 
2294.692685 0.000000 0.000000     0.011235     0.001001 
2294.692968 0.000000 0.000000     0.011219     0.001006 
2294.693251 0.000000 0.000000     0.011204     0.001011 
2294.693533 0.000000 0.000000     0.011189     0.001015 
2294.693816 0.000000 0.000000     0.011173     0.001020 
2294.694099 0.000000 0.000000     0.011158     0.001025 
2294.694381 0.000000 0.000000     0.011143     0.001030 
2294.694664 0.000000 0.000000     0.011128     0.001034 
2294.694946 0.000000 0.000000     0.011112     0.001039 
2294.695229 0.000000 0.000000     0.011097     0.001044 
2294.695512 0.000000 0.000000     0.011082     0.001049 
2294.695794 0.000000 0.000000     0.011066     0.001054 
2294.696077 0.000000 0.000000     0.011051     0.001059 
2294.696360 0.000000 0.000000     0.011036     0.001064 
2294.696642 0.000000 0.000000     0.011021     0.001069 
2294.696925 0.000000 0.000000     0.011005     0.001074 
2294.697208 0.000000 0.000000     0.010990     0.001079 
2294.697490 0.000000 0.000000     0.010975     0.001084 
2294.697773 0.000000 0.000000     0.010960     0.001089 
2294.698056 0.000000 0.000000     0.010945     0.001094 
2294.698338 0.000000 0.000000     0.010930     0.001099 
2294.698621 0.000000 0.000000     0.010914     0.001105 
2294.698904 0.000000 0.000000     0.010899     0.001110 
2294.699186 0.000000 0.000000     0.010884     0.001115 
2294.699469 0.000000 0.000000     0.010869     0.001120 
2294.699752 0.000000 0.000000     0.010854     0.001126 
2294.700034 0.000000 0.000000     0.010839     0.001131 
2294.700317 0.000000 0.000000     0.010824     0.001136 
2294.700600 0.000000 0.000000     0.010809     0.001142 
2294.700882 0.000000 0.000000     0.010794     0.001147 
2294.701165 0.000000 0.000000     0.010779     0.001152 
2294.701448 0.000000 0.000000     0.010764     0.001158 
2294.701730 0.000000 0.000000     0.010749     0.001163 
2294.702013 0.000000 0.000000     0.010734     0.001169 
2294.702296 0.000000 0.000000     0.010719     0.001174 
2294.702578 0.000000 0.000000     0.010704     0.001180 
2294.702861 0.000000 0.000000     0.010689     0.001185 
2294.703144 0.000000 0.000000     0.010674     0.001191 
2294.703426 0.000000 0.000000     0.010660     0.001196 
2294.703709 0.000000 0.000000     0.010645     0.001202 
2294.703992 0.000000 0.000000     0.010630     0.001208 
2294.704274 0.000000 0.000000     0.010615     0.001213 
2294.704557 0.000000 0.000000     0.010600     0.001219 
2294.704840 0.000000 0.000000     0.010585     0.001225 
2294.705122 0.000000 0.000000     0.010571     0.001230 
2294.705405 0.000000 0.000000     0.010556     0.001236 
2294.705688 0.000000 0.000000     0.010541     0.001242 
2294.705970 0.000000 0.000000     0.010527     0.001247 
2294.706253 0.000000 0.000000     0.010512     0.001253 
2294.706536 0.000000 0.000000     0.010497     0.001259 
2294.706818 0.000000 0.000000     0.010482     0.001265 
2294.707101 0.000000 0.000000     0.010468     0.001271 
2294.707384 0.000000 0.000000     0.010453     0.001277 
2294.707666 0.000000 0.000000     0.010439     0.001282 
2294.707949 0.000000 0.000000     0.010424     0.001288 
2294.708232 0.000000 0.000000     0.010409     0.001294 
2294.708514 0.000000 0.000000     0.010395     0.001300 
2294.708797 0.000000 0.000000     0.010380     0.001306 
2294.709079 0.000000 0.000000     0.010366     0.001312 
2294.709362 0.000000 0.000000     0.010351     0.001318 
2294.709645 0.000000 0.000000     0.010337     0.001324 
2294.709927 0.000000 0.000000     0.010322     0.001330 
2294.710210 0.000000 0.000000     0.010308     0.001336 
2294.710493 0.000000 0.000000     0.010293     0.001342 
2294.710775 0.000000 0.000000     0.010279     0.001348 
2294.711058 0.000000 0.000000     0.010264     0.001354 
2294.711341 0.000000 0.000000     0.010250     0.001360 
2294.711623 0.000000 0.000000     0.010236     0.001366 
2294.711906 0.000000 0.000000     0.010221     0.001372 
2294.712189 0.000000 0.000000     0.010207     0.001378 
2294.712471 0.000000 0.000000     0.010193     0.001384 
2294.712754 0.000000 0.000000     0.010178     0.001390 
2294.713037 0.000000 0.000000     0.010164     0.001397 
2294.713319 0.000000 0.000000     0.010150     0.001403 
2294.713602 0.000000 0.000000     0.010135     0.001409 
2294.713885 0.000000 0.000000     0.010121     0.001415 
2294.714167 0.000000 0.000000     0.010107     0.001421 
2294.714450 0.000000 0.000000     0.010093     0.001427 
2294.714733 0.000000 0.000000     0.010078     0.001434 
2294.715015 0.000000 0.000000     0.010064     0.001440 
2294.715298 0.000000 0.000000     0.010050     0.001446 
2294.715581 0.000000 0.000000     0.010036     0.001452 
2294.715863 0.000000 0.000000     0.010022     0.001458 
2294.716146 0.000000 0.000000     0.010008     0.001465 
2294.716429 0.000000 0.000000     0.009993     0.001471 
2294.716711 0.000000 0.000000     0.009979     0.001477 
2294.716994 0.000000 0.000000     0.009965     0.001483 
2294.717277 0.000000 0.000000     0.009951     0.001490 
2294.717559 0.000000 0.000000     0.009937     0.001496 
2294.717842 0.000000 0.000000     0.009923     0.001502 
2294.718125 0.000000 0.000000     0.009909     0.001509 
2294.718407 0.000000 0.000000     0.009895     0.001515 
2294.718690 0.000000 0.000000     0.009881     0.001521 
2294.718973 0.000000 0.000000     0.009867     0.001528 
2294.719255 0.000000 0.000000     0.009853     0.001534 
2294.719538 0.000000 0.000000     0.009839     0.001540 
2294.719821 0.000000 0.000000     0.009825     0.001547 
2294.720103 0.000000 0.000000     0.009811     0.001553 
2294.720386 0.000000 0.000000     0.009798     0.001559 
2294.720669 0.000000 0.000000     0.009784     0.001566 
2294.720951 0.000000 0.000000     0.009770     0.001572 
2294.721234 0.000000 0.000000     0.009756     0.001578 
2294.721517 0.000000 0.000000     0.009742     0.001585 
2294.721799 0.000000 0.000000     0.009728     0.001591 
2294.722082 0.000000 0.000000     0.009715     0.001598 
2294.722365 0.000000 0.000000     0.009701     0.001604 
2294.722647 0.000000 0.000000     0.009687     0.001610 
2294.722930 0.000000 0.000000     0.009673     0.001617 
2294.723212 0.000000 0.000000     0.009660     0.001623 
2294.723495 0.000000 0.000000     0.009646     0.001630 
2294.723778 0.000000 0.000000     0.009632     0.001636 
2294.724060 0.000000 0.000000     0.009618     0.001642 
2294.724343 0.000000 0.000000     0.009605     0.001649 
2294.724626 0.000000 0.000000     0.009591     0.001655 
2294.724908 0.000000 0.000000     0.009577     0.001662 
2294.725191 0.000000 0.000000     0.009564     0.001668 
2294.725474 0.000000 0.000000     0.009550     0.001675 
2294.725756 0.000000 0.000000     0.009537     0.001681 
2294.726039 0.000000 0.000000     0.009523     0.001688 
2294.726322 0.000000 0.000000     0.009510     0.001694 
2294.726604 0.000000 0.000000     0.009496     0.001701 
2294.726887 0.000000 0.000000     0.009482     0.001707 
2294.727170 0.000000 0.000000     0.009469     0.001713 
