# Tc_folded model 
-1.500000 -3.918656 
-1.499000 -3.482942 
-1.498000 -3.046964 
-1.497000 -2.610738 
-1.496000 -2.174277 
-1.495000 -1.737596 
-1.494000 -1.300709 
-1.493000 -0.863630 
-1.492000 -0.426373 
-1.491000 0.011046 
-1.490000 0.448615 
-1.489000 0.886318 
-1.488000 1.324141 
-1.487000 1.762069 
-1.486000 2.200089 
-1.485000 2.638185 
-1.484000 3.076344 
-1.483000 3.514550 
-1.482000 3.952789 
-1.481000 4.391046 
-1.480000 4.829308 
-1.479000 5.267558 
-1.478000 5.705784 
-1.477000 6.143969 
-1.476000 6.582099 
-1.475000 7.020160 
-1.474000 7.458136 
-1.473000 7.896014 
-1.472000 8.333778 
-1.471000 8.771413 
-1.470000 9.208905 
-1.469000 9.646239 
-1.468000 10.083400 
-1.467000 10.520372 
-1.466000 10.957142 
-1.465000 11.393694 
-1.464000 11.830014 
-1.463000 12.266085 
-1.462000 12.701894 
-1.461000 13.137425 
-1.460000 13.572664 
-1.459000 14.007595 
-1.458000 14.442203 
-1.457000 14.876473 
-1.456000 15.310390 
-1.455000 15.743939 
-1.454000 16.177105 
-1.453000 16.609873 
-1.452000 17.042227 
-1.451000 17.474152 
-1.450000 17.905633 
-1.449000 18.336656 
-1.448000 18.767204 
-1.447000 19.197262 
-1.446000 19.626816 
-1.445000 20.055849 
-1.444000 20.484348 
-1.443000 20.912295 
-1.442000 21.339676 
-1.441000 21.766477 
-1.440000 22.192680 
-1.439000 22.618272 
-1.438000 23.043236 
-1.437000 23.467557 
-1.436000 23.891220 
-1.435000 24.314210 
-1.434000 24.736510 
-1.433000 25.158107 
-1.432000 25.578983 
-1.431000 25.999124 
-1.430000 26.418515 
-1.429000 26.837139 
-1.428000 27.254981 
-1.427000 27.672027 
-1.426000 28.088260 
-1.425000 28.503664 
-1.424000 28.918225 
-1.423000 29.331927 
-1.422000 29.744754 
-1.421000 30.156692 
-1.420000 30.567723 
-1.419000 30.977833 
-1.418000 31.387006 
-1.417000 31.795227 
-1.416000 32.202480 
-1.415000 32.608750 
-1.414000 33.014021 
-1.413000 33.418277 
-1.412000 33.821503 
-1.411000 34.223683 
-1.410000 34.624802 
-1.409000 35.024845 
-1.408000 35.423795 
-1.407000 35.821637 
-1.406000 36.218355 
-1.405000 36.613935 
-1.404000 37.008360 
-1.403000 37.401615 
-1.402000 37.793684 
-1.401000 38.184552 
-1.400000 38.574203 
-1.399000 38.962621 
-1.398000 39.349792 
-1.397000 39.735699 
-1.396000 40.120328 
-1.395000 40.503662 
-1.394000 40.885686 
-1.393000 41.266384 
-1.392000 41.645741 
-1.391000 42.023742 
-1.390000 42.400371 
-1.389000 42.775613 
-1.388000 43.149452 
-1.387000 43.521872 
-1.386000 43.892859 
-1.385000 44.262396 
-1.384000 44.630469 
-1.383000 44.997062 
-1.382000 45.362160 
-1.381000 45.725746 
-1.380000 46.087807 
-1.379000 46.448326 
-1.378000 46.807289 
-1.377000 47.164679 
-1.376000 47.520483 
-1.375000 47.874683 
-1.374000 48.227266 
-1.373000 48.578216 
-1.372000 48.927517 
-1.371000 49.275155 
-1.370000 49.621115 
-1.369000 49.965381 
-1.368000 50.307938 
-1.367000 50.648771 
-1.366000 50.987865 
-1.365000 51.325205 
-1.364000 51.660776 
-1.363000 51.994563 
-1.362000 52.326551 
-1.361000 52.656726 
-1.360000 52.985071 
-1.359000 53.311573 
-1.358000 53.636216 
-1.357000 53.958987 
-1.356000 54.279869 
-1.355000 54.598848 
-1.354000 54.915911 
-1.353000 55.231041 
-1.352000 55.544224 
-1.351000 55.855446 
-1.350000 56.164692 
-1.349000 56.471948 
-1.348000 56.777198 
-1.347000 57.080430 
-1.346000 57.381628 
-1.345000 57.680778 
-1.344000 57.977866 
-1.343000 58.272877 
-1.342000 58.565797 
-1.341000 58.856612 
-1.340000 59.145309 
-1.339000 59.431872 
-1.338000 59.716287 
-1.337000 59.998542 
-1.336000 60.278622 
-1.335000 60.556512 
-1.334000 60.832200 
-1.333000 61.105671 
-1.332000 61.376912 
-1.331000 61.645909 
-1.330000 61.912648 
-1.329000 62.177117 
-1.328000 62.439300 
-1.327000 62.699186 
-1.326000 62.956760 
-1.325000 63.212009 
-1.324000 63.464920 
-1.323000 63.715480 
-1.322000 63.963676 
-1.321000 64.209494 
-1.320000 64.452921 
-1.319000 64.693946 
-1.318000 64.932554 
-1.317000 65.168733 
-1.316000 65.402470 
-1.315000 65.633752 
-1.314000 65.862568 
-1.313000 66.088904 
-1.312000 66.312748 
-1.311000 66.534088 
-1.310000 66.752910 
-1.309000 66.969204 
-1.308000 67.182957 
-1.307000 67.394157 
-1.306000 67.602791 
-1.305000 67.808849 
-1.304000 68.012317 
-1.303000 68.213185 
-1.302000 68.411440 
-1.301000 68.607072 
-1.300000 68.800068 
-1.299000 68.990418 
-1.298000 69.178109 
-1.297000 69.363131 
-1.296000 69.545472 
-1.295000 69.725122 
-1.294000 69.902069 
-1.293000 70.076303 
-1.292000 70.247812 
-1.291000 70.416587 
-1.290000 70.582616 
-1.289000 70.745889 
-1.288000 70.906396 
-1.287000 71.064126 
-1.286000 71.219069 
-1.285000 71.371215 
-1.284000 71.520554 
-1.283000 71.667077 
-1.282000 71.810772 
-1.281000 71.951632 
-1.280000 72.089645 
-1.279000 72.224803 
-1.278000 72.357096 
-1.277000 72.486515 
-1.276000 72.613051 
-1.275000 72.736695 
-1.274000 72.857437 
-1.273000 72.975270 
-1.272000 73.090184 
-1.271000 73.202171 
-1.270000 73.311222 
-1.269000 73.417329 
-1.268000 73.520483 
-1.267000 73.620678 
-1.266000 73.717904 
-1.265000 73.812153 
-1.264000 73.903419 
-1.263000 73.991693 
-1.262000 74.076968 
-1.261000 74.159236 
-1.260000 74.238490 
-1.259000 74.314724 
-1.258000 74.387930 
-1.257000 74.458101 
-1.256000 74.525231 
-1.255000 74.589312 
-1.254000 74.650339 
-1.253000 74.708305 
-1.252000 74.763204 
-1.251000 74.815030 
-1.250000 74.863777 
-1.249000 74.909439 
-1.248000 74.952010 
-1.247000 74.991485 
-1.246000 75.027859 
-1.245000 75.061126 
-1.244000 75.091281 
-1.243000 75.118320 
-1.242000 75.142237 
-1.241000 75.163028 
-1.240000 75.180688 
-1.239000 75.195213 
-1.238000 75.206598 
-1.237000 75.214840 
-1.236000 75.219935 
-1.235000 75.221879 
-1.234000 75.220668 
-1.233000 75.216298 
-1.232000 75.208767 
-1.231000 75.198072 
-1.230000 75.184208 
-1.229000 75.167174 
-1.228000 75.146966 
-1.227000 75.123583 
-1.226000 75.097021 
-1.225000 75.067278 
-1.224000 75.034353 
-1.223000 74.998244 
-1.222000 74.958947 
-1.221000 74.916463 
-1.220000 74.870790 
-1.219000 74.821926 
-1.218000 74.769870 
-1.217000 74.714621 
-1.216000 74.656179 
-1.215000 74.594542 
-1.214000 74.529711 
-1.213000 74.461684 
-1.212000 74.390463 
-1.211000 74.316047 
-1.210000 74.238435 
-1.209000 74.157629 
-1.208000 74.073629 
-1.207000 73.986436 
-1.206000 73.896051 
-1.205000 73.802474 
-1.204000 73.705707 
-1.203000 73.605751 
-1.202000 73.502608 
-1.201000 73.396279 
-1.200000 73.286767 
-1.199000 73.174074 
-1.198000 73.058201 
-1.197000 72.939151 
-1.196000 72.816927 
-1.195000 72.691532 
-1.194000 72.562968 
-1.193000 72.431239 
-1.192000 72.296347 
-1.191000 72.158297 
-1.190000 72.017092 
-1.189000 71.872736 
-1.188000 71.725233 
-1.187000 71.574586 
-1.186000 71.420801 
-1.185000 71.263882 
-1.184000 71.103834 
-1.183000 70.940661 
-1.182000 70.774368 
-1.181000 70.604961 
-1.180000 70.432446 
-1.179000 70.256827 
-1.178000 70.078111 
-1.177000 69.896303 
-1.176000 69.711410 
-1.175000 69.523438 
-1.174000 69.332394 
-1.173000 69.138283 
-1.172000 68.941114 
-1.171000 68.740892 
-1.170000 68.537626 
-1.169000 68.331322 
-1.168000 68.121989 
-1.167000 67.909633 
-1.166000 67.694263 
-1.165000 67.475887 
-1.164000 67.254513 
-1.163000 67.030150 
-1.162000 66.802806 
-1.161000 66.572489 
-1.160000 66.339210 
-1.159000 66.102977 
-1.158000 65.863800 
-1.157000 65.621687 
-1.156000 65.376649 
-1.155000 65.128695 
-1.154000 64.877836 
-1.153000 64.624082 
-1.152000 64.367443 
-1.151000 64.107929 
-1.150000 63.845552 
-1.149000 63.580322 
-1.148000 63.312251 
-1.147000 63.041349 
-1.146000 62.767628 
-1.145000 62.491100 
-1.144000 62.211776 
-1.143000 61.929668 
-1.142000 61.644789 
-1.141000 61.357150 
-1.140000 61.066765 
-1.139000 60.773645 
-1.138000 60.477803 
-1.137000 60.179253 
-1.136000 59.878007 
-1.135000 59.574079 
-1.134000 59.267482 
-1.133000 58.958229 
-1.132000 58.646335 
-1.131000 58.331814 
-1.130000 58.014679 
-1.129000 57.694944 
-1.128000 57.372625 
-1.127000 57.047735 
-1.126000 56.720290 
-1.125000 56.390303 
-1.124000 56.057791 
-1.123000 55.722768 
-1.122000 55.385250 
-1.121000 55.045252 
-1.120000 54.702789 
-1.119000 54.357879 
-1.118000 54.010535 
-1.117000 53.660775 
-1.116000 53.308615 
-1.115000 52.954071 
-1.114000 52.597160 
-1.113000 52.237898 
-1.112000 51.876302 
-1.111000 51.512389 
-1.110000 51.146176 
-1.109000 50.777681 
-1.108000 50.406920 
-1.107000 50.033912 
-1.106000 49.658673 
-1.105000 49.281222 
-1.104000 48.901577 
-1.103000 48.519755 
-1.102000 48.135774 
-1.101000 47.749654 
-1.100000 47.361412 
-1.099000 46.971067 
-1.098000 46.578638 
-1.097000 46.184143 
-1.096000 45.787602 
-1.095000 45.389033 
-1.094000 44.988456 
-1.093000 44.585889 
-1.092000 44.181353 
-1.091000 43.774867 
-1.090000 43.366450 
-1.089000 42.956122 
-1.088000 42.543903 
-1.087000 42.129813 
-1.086000 41.713872 
-1.085000 41.296101 
-1.084000 40.876518 
-1.083000 40.455146 
-1.082000 40.032005 
-1.081000 39.607114 
-1.080000 39.180495 
-1.079000 38.752168 
-1.078000 38.322155 
-1.077000 37.890476 
-1.076000 37.457152 
-1.075000 37.022206 
-1.074000 36.585656 
-1.073000 36.147526 
-1.072000 35.707837 
-1.071000 35.266610 
-1.070000 34.823866 
-1.069000 34.379628 
-1.068000 33.933917 
-1.067000 33.486755 
-1.066000 33.038164 
-1.065000 32.588166 
-1.064000 32.136783 
-1.063000 31.684037 
-1.062000 31.229950 
-1.061000 30.774544 
-1.060000 30.317843 
-1.059000 29.859868 
-1.058000 29.400641 
-1.057000 28.940186 
-1.056000 28.478525 
-1.055000 28.015680 
-1.054000 27.551674 
-1.053000 27.086530 
-1.052000 26.620271 
-1.051000 26.152920 
-1.050000 25.684499 
-1.049000 25.215031 
-1.048000 24.744540 
-1.047000 24.273049 
-1.046000 23.800579 
-1.045000 23.327156 
-1.044000 22.852802 
-1.043000 22.377539 
-1.042000 21.901392 
-1.041000 21.424383 
-1.040000 20.946536 
-1.039000 20.467874 
-1.038000 19.988421 
-1.037000 19.508199 
-1.036000 19.027233 
-1.035000 18.545546 
-1.034000 18.063160 
-1.033000 17.580100 
-1.032000 17.096390 
-1.031000 16.612051 
-1.030000 16.127109 
-1.029000 15.641587 
-1.028000 15.155507 
-1.027000 14.668895 
-1.026000 14.181772 
-1.025000 13.694163 
-1.024000 13.206092 
-1.023000 12.717581 
-1.022000 12.228655 
-1.021000 11.739337 
-1.020000 11.249650 
-1.019000 10.759618 
-1.018000 10.269265 
-1.017000 9.778614 
-1.016000 9.287689 
-1.015000 8.796513 
-1.014000 8.305109 
-1.013000 7.813502 
-1.012000 7.321714 
-1.011000 6.829769 
-1.010000 6.337690 
-1.009000 5.845502 
-1.008000 5.353226 
-1.007000 4.860887 
-1.006000 4.368508 
-1.005000 3.876112 
-1.004000 3.383723 
-1.003000 2.891363 
-1.002000 2.399056 
-1.001000 1.906825 
-1.000000 1.414693 
-0.999000 0.922683 
-0.998000 0.430819 
-0.997000 -0.060877 
-0.996000 -0.552383 
-0.995000 -1.043673 
-0.994000 -1.534727 
-0.993000 -2.025521 
-0.992000 -2.516033 
-0.991000 -3.006239 
-0.990000 -3.496117 
-0.989000 -3.985645 
-0.988000 -4.474799 
-0.987000 -4.963558 
-0.986000 -5.451898 
-0.985000 -5.939798 
-0.984000 -6.427235 
-0.983000 -6.914187 
-0.982000 -7.400632 
-0.981000 -7.886547 
-0.980000 -8.371911 
-0.979000 -8.856701 
-0.978000 -9.340895 
-0.977000 -9.824472 
-0.976000 -10.307410 
-0.975000 -10.789686 
-0.974000 -11.271281 
-0.973000 -11.752171 
-0.972000 -12.232335 
-0.971000 -12.711752 
-0.970000 -13.190401 
-0.969000 -13.668260 
-0.968000 -14.145308 
-0.967000 -14.621524 
-0.966000 -15.096887 
-0.965000 -15.571376 
-0.964000 -16.044970 
-0.963000 -16.517648 
-0.962000 -16.989391 
-0.961000 -17.460176 
-0.960000 -17.929984 
-0.959000 -18.398793 
-0.958000 -18.866585 
-0.957000 -19.333339 
-0.956000 -19.799034 
-0.955000 -20.263650 
-0.954000 -20.727168 
-0.953000 -21.189567 
-0.952000 -21.650829 
-0.951000 -22.110932 
-0.950000 -22.569859 
-0.949000 -23.027588 
-0.948000 -23.484102 
-0.947000 -23.939380 
-0.946000 -24.393404 
-0.945000 -24.846154 
-0.944000 -25.297612 
-0.943000 -25.747758 
-0.942000 -26.196574 
-0.941000 -26.644042 
-0.940000 -27.090143 
-0.939000 -27.534858 
-0.938000 -27.978170 
-0.937000 -28.420059 
-0.936000 -28.860508 
-0.935000 -29.299500 
-0.934000 -29.737015 
-0.933000 -30.173037 
-0.932000 -30.607548 
-0.931000 -31.040530 
-0.930000 -31.471966 
-0.929000 -31.901839 
-0.928000 -32.330131 
-0.927000 -32.756825 
-0.926000 -33.181906 
-0.925000 -33.605355 
-0.924000 -34.027156 
-0.923000 -34.447292 
-0.922000 -34.865748 
-0.921000 -35.282506 
-0.920000 -35.697551 
-0.919000 -36.110867 
-0.918000 -36.522436 
-0.917000 -36.932245 
-0.916000 -37.340277 
-0.915000 -37.746516 
-0.914000 -38.150946 
-0.913000 -38.553554 
-0.912000 -38.954322 
-0.911000 -39.353237 
-0.910000 -39.750284 
-0.909000 -40.145446 
-0.908000 -40.538711 
-0.907000 -40.930062 
-0.906000 -41.319487 
-0.905000 -41.706969 
-0.904000 -42.092496 
-0.903000 -42.476052 
-0.902000 -42.857625 
-0.901000 -43.237200 
-0.900000 -43.614763 
-0.899000 -43.990301 
-0.898000 -44.363801 
-0.897000 -44.735249 
-0.896000 -45.104632 
-0.895000 -45.471937 
-0.894000 -45.837150 
-0.893000 -46.200260 
-0.892000 -46.561254 
-0.891000 -46.920118 
-0.890000 -47.276841 
-0.889000 -47.631410 
-0.888000 -47.983813 
-0.887000 -48.334039 
-0.886000 -48.682074 
-0.885000 -49.027908 
-0.884000 -49.371528 
-0.883000 -49.712924 
-0.882000 -50.052083 
-0.881000 -50.388995 
-0.880000 -50.723648 
-0.879000 -51.056032 
-0.878000 -51.386136 
-0.877000 -51.713948 
-0.876000 -52.039458 
-0.875000 -52.362657 
-0.874000 -52.683532 
-0.873000 -53.002075 
-0.872000 -53.318275 
-0.871000 -53.632122 
-0.870000 -53.943607 
-0.869000 -54.252719 
-0.868000 -54.559449 
-0.867000 -54.863788 
-0.866000 -55.165725 
-0.865000 -55.465253 
-0.864000 -55.762362 
-0.863000 -56.057043 
-0.862000 -56.349288 
-0.861000 -56.639087 
-0.860000 -56.926432 
-0.859000 -57.211314 
-0.858000 -57.493726 
-0.857000 -57.773659 
-0.856000 -58.051105 
-0.855000 -58.326057 
-0.854000 -58.598506 
-0.853000 -58.868444 
-0.852000 -59.135865 
-0.851000 -59.400760 
-0.850000 -59.663123 
-0.849000 -59.922946 
-0.848000 -60.180223 
-0.847000 -60.434946 
-0.846000 -60.687108 
-0.845000 -60.936703 
-0.844000 -61.183725 
-0.843000 -61.428166 
-0.842000 -61.670022 
-0.841000 -61.909284 
-0.840000 -62.145948 
-0.839000 -62.380007 
-0.838000 -62.611456 
-0.837000 -62.840289 
-0.836000 -63.066501 
-0.835000 -63.290085 
-0.834000 -63.511037 
-0.833000 -63.729351 
-0.832000 -63.945022 
-0.831000 -64.158045 
-0.830000 -64.368416 
-0.829000 -64.576130 
-0.828000 -64.781181 
-0.827000 -64.983567 
-0.826000 -65.183281 
-0.825000 -65.380320 
-0.824000 -65.574680 
-0.823000 -65.766356 
-0.822000 -65.955345 
-0.821000 -66.141643 
-0.820000 -66.325246 
-0.819000 -66.506151 
-0.818000 -66.684354 
-0.817000 -66.859852 
-0.816000 -67.032641 
-0.815000 -67.202718 
-0.814000 -67.370081 
-0.813000 -67.534726 
-0.812000 -67.696651 
-0.811000 -67.855853 
-0.810000 -68.012329 
-0.809000 -68.166077 
-0.808000 -68.317095 
-0.807000 -68.465379 
-0.806000 -68.610929 
-0.805000 -68.753741 
-0.804000 -68.893815 
-0.803000 -69.031148 
-0.802000 -69.165739 
-0.801000 -69.297585 
-0.800000 -69.426686 
-0.799000 -69.553039 
-0.798000 -69.676644 
-0.797000 -69.797500 
-0.796000 -69.915605 
-0.795000 -70.030958 
-0.794000 -70.143559 
-0.793000 -70.253406 
-0.792000 -70.360499 
-0.791000 -70.464838 
-0.790000 -70.566421 
-0.789000 -70.665248 
-0.788000 -70.761320 
-0.787000 -70.854636 
-0.786000 -70.945195 
-0.785000 -71.032998 
-0.784000 -71.118045 
-0.783000 -71.200336 
-0.782000 -71.279871 
-0.781000 -71.356651 
-0.780000 -71.430677 
-0.779000 -71.501947 
-0.778000 -71.570465 
-0.777000 -71.636229 
-0.776000 -71.699241 
-0.775000 -71.759503 
-0.774000 -71.817014 
-0.773000 -71.871776 
-0.772000 -71.923791 
-0.771000 -71.973059 
-0.770000 -72.019582 
-0.769000 -72.063361 
-0.768000 -72.104398 
-0.767000 -72.142695 
-0.766000 -72.178254 
-0.765000 -72.211075 
-0.764000 -72.241162 
-0.763000 -72.268516 
-0.762000 -72.293139 
-0.761000 -72.315034 
-0.760000 -72.334202 
-0.759000 -72.350646 
-0.758000 -72.364369 
-0.757000 -72.375372 
-0.756000 -72.383659 
-0.755000 -72.389232 
-0.754000 -72.392094 
-0.753000 -72.392248 
-0.752000 -72.389697 
-0.751000 -72.384443 
-0.750000 -72.376490 
-0.749000 -72.365841 
-0.748000 -72.352500 
-0.747000 -72.336468 
-0.746000 -72.317751 
-0.745000 -72.296351 
-0.744000 -72.272272 
-0.743000 -72.245517 
-0.742000 -72.216091 
-0.741000 -72.183997 
-0.740000 -72.149238 
-0.739000 -72.111819 
-0.738000 -72.071744 
-0.737000 -72.029017 
-0.736000 -71.983642 
-0.735000 -71.935623 
-0.734000 -71.884965 
-0.733000 -71.831672 
-0.732000 -71.775747 
-0.731000 -71.717197 
-0.730000 -71.656025 
-0.729000 -71.592236 
-0.728000 -71.525835 
-0.727000 -71.456827 
-0.726000 -71.385216 
-0.725000 -71.311007 
-0.724000 -71.234206 
-0.723000 -71.154817 
-0.722000 -71.072845 
-0.721000 -70.988296 
-0.720000 -70.901176 
-0.719000 -70.811488 
-0.718000 -70.719240 
-0.717000 -70.624435 
-0.716000 -70.527080 
-0.715000 -70.427181 
-0.714000 -70.324742 
-0.713000 -70.219770 
-0.712000 -70.112270 
-0.711000 -70.002249 
-0.710000 -69.889712 
-0.709000 -69.774665 
-0.708000 -69.657114 
-0.707000 -69.537066 
-0.706000 -69.414525 
-0.705000 -69.289500 
-0.704000 -69.161995 
-0.703000 -69.032018 
-0.702000 -68.899574 
-0.701000 -68.764670 
-0.700000 -68.627313 
-0.699000 -68.487509 
-0.698000 -68.345265 
-0.697000 -68.200587 
-0.696000 -68.053482 
-0.695000 -67.903957 
-0.694000 -67.752019 
-0.693000 -67.597675 
-0.692000 -67.440932 
-0.691000 -67.281796 
-0.690000 -67.120275 
-0.689000 -66.956376 
-0.688000 -66.790106 
-0.687000 -66.621473 
-0.686000 -66.450483 
-0.685000 -66.277144 
-0.684000 -66.101463 
-0.683000 -65.923448 
-0.682000 -65.743107 
-0.681000 -65.560446 
-0.680000 -65.375475 
-0.679000 -65.188199 
-0.678000 -64.998627 
-0.677000 -64.806766 
-0.676000 -64.612626 
-0.675000 -64.416212 
-0.674000 -64.217534 
-0.673000 -64.016599 
-0.672000 -63.813415 
-0.671000 -63.607991 
-0.670000 -63.400333 
-0.669000 -63.190452 
-0.668000 -62.978354 
-0.667000 -62.764048 
-0.666000 -62.547543 
-0.665000 -62.328846 
-0.664000 -62.107967 
-0.663000 -61.884913 
-0.662000 -61.659693 
-0.661000 -61.432315 
-0.660000 -61.202789 
-0.659000 -60.971122 
-0.658000 -60.737324 
-0.657000 -60.501404 
-0.656000 -60.263369 
-0.655000 -60.023229 
-0.654000 -59.780993 
-0.653000 -59.536669 
-0.652000 -59.290267 
-0.651000 -59.041796 
-0.650000 -58.791264 
-0.649000 -58.538680 
-0.648000 -58.284055 
-0.647000 -58.027396 
-0.646000 -57.768714 
-0.645000 -57.508017 
-0.644000 -57.245315 
-0.643000 -56.980617 
-0.642000 -56.713932 
-0.641000 -56.445271 
-0.640000 -56.174641 
-0.639000 -55.902054 
-0.638000 -55.627518 
-0.637000 -55.351043 
-0.636000 -55.072639 
-0.635000 -54.792315 
-0.634000 -54.510081 
-0.633000 -54.225947 
-0.632000 -53.939922 
-0.631000 -53.652017 
-0.630000 -53.362242 
-0.629000 -53.070606 
-0.628000 -52.777119 
-0.627000 -52.481791 
-0.626000 -52.184632 
-0.625000 -51.885653 
-0.624000 -51.584863 
-0.623000 -51.282273 
-0.622000 -50.977893 
-0.621000 -50.671733 
-0.620000 -50.363803 
-0.619000 -50.054113 
-0.618000 -49.742675 
-0.617000 -49.429498 
-0.616000 -49.114593 
-0.615000 -48.797970 
-0.614000 -48.479640 
-0.613000 -48.159613 
-0.612000 -47.837900 
-0.611000 -47.514511 
-0.610000 -47.189458 
-0.609000 -46.862751 
-0.608000 -46.534400 
-0.607000 -46.204416 
-0.606000 -45.872810 
-0.605000 -45.539594 
-0.604000 -45.204777 
-0.603000 -44.868370 
-0.602000 -44.530386 
-0.601000 -44.190834 
-0.600000 -43.849726 
-0.599000 -43.507072 
-0.598000 -43.162884 
-0.597000 -42.817173 
-0.596000 -42.469950 
-0.595000 -42.121226 
-0.594000 -41.771013 
-0.593000 -41.419321 
-0.592000 -41.066163 
-0.591000 -40.711548 
-0.590000 -40.355490 
-0.589000 -39.997998 
-0.588000 -39.639085 
-0.587000 -39.278762 
-0.586000 -38.917040 
-0.585000 -38.553932 
-0.584000 -38.189448 
-0.583000 -37.823600 
-0.582000 -37.456400 
-0.581000 -37.087859 
-0.580000 -36.717990 
-0.579000 -36.346804 
-0.578000 -35.974312 
-0.577000 -35.600527 
-0.576000 -35.225460 
-0.575000 -34.849124 
-0.574000 -34.471529 
-0.573000 -34.092689 
-0.572000 -33.712614 
-0.571000 -33.331318 
-0.570000 -32.948812 
-0.569000 -32.565108 
-0.568000 -32.180218 
-0.567000 -31.794154 
-0.566000 -31.406929 
-0.565000 -31.018555 
-0.564000 -30.629043 
-0.563000 -30.238407 
-0.562000 -29.846658 
-0.561000 -29.453809 
-0.560000 -29.059873 
-0.559000 -28.664861 
-0.558000 -28.268786 
-0.557000 -27.871660 
-0.556000 -27.473496 
-0.555000 -27.074307 
-0.554000 -26.674105 
-0.553000 -26.272902 
-0.552000 -25.870711 
-0.551000 -25.467546 
-0.550000 -25.063417 
-0.549000 -24.658339 
-0.548000 -24.252324 
-0.547000 -23.845385 
-0.546000 -23.437534 
-0.545000 -23.028784 
-0.544000 -22.619149 
-0.543000 -22.208640 
-0.542000 -21.797272 
-0.541000 -21.385056 
-0.540000 -20.972006 
-0.539000 -20.558136 
-0.538000 -20.143457 
-0.537000 -19.727983 
-0.536000 -19.311727 
-0.535000 -18.894703 
-0.534000 -18.476923 
-0.533000 -18.058400 
-0.532000 -17.639148 
-0.531000 -17.219180 
-0.530000 -16.798510 
-0.529000 -16.377150 
-0.528000 -15.955114 
-0.527000 -15.532415 
-0.526000 -15.109067 
-0.525000 -14.685084 
-0.524000 -14.260477 
-0.523000 -13.835262 
-0.522000 -13.409451 
-0.521000 -12.983059 
-0.520000 -12.556098 
-0.519000 -12.128582 
-0.518000 -11.700525 
-0.517000 -11.271941 
-0.516000 -10.842842 
-0.515000 -10.413244 
-0.514000 -9.983159 
-0.513000 -9.552602 
-0.512000 -9.121586 
-0.511000 -8.690124 
-0.510000 -8.258232 
-0.509000 -7.825922 
-0.508000 -7.393209 
-0.507000 -6.960106 
-0.506000 -6.526628 
-0.505000 -6.092788 
-0.504000 -5.658601 
-0.503000 -5.224080 
-0.502000 -4.789239 
-0.501000 -4.354093 
-0.500000 -3.918656 
-0.499000 -3.482942 
-0.498000 -3.046964 
-0.497000 -2.610738 
-0.496000 -2.174277 
-0.495000 -1.737596 
-0.494000 -1.300709 
-0.493000 -0.863630 
-0.492000 -0.426373 
-0.491000 0.011046 
-0.490000 0.448615 
-0.489000 0.886318 
-0.488000 1.324141 
-0.487000 1.762069 
-0.486000 2.200089 
-0.485000 2.638185 
-0.484000 3.076344 
-0.483000 3.514550 
-0.482000 3.952789 
-0.481000 4.391046 
-0.480000 4.829308 
-0.479000 5.267558 
-0.478000 5.705784 
-0.477000 6.143969 
-0.476000 6.582099 
-0.475000 7.020160 
-0.474000 7.458136 
-0.473000 7.896014 
-0.472000 8.333778 
-0.471000 8.771413 
-0.470000 9.208905 
-0.469000 9.646239 
-0.468000 10.083400 
-0.467000 10.520372 
-0.466000 10.957142 
-0.465000 11.393694 
-0.464000 11.830014 
-0.463000 12.266085 
-0.462000 12.701894 
-0.461000 13.137425 
-0.460000 13.572664 
-0.459000 14.007595 
-0.458000 14.442203 
-0.457000 14.876473 
-0.456000 15.310390 
-0.455000 15.743939 
-0.454000 16.177105 
-0.453000 16.609873 
-0.452000 17.042227 
-0.451000 17.474152 
-0.450000 17.905633 
-0.449000 18.336656 
-0.448000 18.767204 
-0.447000 19.197262 
-0.446000 19.626816 
-0.445000 20.055849 
-0.444000 20.484348 
-0.443000 20.912295 
-0.442000 21.339676 
-0.441000 21.766477 
-0.440000 22.192680 
-0.439000 22.618272 
-0.438000 23.043236 
-0.437000 23.467557 
-0.436000 23.891220 
-0.435000 24.314210 
-0.434000 24.736510 
-0.433000 25.158107 
-0.432000 25.578983 
-0.431000 25.999124 
-0.430000 26.418515 
-0.429000 26.837139 
-0.428000 27.254981 
-0.427000 27.672027 
-0.426000 28.088260 
-0.425000 28.503664 
-0.424000 28.918225 
-0.423000 29.331927 
-0.422000 29.744754 
-0.421000 30.156692 
-0.420000 30.567723 
-0.419000 30.977833 
-0.418000 31.387006 
-0.417000 31.795227 
-0.416000 32.202480 
-0.415000 32.608750 
-0.414000 33.014021 
-0.413000 33.418277 
-0.412000 33.821503 
-0.411000 34.223683 
-0.410000 34.624802 
-0.409000 35.024845 
-0.408000 35.423795 
-0.407000 35.821637 
-0.406000 36.218355 
-0.405000 36.613935 
-0.404000 37.008360 
-0.403000 37.401615 
-0.402000 37.793684 
-0.401000 38.184552 
-0.400000 38.574203 
-0.399000 38.962621 
-0.398000 39.349792 
-0.397000 39.735699 
-0.396000 40.120328 
-0.395000 40.503662 
-0.394000 40.885686 
-0.393000 41.266384 
-0.392000 41.645741 
-0.391000 42.023742 
-0.390000 42.400371 
-0.389000 42.775613 
-0.388000 43.149452 
-0.387000 43.521872 
-0.386000 43.892859 
-0.385000 44.262396 
-0.384000 44.630469 
-0.383000 44.997062 
-0.382000 45.362160 
-0.381000 45.725746 
-0.380000 46.087807 
-0.379000 46.448326 
-0.378000 46.807289 
-0.377000 47.164679 
-0.376000 47.520483 
-0.375000 47.874683 
-0.374000 48.227266 
-0.373000 48.578216 
-0.372000 48.927517 
-0.371000 49.275155 
-0.370000 49.621115 
-0.369000 49.965381 
-0.368000 50.307938 
-0.367000 50.648771 
-0.366000 50.987865 
-0.365000 51.325205 
-0.364000 51.660776 
-0.363000 51.994563 
-0.362000 52.326551 
-0.361000 52.656726 
-0.360000 52.985071 
-0.359000 53.311573 
-0.358000 53.636216 
-0.357000 53.958987 
-0.356000 54.279869 
-0.355000 54.598848 
-0.354000 54.915911 
-0.353000 55.231041 
-0.352000 55.544224 
-0.351000 55.855446 
-0.350000 56.164692 
-0.349000 56.471948 
-0.348000 56.777198 
-0.347000 57.080430 
-0.346000 57.381628 
-0.345000 57.680778 
-0.344000 57.977866 
-0.343000 58.272877 
-0.342000 58.565797 
-0.341000 58.856612 
-0.340000 59.145309 
-0.339000 59.431872 
-0.338000 59.716287 
-0.337000 59.998542 
-0.336000 60.278622 
-0.335000 60.556512 
-0.334000 60.832200 
-0.333000 61.105671 
-0.332000 61.376912 
-0.331000 61.645909 
-0.330000 61.912648 
-0.329000 62.177117 
-0.328000 62.439300 
-0.327000 62.699186 
-0.326000 62.956760 
-0.325000 63.212009 
-0.324000 63.464920 
-0.323000 63.715480 
-0.322000 63.963676 
-0.321000 64.209494 
-0.320000 64.452921 
-0.319000 64.693946 
-0.318000 64.932554 
-0.317000 65.168733 
-0.316000 65.402470 
-0.315000 65.633752 
-0.314000 65.862568 
-0.313000 66.088904 
-0.312000 66.312748 
-0.311000 66.534088 
-0.310000 66.752910 
-0.309000 66.969204 
-0.308000 67.182957 
-0.307000 67.394157 
-0.306000 67.602791 
-0.305000 67.808849 
-0.304000 68.012317 
-0.303000 68.213185 
-0.302000 68.411440 
-0.301000 68.607072 
-0.300000 68.800068 
-0.299000 68.990418 
-0.298000 69.178109 
-0.297000 69.363131 
-0.296000 69.545472 
-0.295000 69.725122 
-0.294000 69.902069 
-0.293000 70.076303 
-0.292000 70.247812 
-0.291000 70.416587 
-0.290000 70.582616 
-0.289000 70.745889 
-0.288000 70.906396 
-0.287000 71.064126 
-0.286000 71.219069 
-0.285000 71.371215 
-0.284000 71.520554 
-0.283000 71.667077 
-0.282000 71.810772 
-0.281000 71.951632 
-0.280000 72.089645 
-0.279000 72.224803 
-0.278000 72.357096 
-0.277000 72.486515 
-0.276000 72.613051 
-0.275000 72.736695 
-0.274000 72.857437 
-0.273000 72.975270 
-0.272000 73.090184 
-0.271000 73.202171 
-0.270000 73.311222 
-0.269000 73.417329 
-0.268000 73.520483 
-0.267000 73.620678 
-0.266000 73.717904 
-0.265000 73.812153 
-0.264000 73.903419 
-0.263000 73.991693 
-0.262000 74.076968 
-0.261000 74.159236 
-0.260000 74.238490 
-0.259000 74.314724 
-0.258000 74.387930 
-0.257000 74.458101 
-0.256000 74.525231 
-0.255000 74.589312 
-0.254000 74.650339 
-0.253000 74.708305 
-0.252000 74.763204 
-0.251000 74.815030 
-0.250000 74.863777 
-0.249000 74.909439 
-0.248000 74.952010 
-0.247000 74.991485 
-0.246000 75.027859 
-0.245000 75.061126 
-0.244000 75.091281 
-0.243000 75.118320 
-0.242000 75.142237 
-0.241000 75.163028 
-0.240000 75.180688 
-0.239000 75.195213 
-0.238000 75.206598 
-0.237000 75.214840 
-0.236000 75.219935 
-0.235000 75.221879 
-0.234000 75.220668 
-0.233000 75.216298 
-0.232000 75.208767 
-0.231000 75.198072 
-0.230000 75.184208 
-0.229000 75.167174 
-0.228000 75.146966 
-0.227000 75.123583 
-0.226000 75.097021 
-0.225000 75.067278 
-0.224000 75.034353 
-0.223000 74.998244 
-0.222000 74.958947 
-0.221000 74.916463 
-0.220000 74.870790 
-0.219000 74.821926 
-0.218000 74.769870 
-0.217000 74.714621 
-0.216000 74.656179 
-0.215000 74.594542 
-0.214000 74.529711 
-0.213000 74.461684 
-0.212000 74.390463 
-0.211000 74.316047 
-0.210000 74.238435 
-0.209000 74.157629 
-0.208000 74.073629 
-0.207000 73.986436 
-0.206000 73.896051 
-0.205000 73.802474 
-0.204000 73.705707 
-0.203000 73.605751 
-0.202000 73.502608 
-0.201000 73.396279 
-0.200000 73.286767 
-0.199000 73.174074 
-0.198000 73.058201 
-0.197000 72.939151 
-0.196000 72.816927 
-0.195000 72.691532 
-0.194000 72.562968 
-0.193000 72.431239 
-0.192000 72.296347 
-0.191000 72.158297 
-0.190000 72.017092 
-0.189000 71.872736 
-0.188000 71.725233 
-0.187000 71.574586 
-0.186000 71.420801 
-0.185000 71.263882 
-0.184000 71.103834 
-0.183000 70.940661 
-0.182000 70.774368 
-0.181000 70.604961 
-0.180000 70.432446 
-0.179000 70.256827 
-0.178000 70.078111 
-0.177000 69.896303 
-0.176000 69.711410 
-0.175000 69.523438 
-0.174000 69.332394 
-0.173000 69.138283 
-0.172000 68.941114 
-0.171000 68.740892 
-0.170000 68.537626 
-0.169000 68.331322 
-0.168000 68.121989 
-0.167000 67.909633 
-0.166000 67.694263 
-0.165000 67.475887 
-0.164000 67.254513 
-0.163000 67.030150 
-0.162000 66.802806 
-0.161000 66.572489 
-0.160000 66.339210 
-0.159000 66.102977 
-0.158000 65.863800 
-0.157000 65.621687 
-0.156000 65.376649 
-0.155000 65.128695 
-0.154000 64.877836 
-0.153000 64.624082 
-0.152000 64.367443 
-0.151000 64.107929 
-0.150000 63.845552 
-0.149000 63.580322 
-0.148000 63.312251 
-0.147000 63.041349 
-0.146000 62.767628 
-0.145000 62.491100 
-0.144000 62.211776 
-0.143000 61.929668 
-0.142000 61.644789 
-0.141000 61.357150 
-0.140000 61.066765 
-0.139000 60.773645 
-0.138000 60.477803 
-0.137000 60.179253 
-0.136000 59.878007 
-0.135000 59.574079 
-0.134000 59.267482 
-0.133000 58.958229 
-0.132000 58.646335 
-0.131000 58.331814 
-0.130000 58.014679 
-0.129000 57.694944 
-0.128000 57.372625 
-0.127000 57.047735 
-0.126000 56.720290 
-0.125000 56.390303 
-0.124000 56.057791 
-0.123000 55.722768 
-0.122000 55.385250 
-0.121000 55.045252 
-0.120000 54.702789 
-0.119000 54.357879 
-0.118000 54.010535 
-0.117000 53.660775 
-0.116000 53.308615 
-0.115000 52.954071 
-0.114000 52.597160 
-0.113000 52.237898 
-0.112000 51.876302 
-0.111000 51.512389 
-0.110000 51.146176 
-0.109000 50.777681 
-0.108000 50.406920 
-0.107000 50.033912 
-0.106000 49.658673 
-0.105000 49.281222 
-0.104000 48.901577 
-0.103000 48.519755 
-0.102000 48.135774 
-0.101000 47.749654 
-0.100000 47.361412 
-0.099000 46.971067 
-0.098000 46.578638 
-0.097000 46.184143 
-0.096000 45.787602 
-0.095000 45.389033 
-0.094000 44.988456 
-0.093000 44.585889 
-0.092000 44.181353 
-0.091000 43.774867 
-0.090000 43.366450 
-0.089000 42.956122 
-0.088000 42.543903 
-0.087000 42.129813 
-0.086000 41.713872 
-0.085000 41.296101 
-0.084000 40.876518 
-0.083000 40.455146 
-0.082000 40.032005 
-0.081000 39.607114 
-0.080000 39.180495 
-0.079000 38.752168 
-0.078000 38.322155 
-0.077000 37.890476 
-0.076000 37.457152 
-0.075000 37.022206 
-0.074000 36.585656 
-0.073000 36.147526 
-0.072000 35.707837 
-0.071000 35.266610 
-0.070000 34.823866 
-0.069000 34.379628 
-0.068000 33.933917 
-0.067000 33.486755 
-0.066000 33.038164 
-0.065000 32.588166 
-0.064000 32.136783 
-0.063000 31.684037 
-0.062000 31.229950 
-0.061000 30.774544 
-0.060000 30.317843 
-0.059000 29.859868 
-0.058000 29.400641 
-0.057000 28.940186 
-0.056000 28.478525 
-0.055000 28.015680 
-0.054000 27.551674 
-0.053000 27.086530 
-0.052000 26.620271 
-0.051000 26.152920 
-0.050000 25.684499 
-0.049000 25.215031 
-0.048000 24.744540 
-0.047000 24.273049 
-0.046000 23.800579 
-0.045000 23.327156 
-0.044000 22.852802 
-0.043000 22.377539 
-0.042000 21.901392 
-0.041000 21.424383 
-0.040000 20.946536 
-0.039000 20.467874 
-0.038000 19.988421 
-0.037000 19.508199 
-0.036000 19.027233 
-0.035000 18.545546 
-0.034000 18.063160 
-0.033000 17.580100 
-0.032000 17.096390 
-0.031000 16.612051 
-0.030000 16.127109 
-0.029000 15.641587 
-0.028000 15.155507 
-0.027000 14.668895 
-0.026000 14.181772 
-0.025000 13.694163 
-0.024000 13.206092 
-0.023000 12.717581 
-0.022000 12.228655 
-0.021000 11.739337 
-0.020000 11.249650 
-0.019000 10.759618 
-0.018000 10.269265 
-0.017000 9.778614 
-0.016000 9.287689 
-0.015000 8.796513 
-0.014000 8.305109 
-0.013000 7.813502 
-0.012000 7.321714 
-0.011000 6.829769 
-0.010000 6.337690 
-0.009000 5.845502 
-0.008000 5.353226 
-0.007000 4.860887 
-0.006000 4.368508 
-0.005000 3.876112 
-0.004000 3.383723 
-0.003000 2.891363 
-0.002000 2.399056 
-0.001000 1.906825 
-0.000000 1.414693 
0.001000 0.922683 
0.002000 0.430819 
0.003000 -0.060877 
0.004000 -0.552383 
0.005000 -1.043673 
0.006000 -1.534727 
0.007000 -2.025521 
0.008000 -2.516033 
0.009000 -3.006239 
0.010000 -3.496117 
0.011000 -3.985645 
0.012000 -4.474799 
0.013000 -4.963558 
0.014000 -5.451898 
0.015000 -5.939798 
0.016000 -6.427235 
0.017000 -6.914187 
0.018000 -7.400632 
0.019000 -7.886547 
0.020000 -8.371911 
0.021000 -8.856701 
0.022000 -9.340895 
0.023000 -9.824472 
0.024000 -10.307410 
0.025000 -10.789686 
0.026000 -11.271281 
0.027000 -11.752171 
0.028000 -12.232335 
0.029000 -12.711752 
0.030000 -13.190401 
0.031000 -13.668260 
0.032000 -14.145308 
0.033000 -14.621524 
0.034000 -15.096887 
0.035000 -15.571376 
0.036000 -16.044970 
0.037000 -16.517648 
0.038000 -16.989391 
0.039000 -17.460176 
0.040000 -17.929984 
0.041000 -18.398793 
0.042000 -18.866585 
0.043000 -19.333339 
0.044000 -19.799034 
0.045000 -20.263650 
0.046000 -20.727168 
0.047000 -21.189567 
0.048000 -21.650829 
0.049000 -22.110932 
0.050000 -22.569859 
0.051000 -23.027588 
0.052000 -23.484102 
0.053000 -23.939380 
0.054000 -24.393404 
0.055000 -24.846154 
0.056000 -25.297612 
0.057000 -25.747758 
0.058000 -26.196574 
0.059000 -26.644042 
0.060000 -27.090143 
0.061000 -27.534858 
0.062000 -27.978170 
0.063000 -28.420059 
0.064000 -28.860508 
0.065000 -29.299500 
0.066000 -29.737015 
0.067000 -30.173037 
0.068000 -30.607548 
0.069000 -31.040530 
0.070000 -31.471966 
0.071000 -31.901839 
0.072000 -32.330131 
0.073000 -32.756825 
0.074000 -33.181906 
0.075000 -33.605355 
0.076000 -34.027156 
0.077000 -34.447292 
0.078000 -34.865748 
0.079000 -35.282506 
0.080000 -35.697551 
0.081000 -36.110867 
0.082000 -36.522436 
0.083000 -36.932245 
0.084000 -37.340277 
0.085000 -37.746516 
0.086000 -38.150946 
0.087000 -38.553554 
0.088000 -38.954322 
0.089000 -39.353237 
0.090000 -39.750284 
0.091000 -40.145446 
0.092000 -40.538711 
0.093000 -40.930062 
0.094000 -41.319487 
0.095000 -41.706969 
0.096000 -42.092496 
0.097000 -42.476052 
0.098000 -42.857625 
0.099000 -43.237200 
0.100000 -43.614763 
0.101000 -43.990301 
0.102000 -44.363801 
0.103000 -44.735249 
0.104000 -45.104632 
0.105000 -45.471937 
0.106000 -45.837150 
0.107000 -46.200260 
0.108000 -46.561254 
0.109000 -46.920118 
0.110000 -47.276841 
0.111000 -47.631410 
0.112000 -47.983813 
0.113000 -48.334039 
0.114000 -48.682074 
0.115000 -49.027908 
0.116000 -49.371528 
0.117000 -49.712924 
0.118000 -50.052083 
0.119000 -50.388995 
0.120000 -50.723648 
0.121000 -51.056032 
0.122000 -51.386136 
0.123000 -51.713948 
0.124000 -52.039458 
0.125000 -52.362657 
0.126000 -52.683532 
0.127000 -53.002075 
0.128000 -53.318275 
0.129000 -53.632122 
0.130000 -53.943607 
0.131000 -54.252719 
0.132000 -54.559449 
0.133000 -54.863788 
0.134000 -55.165725 
0.135000 -55.465253 
0.136000 -55.762362 
0.137000 -56.057043 
0.138000 -56.349288 
0.139000 -56.639087 
0.140000 -56.926432 
0.141000 -57.211314 
0.142000 -57.493726 
0.143000 -57.773659 
0.144000 -58.051105 
0.145000 -58.326057 
0.146000 -58.598506 
0.147000 -58.868444 
0.148000 -59.135865 
0.149000 -59.400760 
0.150000 -59.663123 
0.151000 -59.922946 
0.152000 -60.180223 
0.153000 -60.434946 
0.154000 -60.687108 
0.155000 -60.936703 
0.156000 -61.183725 
0.157000 -61.428166 
0.158000 -61.670022 
0.159000 -61.909284 
0.160000 -62.145948 
0.161000 -62.380007 
0.162000 -62.611456 
0.163000 -62.840289 
0.164000 -63.066501 
0.165000 -63.290085 
0.166000 -63.511037 
0.167000 -63.729351 
0.168000 -63.945022 
0.169000 -64.158045 
0.170000 -64.368416 
0.171000 -64.576130 
0.172000 -64.781181 
0.173000 -64.983567 
0.174000 -65.183281 
0.175000 -65.380320 
0.176000 -65.574680 
0.177000 -65.766356 
0.178000 -65.955345 
0.179000 -66.141643 
0.180000 -66.325246 
0.181000 -66.506151 
0.182000 -66.684354 
0.183000 -66.859852 
0.184000 -67.032641 
0.185000 -67.202718 
0.186000 -67.370081 
0.187000 -67.534726 
0.188000 -67.696651 
0.189000 -67.855853 
0.190000 -68.012329 
0.191000 -68.166077 
0.192000 -68.317095 
0.193000 -68.465379 
0.194000 -68.610929 
0.195000 -68.753741 
0.196000 -68.893815 
0.197000 -69.031148 
0.198000 -69.165739 
0.199000 -69.297585 
0.200000 -69.426686 
0.201000 -69.553039 
0.202000 -69.676644 
0.203000 -69.797500 
0.204000 -69.915605 
0.205000 -70.030958 
0.206000 -70.143559 
0.207000 -70.253406 
0.208000 -70.360499 
0.209000 -70.464838 
0.210000 -70.566421 
0.211000 -70.665248 
0.212000 -70.761320 
0.213000 -70.854636 
0.214000 -70.945195 
0.215000 -71.032998 
0.216000 -71.118045 
0.217000 -71.200336 
0.218000 -71.279871 
0.219000 -71.356651 
0.220000 -71.430677 
0.221000 -71.501947 
0.222000 -71.570465 
0.223000 -71.636229 
0.224000 -71.699241 
0.225000 -71.759503 
0.226000 -71.817014 
0.227000 -71.871776 
0.228000 -71.923791 
0.229000 -71.973059 
0.230000 -72.019582 
0.231000 -72.063361 
0.232000 -72.104398 
0.233000 -72.142695 
0.234000 -72.178254 
0.235000 -72.211075 
0.236000 -72.241162 
0.237000 -72.268516 
0.238000 -72.293139 
0.239000 -72.315034 
0.240000 -72.334202 
0.241000 -72.350646 
0.242000 -72.364369 
0.243000 -72.375372 
0.244000 -72.383659 
0.245000 -72.389232 
0.246000 -72.392094 
0.247000 -72.392248 
0.248000 -72.389697 
0.249000 -72.384443 
0.250000 -72.376490 
0.251000 -72.365841 
0.252000 -72.352500 
0.253000 -72.336468 
0.254000 -72.317751 
0.255000 -72.296351 
0.256000 -72.272272 
0.257000 -72.245517 
0.258000 -72.216091 
0.259000 -72.183997 
0.260000 -72.149238 
0.261000 -72.111819 
0.262000 -72.071744 
0.263000 -72.029017 
0.264000 -71.983642 
0.265000 -71.935623 
0.266000 -71.884965 
0.267000 -71.831672 
0.268000 -71.775747 
0.269000 -71.717197 
0.270000 -71.656025 
0.271000 -71.592236 
0.272000 -71.525835 
0.273000 -71.456827 
0.274000 -71.385216 
0.275000 -71.311007 
0.276000 -71.234206 
0.277000 -71.154817 
0.278000 -71.072845 
0.279000 -70.988296 
0.280000 -70.901176 
0.281000 -70.811488 
0.282000 -70.719240 
0.283000 -70.624435 
0.284000 -70.527080 
0.285000 -70.427181 
0.286000 -70.324742 
0.287000 -70.219770 
0.288000 -70.112270 
0.289000 -70.002249 
0.290000 -69.889712 
0.291000 -69.774665 
0.292000 -69.657114 
0.293000 -69.537066 
0.294000 -69.414525 
0.295000 -69.289500 
0.296000 -69.161995 
0.297000 -69.032018 
0.298000 -68.899574 
0.299000 -68.764670 
0.300000 -68.627313 
0.301000 -68.487509 
0.302000 -68.345265 
0.303000 -68.200587 
0.304000 -68.053482 
0.305000 -67.903957 
0.306000 -67.752019 
0.307000 -67.597675 
0.308000 -67.440932 
0.309000 -67.281796 
0.310000 -67.120275 
0.311000 -66.956376 
0.312000 -66.790106 
0.313000 -66.621473 
0.314000 -66.450483 
0.315000 -66.277144 
0.316000 -66.101463 
0.317000 -65.923448 
0.318000 -65.743107 
0.319000 -65.560446 
0.320000 -65.375475 
0.321000 -65.188199 
0.322000 -64.998627 
0.323000 -64.806766 
0.324000 -64.612626 
0.325000 -64.416212 
0.326000 -64.217534 
0.327000 -64.016599 
0.328000 -63.813415 
0.329000 -63.607991 
0.330000 -63.400333 
0.331000 -63.190452 
0.332000 -62.978354 
0.333000 -62.764048 
0.334000 -62.547543 
0.335000 -62.328846 
0.336000 -62.107967 
0.337000 -61.884913 
0.338000 -61.659693 
0.339000 -61.432315 
0.340000 -61.202789 
0.341000 -60.971122 
0.342000 -60.737324 
0.343000 -60.501404 
0.344000 -60.263369 
0.345000 -60.023229 
0.346000 -59.780993 
0.347000 -59.536669 
0.348000 -59.290267 
0.349000 -59.041796 
0.350000 -58.791264 
0.351000 -58.538680 
0.352000 -58.284055 
0.353000 -58.027396 
0.354000 -57.768714 
0.355000 -57.508017 
0.356000 -57.245315 
0.357000 -56.980617 
0.358000 -56.713932 
0.359000 -56.445271 
0.360000 -56.174641 
0.361000 -55.902054 
0.362000 -55.627518 
0.363000 -55.351043 
0.364000 -55.072639 
0.365000 -54.792315 
0.366000 -54.510081 
0.367000 -54.225947 
0.368000 -53.939922 
0.369000 -53.652017 
0.370000 -53.362242 
0.371000 -53.070606 
0.372000 -52.777119 
0.373000 -52.481791 
0.374000 -52.184632 
0.375000 -51.885653 
0.376000 -51.584863 
0.377000 -51.282273 
0.378000 -50.977893 
0.379000 -50.671733 
0.380000 -50.363803 
0.381000 -50.054113 
0.382000 -49.742675 
0.383000 -49.429498 
0.384000 -49.114593 
0.385000 -48.797970 
0.386000 -48.479640 
0.387000 -48.159613 
0.388000 -47.837900 
0.389000 -47.514511 
0.390000 -47.189458 
0.391000 -46.862751 
0.392000 -46.534400 
0.393000 -46.204416 
0.394000 -45.872810 
0.395000 -45.539594 
0.396000 -45.204777 
0.397000 -44.868370 
0.398000 -44.530386 
0.399000 -44.190834 
0.400000 -43.849726 
0.401000 -43.507072 
0.402000 -43.162884 
0.403000 -42.817173 
0.404000 -42.469950 
0.405000 -42.121226 
0.406000 -41.771013 
0.407000 -41.419321 
0.408000 -41.066163 
0.409000 -40.711548 
0.410000 -40.355490 
0.411000 -39.997998 
0.412000 -39.639085 
0.413000 -39.278762 
0.414000 -38.917040 
0.415000 -38.553932 
0.416000 -38.189448 
0.417000 -37.823600 
0.418000 -37.456400 
0.419000 -37.087859 
0.420000 -36.717990 
0.421000 -36.346804 
0.422000 -35.974312 
0.423000 -35.600527 
0.424000 -35.225460 
0.425000 -34.849124 
0.426000 -34.471529 
0.427000 -34.092689 
0.428000 -33.712614 
0.429000 -33.331318 
0.430000 -32.948812 
0.431000 -32.565108 
0.432000 -32.180218 
0.433000 -31.794154 
0.434000 -31.406929 
0.435000 -31.018555 
0.436000 -30.629043 
0.437000 -30.238407 
0.438000 -29.846658 
0.439000 -29.453809 
0.440000 -29.059873 
0.441000 -28.664861 
0.442000 -28.268786 
0.443000 -27.871660 
0.444000 -27.473496 
0.445000 -27.074307 
0.446000 -26.674105 
0.447000 -26.272902 
0.448000 -25.870711 
0.449000 -25.467546 
0.450000 -25.063417 
0.451000 -24.658339 
0.452000 -24.252324 
0.453000 -23.845385 
0.454000 -23.437534 
0.455000 -23.028784 
0.456000 -22.619149 
0.457000 -22.208640 
0.458000 -21.797272 
0.459000 -21.385056 
0.460000 -20.972006 
0.461000 -20.558136 
0.462000 -20.143457 
0.463000 -19.727983 
0.464000 -19.311727 
0.465000 -18.894703 
0.466000 -18.476923 
0.467000 -18.058400 
0.468000 -17.639148 
0.469000 -17.219180 
0.470000 -16.798510 
0.471000 -16.377150 
0.472000 -15.955114 
0.473000 -15.532415 
0.474000 -15.109067 
0.475000 -14.685084 
0.476000 -14.260477 
0.477000 -13.835262 
0.478000 -13.409451 
0.479000 -12.983059 
0.480000 -12.556098 
0.481000 -12.128582 
0.482000 -11.700525 
0.483000 -11.271941 
0.484000 -10.842842 
0.485000 -10.413244 
0.486000 -9.983159 
0.487000 -9.552602 
0.488000 -9.121586 
0.489000 -8.690124 
0.490000 -8.258232 
0.491000 -7.825922 
0.492000 -7.393209 
0.493000 -6.960106 
0.494000 -6.526628 
0.495000 -6.092788 
0.496000 -5.658601 
0.497000 -5.224080 
0.498000 -4.789239 
0.499000 -4.354093 
0.500000 -3.918656 
0.501000 -3.482942 
0.502000 -3.046964 
0.503000 -2.610738 
0.504000 -2.174277 
0.505000 -1.737596 
0.506000 -1.300709 
0.507000 -0.863630 
0.508000 -0.426373 
0.509000 0.011046 
0.510000 0.448615 
0.511000 0.886318 
0.512000 1.324141 
0.513000 1.762069 
0.514000 2.200089 
0.515000 2.638185 
0.516000 3.076344 
0.517000 3.514550 
0.518000 3.952789 
0.519000 4.391046 
0.520000 4.829308 
0.521000 5.267558 
0.522000 5.705784 
0.523000 6.143969 
0.524000 6.582099 
0.525000 7.020160 
0.526000 7.458136 
0.527000 7.896014 
0.528000 8.333778 
0.529000 8.771413 
0.530000 9.208905 
0.531000 9.646239 
0.532000 10.083400 
0.533000 10.520372 
0.534000 10.957142 
0.535000 11.393694 
0.536000 11.830014 
0.537000 12.266085 
0.538000 12.701894 
0.539000 13.137425 
0.540000 13.572664 
0.541000 14.007595 
0.542000 14.442203 
0.543000 14.876473 
0.544000 15.310390 
0.545000 15.743939 
0.546000 16.177105 
0.547000 16.609873 
0.548000 17.042227 
0.549000 17.474152 
0.550000 17.905633 
0.551000 18.336656 
0.552000 18.767204 
0.553000 19.197262 
0.554000 19.626816 
0.555000 20.055849 
0.556000 20.484348 
0.557000 20.912295 
0.558000 21.339676 
0.559000 21.766477 
0.560000 22.192680 
0.561000 22.618272 
0.562000 23.043236 
0.563000 23.467557 
0.564000 23.891220 
0.565000 24.314210 
0.566000 24.736510 
0.567000 25.158107 
0.568000 25.578983 
0.569000 25.999124 
0.570000 26.418515 
0.571000 26.837139 
0.572000 27.254981 
0.573000 27.672027 
0.574000 28.088260 
0.575000 28.503664 
0.576000 28.918225 
0.577000 29.331927 
0.578000 29.744754 
0.579000 30.156692 
0.580000 30.567723 
0.581000 30.977833 
0.582000 31.387006 
0.583000 31.795227 
0.584000 32.202480 
0.585000 32.608750 
0.586000 33.014021 
0.587000 33.418277 
0.588000 33.821503 
0.589000 34.223683 
0.590000 34.624802 
0.591000 35.024845 
0.592000 35.423795 
0.593000 35.821637 
0.594000 36.218355 
0.595000 36.613935 
0.596000 37.008360 
0.597000 37.401615 
0.598000 37.793684 
0.599000 38.184552 
0.600000 38.574203 
0.601000 38.962621 
0.602000 39.349792 
0.603000 39.735699 
0.604000 40.120328 
0.605000 40.503662 
0.606000 40.885686 
0.607000 41.266384 
0.608000 41.645741 
0.609000 42.023742 
0.610000 42.400371 
0.611000 42.775613 
0.612000 43.149452 
0.613000 43.521872 
0.614000 43.892859 
0.615000 44.262396 
0.616000 44.630469 
0.617000 44.997062 
0.618000 45.362160 
0.619000 45.725746 
0.620000 46.087807 
0.621000 46.448326 
0.622000 46.807289 
0.623000 47.164679 
0.624000 47.520483 
0.625000 47.874683 
0.626000 48.227266 
0.627000 48.578216 
0.628000 48.927517 
0.629000 49.275155 
0.630000 49.621115 
0.631000 49.965381 
0.632000 50.307938 
0.633000 50.648771 
0.634000 50.987865 
0.635000 51.325205 
0.636000 51.660776 
0.637000 51.994563 
0.638000 52.326551 
0.639000 52.656726 
0.640000 52.985071 
0.641000 53.311573 
0.642000 53.636216 
0.643000 53.958987 
0.644000 54.279869 
0.645000 54.598848 
0.646000 54.915911 
0.647000 55.231041 
0.648000 55.544224 
0.649000 55.855446 
0.650000 56.164692 
0.651000 56.471948 
0.652000 56.777198 
0.653000 57.080430 
0.654000 57.381628 
0.655000 57.680778 
0.656000 57.977866 
0.657000 58.272877 
0.658000 58.565797 
0.659000 58.856612 
0.660000 59.145309 
0.661000 59.431872 
0.662000 59.716287 
0.663000 59.998542 
0.664000 60.278622 
0.665000 60.556512 
0.666000 60.832200 
0.667000 61.105671 
0.668000 61.376912 
0.669000 61.645909 
0.670000 61.912648 
0.671000 62.177117 
0.672000 62.439300 
0.673000 62.699186 
0.674000 62.956760 
0.675000 63.212009 
0.676000 63.464920 
0.677000 63.715480 
0.678000 63.963676 
0.679000 64.209494 
0.680000 64.452921 
0.681000 64.693946 
0.682000 64.932554 
0.683000 65.168733 
0.684000 65.402470 
0.685000 65.633752 
0.686000 65.862568 
0.687000 66.088904 
0.688000 66.312748 
0.689000 66.534088 
0.690000 66.752910 
0.691000 66.969204 
0.692000 67.182957 
0.693000 67.394157 
0.694000 67.602791 
0.695000 67.808849 
0.696000 68.012317 
0.697000 68.213185 
0.698000 68.411440 
0.699000 68.607072 
0.700000 68.800068 
0.701000 68.990418 
0.702000 69.178109 
0.703000 69.363131 
0.704000 69.545472 
0.705000 69.725122 
0.706000 69.902069 
0.707000 70.076303 
0.708000 70.247812 
0.709000 70.416587 
0.710000 70.582616 
0.711000 70.745889 
0.712000 70.906396 
0.713000 71.064126 
0.714000 71.219069 
0.715000 71.371215 
0.716000 71.520554 
0.717000 71.667077 
0.718000 71.810772 
0.719000 71.951632 
0.720000 72.089645 
0.721000 72.224803 
0.722000 72.357096 
0.723000 72.486515 
0.724000 72.613051 
0.725000 72.736695 
0.726000 72.857437 
0.727000 72.975270 
0.728000 73.090184 
0.729000 73.202171 
0.730000 73.311222 
0.731000 73.417329 
0.732000 73.520483 
0.733000 73.620678 
0.734000 73.717904 
0.735000 73.812153 
0.736000 73.903419 
0.737000 73.991693 
0.738000 74.076968 
0.739000 74.159236 
0.740000 74.238490 
0.741000 74.314724 
0.742000 74.387930 
0.743000 74.458101 
0.744000 74.525231 
0.745000 74.589312 
0.746000 74.650339 
0.747000 74.708305 
0.748000 74.763204 
0.749000 74.815030 
0.750000 74.863777 
0.751000 74.909439 
0.752000 74.952010 
0.753000 74.991485 
0.754000 75.027859 
0.755000 75.061126 
0.756000 75.091281 
0.757000 75.118320 
0.758000 75.142237 
0.759000 75.163028 
0.760000 75.180688 
0.761000 75.195213 
0.762000 75.206598 
0.763000 75.214840 
0.764000 75.219935 
0.765000 75.221879 
0.766000 75.220668 
0.767000 75.216298 
0.768000 75.208767 
0.769000 75.198072 
0.770000 75.184208 
0.771000 75.167174 
0.772000 75.146966 
0.773000 75.123583 
0.774000 75.097021 
0.775000 75.067278 
0.776000 75.034353 
0.777000 74.998244 
0.778000 74.958947 
0.779000 74.916463 
0.780000 74.870790 
0.781000 74.821926 
0.782000 74.769870 
0.783000 74.714621 
0.784000 74.656179 
0.785000 74.594542 
0.786000 74.529711 
0.787000 74.461684 
0.788000 74.390463 
0.789000 74.316047 
0.790000 74.238435 
0.791000 74.157629 
0.792000 74.073629 
0.793000 73.986436 
0.794000 73.896051 
0.795000 73.802474 
0.796000 73.705707 
0.797000 73.605751 
0.798000 73.502608 
0.799000 73.396279 
0.800000 73.286767 
0.801000 73.174074 
0.802000 73.058201 
0.803000 72.939151 
0.804000 72.816927 
0.805000 72.691532 
0.806000 72.562968 
0.807000 72.431239 
0.808000 72.296347 
0.809000 72.158297 
0.810000 72.017092 
0.811000 71.872736 
0.812000 71.725233 
0.813000 71.574586 
0.814000 71.420801 
0.815000 71.263882 
0.816000 71.103834 
0.817000 70.940661 
0.818000 70.774368 
0.819000 70.604961 
0.820000 70.432446 
0.821000 70.256827 
0.822000 70.078111 
0.823000 69.896303 
0.824000 69.711410 
0.825000 69.523438 
0.826000 69.332394 
0.827000 69.138283 
0.828000 68.941114 
0.829000 68.740892 
0.830000 68.537626 
0.831000 68.331322 
0.832000 68.121989 
0.833000 67.909633 
0.834000 67.694263 
0.835000 67.475887 
0.836000 67.254513 
0.837000 67.030150 
0.838000 66.802806 
0.839000 66.572489 
0.840000 66.339210 
0.841000 66.102977 
0.842000 65.863800 
0.843000 65.621687 
0.844000 65.376649 
0.845000 65.128695 
0.846000 64.877836 
0.847000 64.624082 
0.848000 64.367443 
0.849000 64.107929 
0.850000 63.845552 
0.851000 63.580322 
0.852000 63.312251 
0.853000 63.041349 
0.854000 62.767628 
0.855000 62.491100 
0.856000 62.211776 
0.857000 61.929668 
0.858000 61.644789 
0.859000 61.357150 
0.860000 61.066765 
0.861000 60.773645 
0.862000 60.477803 
0.863000 60.179253 
0.864000 59.878007 
0.865000 59.574079 
0.866000 59.267482 
0.867000 58.958229 
0.868000 58.646335 
0.869000 58.331814 
0.870000 58.014679 
0.871000 57.694944 
0.872000 57.372625 
0.873000 57.047735 
0.874000 56.720290 
0.875000 56.390303 
0.876000 56.057791 
0.877000 55.722768 
0.878000 55.385250 
0.879000 55.045252 
0.880000 54.702789 
0.881000 54.357879 
0.882000 54.010535 
0.883000 53.660775 
0.884000 53.308615 
0.885000 52.954071 
0.886000 52.597160 
0.887000 52.237898 
0.888000 51.876302 
0.889000 51.512389 
0.890000 51.146176 
0.891000 50.777681 
0.892000 50.406920 
0.893000 50.033912 
0.894000 49.658673 
0.895000 49.281222 
0.896000 48.901577 
0.897000 48.519755 
0.898000 48.135774 
0.899000 47.749654 
0.900000 47.361412 
0.901000 46.971067 
0.902000 46.578638 
0.903000 46.184143 
0.904000 45.787602 
0.905000 45.389033 
0.906000 44.988456 
0.907000 44.585889 
0.908000 44.181353 
0.909000 43.774867 
0.910000 43.366450 
0.911000 42.956122 
0.912000 42.543903 
0.913000 42.129813 
0.914000 41.713872 
0.915000 41.296101 
0.916000 40.876518 
0.917000 40.455146 
0.918000 40.032005 
0.919000 39.607114 
0.920000 39.180495 
0.921000 38.752168 
0.922000 38.322155 
0.923000 37.890476 
0.924000 37.457152 
0.925000 37.022206 
0.926000 36.585656 
0.927000 36.147526 
0.928000 35.707837 
0.929000 35.266610 
0.930000 34.823866 
0.931000 34.379628 
0.932000 33.933917 
0.933000 33.486755 
0.934000 33.038164 
0.935000 32.588166 
0.936000 32.136783 
0.937000 31.684037 
0.938000 31.229950 
0.939000 30.774544 
0.940000 30.317843 
0.941000 29.859868 
0.942000 29.400641 
0.943000 28.940186 
0.944000 28.478525 
0.945000 28.015680 
0.946000 27.551674 
0.947000 27.086530 
0.948000 26.620271 
0.949000 26.152920 
0.950000 25.684499 
0.951000 25.215031 
0.952000 24.744540 
0.953000 24.273049 
0.954000 23.800579 
0.955000 23.327156 
0.956000 22.852802 
0.957000 22.377539 
0.958000 21.901392 
0.959000 21.424383 
0.960000 20.946536 
0.961000 20.467874 
0.962000 19.988421 
0.963000 19.508199 
0.964000 19.027233 
0.965000 18.545546 
0.966000 18.063160 
0.967000 17.580100 
0.968000 17.096390 
0.969000 16.612051 
0.970000 16.127109 
0.971000 15.641587 
0.972000 15.155507 
0.973000 14.668895 
0.974000 14.181772 
0.975000 13.694163 
0.976000 13.206092 
0.977000 12.717581 
0.978000 12.228655 
0.979000 11.739337 
0.980000 11.249650 
0.981000 10.759618 
0.982000 10.269265 
0.983000 9.778614 
0.984000 9.287689 
0.985000 8.796513 
0.986000 8.305109 
0.987000 7.813502 
0.988000 7.321714 
0.989000 6.829769 
0.990000 6.337690 
0.991000 5.845502 
0.992000 5.353226 
0.993000 4.860887 
0.994000 4.368508 
0.995000 3.876112 
0.996000 3.383723 
0.997000 2.891363 
0.998000 2.399056 
0.999000 1.906825 
1.000000 1.414693 
1.001000 0.922683 
1.002000 0.430819 
1.003000 -0.060877 
1.004000 -0.552383 
1.005000 -1.043673 
1.006000 -1.534727 
1.007000 -2.025521 
1.008000 -2.516033 
1.009000 -3.006239 
1.010000 -3.496117 
1.011000 -3.985645 
1.012000 -4.474799 
1.013000 -4.963558 
1.014000 -5.451898 
1.015000 -5.939798 
1.016000 -6.427235 
1.017000 -6.914187 
1.018000 -7.400632 
1.019000 -7.886547 
1.020000 -8.371911 
1.021000 -8.856701 
1.022000 -9.340895 
1.023000 -9.824472 
1.024000 -10.307410 
1.025000 -10.789686 
1.026000 -11.271281 
1.027000 -11.752171 
1.028000 -12.232335 
1.029000 -12.711752 
1.030000 -13.190401 
1.031000 -13.668260 
1.032000 -14.145308 
1.033000 -14.621524 
1.034000 -15.096887 
1.035000 -15.571376 
1.036000 -16.044970 
1.037000 -16.517648 
1.038000 -16.989391 
1.039000 -17.460176 
1.040000 -17.929984 
1.041000 -18.398793 
1.042000 -18.866585 
1.043000 -19.333339 
1.044000 -19.799034 
1.045000 -20.263650 
1.046000 -20.727168 
1.047000 -21.189567 
1.048000 -21.650829 
1.049000 -22.110932 
1.050000 -22.569859 
1.051000 -23.027588 
1.052000 -23.484102 
1.053000 -23.939380 
1.054000 -24.393404 
1.055000 -24.846154 
1.056000 -25.297612 
1.057000 -25.747758 
1.058000 -26.196574 
1.059000 -26.644042 
1.060000 -27.090143 
1.061000 -27.534858 
1.062000 -27.978170 
1.063000 -28.420059 
1.064000 -28.860508 
1.065000 -29.299500 
1.066000 -29.737015 
1.067000 -30.173037 
1.068000 -30.607548 
1.069000 -31.040530 
1.070000 -31.471966 
1.071000 -31.901839 
1.072000 -32.330131 
1.073000 -32.756825 
1.074000 -33.181906 
1.075000 -33.605355 
1.076000 -34.027156 
1.077000 -34.447292 
1.078000 -34.865748 
1.079000 -35.282506 
1.080000 -35.697551 
1.081000 -36.110867 
1.082000 -36.522436 
1.083000 -36.932245 
1.084000 -37.340277 
1.085000 -37.746516 
1.086000 -38.150946 
1.087000 -38.553554 
1.088000 -38.954322 
1.089000 -39.353237 
1.090000 -39.750284 
1.091000 -40.145446 
1.092000 -40.538711 
1.093000 -40.930062 
1.094000 -41.319487 
1.095000 -41.706969 
1.096000 -42.092496 
1.097000 -42.476052 
1.098000 -42.857625 
1.099000 -43.237200 
1.100000 -43.614763 
1.101000 -43.990301 
1.102000 -44.363801 
1.103000 -44.735249 
1.104000 -45.104632 
1.105000 -45.471937 
1.106000 -45.837150 
1.107000 -46.200260 
1.108000 -46.561254 
1.109000 -46.920118 
1.110000 -47.276841 
1.111000 -47.631410 
1.112000 -47.983813 
1.113000 -48.334039 
1.114000 -48.682074 
1.115000 -49.027908 
1.116000 -49.371528 
1.117000 -49.712924 
1.118000 -50.052083 
1.119000 -50.388995 
1.120000 -50.723648 
1.121000 -51.056032 
1.122000 -51.386136 
1.123000 -51.713948 
1.124000 -52.039458 
1.125000 -52.362657 
1.126000 -52.683532 
1.127000 -53.002075 
1.128000 -53.318275 
1.129000 -53.632122 
1.130000 -53.943607 
1.131000 -54.252719 
1.132000 -54.559449 
1.133000 -54.863788 
1.134000 -55.165725 
1.135000 -55.465253 
1.136000 -55.762362 
1.137000 -56.057043 
1.138000 -56.349288 
1.139000 -56.639087 
1.140000 -56.926432 
1.141000 -57.211314 
1.142000 -57.493726 
1.143000 -57.773659 
1.144000 -58.051105 
1.145000 -58.326057 
1.146000 -58.598506 
1.147000 -58.868444 
1.148000 -59.135865 
1.149000 -59.400760 
1.150000 -59.663123 
1.151000 -59.922946 
1.152000 -60.180223 
1.153000 -60.434946 
1.154000 -60.687108 
1.155000 -60.936703 
1.156000 -61.183725 
1.157000 -61.428166 
1.158000 -61.670022 
1.159000 -61.909284 
1.160000 -62.145948 
1.161000 -62.380007 
1.162000 -62.611456 
1.163000 -62.840289 
1.164000 -63.066501 
1.165000 -63.290085 
1.166000 -63.511037 
1.167000 -63.729351 
1.168000 -63.945022 
1.169000 -64.158045 
1.170000 -64.368416 
1.171000 -64.576130 
1.172000 -64.781181 
1.173000 -64.983567 
1.174000 -65.183281 
1.175000 -65.380320 
1.176000 -65.574680 
1.177000 -65.766356 
1.178000 -65.955345 
1.179000 -66.141643 
1.180000 -66.325246 
1.181000 -66.506151 
1.182000 -66.684354 
1.183000 -66.859852 
1.184000 -67.032641 
1.185000 -67.202718 
1.186000 -67.370081 
1.187000 -67.534726 
1.188000 -67.696651 
1.189000 -67.855853 
1.190000 -68.012329 
1.191000 -68.166077 
1.192000 -68.317095 
1.193000 -68.465379 
1.194000 -68.610929 
1.195000 -68.753741 
1.196000 -68.893815 
1.197000 -69.031148 
1.198000 -69.165739 
1.199000 -69.297585 
1.200000 -69.426686 
1.201000 -69.553039 
1.202000 -69.676644 
1.203000 -69.797500 
1.204000 -69.915605 
1.205000 -70.030958 
1.206000 -70.143559 
1.207000 -70.253406 
1.208000 -70.360499 
1.209000 -70.464838 
1.210000 -70.566421 
1.211000 -70.665248 
1.212000 -70.761320 
1.213000 -70.854636 
1.214000 -70.945195 
1.215000 -71.032998 
1.216000 -71.118045 
1.217000 -71.200336 
1.218000 -71.279871 
1.219000 -71.356651 
1.220000 -71.430677 
1.221000 -71.501947 
1.222000 -71.570465 
1.223000 -71.636229 
1.224000 -71.699241 
1.225000 -71.759503 
1.226000 -71.817014 
1.227000 -71.871776 
1.228000 -71.923791 
1.229000 -71.973059 
1.230000 -72.019582 
1.231000 -72.063361 
1.232000 -72.104398 
1.233000 -72.142695 
1.234000 -72.178254 
1.235000 -72.211075 
1.236000 -72.241162 
1.237000 -72.268516 
1.238000 -72.293139 
1.239000 -72.315034 
1.240000 -72.334202 
1.241000 -72.350646 
1.242000 -72.364369 
1.243000 -72.375372 
1.244000 -72.383659 
1.245000 -72.389232 
1.246000 -72.392094 
1.247000 -72.392248 
1.248000 -72.389697 
1.249000 -72.384443 
1.250000 -72.376490 
1.251000 -72.365841 
1.252000 -72.352500 
1.253000 -72.336468 
1.254000 -72.317751 
1.255000 -72.296351 
1.256000 -72.272272 
1.257000 -72.245517 
1.258000 -72.216091 
1.259000 -72.183997 
1.260000 -72.149238 
1.261000 -72.111819 
1.262000 -72.071744 
1.263000 -72.029017 
1.264000 -71.983642 
1.265000 -71.935623 
1.266000 -71.884965 
1.267000 -71.831672 
1.268000 -71.775747 
1.269000 -71.717197 
1.270000 -71.656025 
1.271000 -71.592236 
1.272000 -71.525835 
1.273000 -71.456827 
1.274000 -71.385216 
1.275000 -71.311007 
1.276000 -71.234206 
1.277000 -71.154817 
1.278000 -71.072845 
1.279000 -70.988296 
1.280000 -70.901176 
1.281000 -70.811488 
1.282000 -70.719240 
1.283000 -70.624435 
1.284000 -70.527080 
1.285000 -70.427181 
1.286000 -70.324742 
1.287000 -70.219770 
1.288000 -70.112270 
1.289000 -70.002249 
1.290000 -69.889712 
1.291000 -69.774665 
1.292000 -69.657114 
1.293000 -69.537066 
1.294000 -69.414525 
1.295000 -69.289500 
1.296000 -69.161995 
1.297000 -69.032018 
1.298000 -68.899574 
1.299000 -68.764670 
1.300000 -68.627313 
1.301000 -68.487509 
1.302000 -68.345265 
1.303000 -68.200587 
1.304000 -68.053482 
1.305000 -67.903957 
1.306000 -67.752019 
1.307000 -67.597675 
1.308000 -67.440932 
1.309000 -67.281796 
1.310000 -67.120275 
1.311000 -66.956376 
1.312000 -66.790106 
1.313000 -66.621473 
1.314000 -66.450483 
1.315000 -66.277144 
1.316000 -66.101463 
1.317000 -65.923448 
1.318000 -65.743107 
1.319000 -65.560446 
1.320000 -65.375475 
1.321000 -65.188199 
1.322000 -64.998627 
1.323000 -64.806766 
1.324000 -64.612626 
1.325000 -64.416212 
1.326000 -64.217534 
1.327000 -64.016599 
1.328000 -63.813415 
1.329000 -63.607991 
1.330000 -63.400333 
1.331000 -63.190452 
1.332000 -62.978354 
1.333000 -62.764048 
1.334000 -62.547543 
1.335000 -62.328846 
1.336000 -62.107967 
1.337000 -61.884913 
1.338000 -61.659693 
1.339000 -61.432315 
1.340000 -61.202789 
1.341000 -60.971122 
1.342000 -60.737324 
1.343000 -60.501404 
1.344000 -60.263369 
1.345000 -60.023229 
1.346000 -59.780993 
1.347000 -59.536669 
1.348000 -59.290267 
1.349000 -59.041796 
1.350000 -58.791264 
1.351000 -58.538680 
1.352000 -58.284055 
1.353000 -58.027396 
1.354000 -57.768714 
1.355000 -57.508017 
1.356000 -57.245315 
1.357000 -56.980617 
1.358000 -56.713932 
1.359000 -56.445271 
1.360000 -56.174641 
1.361000 -55.902054 
1.362000 -55.627518 
1.363000 -55.351043 
1.364000 -55.072639 
1.365000 -54.792315 
1.366000 -54.510081 
1.367000 -54.225947 
1.368000 -53.939922 
1.369000 -53.652017 
1.370000 -53.362242 
1.371000 -53.070606 
1.372000 -52.777119 
1.373000 -52.481791 
1.374000 -52.184632 
1.375000 -51.885653 
1.376000 -51.584863 
1.377000 -51.282273 
1.378000 -50.977893 
1.379000 -50.671733 
1.380000 -50.363803 
1.381000 -50.054113 
1.382000 -49.742675 
1.383000 -49.429498 
1.384000 -49.114593 
1.385000 -48.797970 
1.386000 -48.479640 
1.387000 -48.159613 
1.388000 -47.837900 
1.389000 -47.514511 
1.390000 -47.189458 
1.391000 -46.862751 
1.392000 -46.534400 
1.393000 -46.204416 
1.394000 -45.872810 
1.395000 -45.539594 
1.396000 -45.204777 
1.397000 -44.868370 
1.398000 -44.530386 
1.399000 -44.190834 
1.400000 -43.849726 
1.401000 -43.507072 
1.402000 -43.162884 
1.403000 -42.817173 
1.404000 -42.469950 
1.405000 -42.121226 
1.406000 -41.771013 
1.407000 -41.419321 
1.408000 -41.066163 
1.409000 -40.711548 
1.410000 -40.355490 
1.411000 -39.997998 
1.412000 -39.639085 
1.413000 -39.278762 
1.414000 -38.917040 
1.415000 -38.553932 
1.416000 -38.189448 
1.417000 -37.823600 
1.418000 -37.456400 
1.419000 -37.087859 
1.420000 -36.717990 
1.421000 -36.346804 
1.422000 -35.974312 
1.423000 -35.600527 
1.424000 -35.225460 
1.425000 -34.849124 
1.426000 -34.471529 
1.427000 -34.092689 
1.428000 -33.712614 
1.429000 -33.331318 
1.430000 -32.948812 
1.431000 -32.565108 
1.432000 -32.180218 
1.433000 -31.794154 
1.434000 -31.406929 
1.435000 -31.018555 
1.436000 -30.629043 
1.437000 -30.238407 
1.438000 -29.846658 
1.439000 -29.453809 
1.440000 -29.059873 
1.441000 -28.664861 
1.442000 -28.268786 
1.443000 -27.871660 
1.444000 -27.473496 
1.445000 -27.074307 
1.446000 -26.674105 
1.447000 -26.272902 
1.448000 -25.870711 
1.449000 -25.467546 
1.450000 -25.063417 
1.451000 -24.658339 
1.452000 -24.252324 
1.453000 -23.845385 
1.454000 -23.437534 
1.455000 -23.028784 
1.456000 -22.619149 
1.457000 -22.208640 
1.458000 -21.797272 
1.459000 -21.385056 
1.460000 -20.972006 
1.461000 -20.558136 
1.462000 -20.143457 
1.463000 -19.727983 
1.464000 -19.311727 
1.465000 -18.894703 
1.466000 -18.476923 
1.467000 -18.058400 
1.468000 -17.639148 
1.469000 -17.219180 
1.470000 -16.798510 
1.471000 -16.377150 
1.472000 -15.955114 
1.473000 -15.532415 
1.474000 -15.109067 
1.475000 -14.685084 
1.476000 -14.260477 
1.477000 -13.835262 
1.478000 -13.409451 
1.479000 -12.983059 
1.480000 -12.556098 
1.481000 -12.128582 
1.482000 -11.700525 
1.483000 -11.271941 
1.484000 -10.842842 
1.485000 -10.413244 
1.486000 -9.983159 
1.487000 -9.552602 
1.488000 -9.121586 
1.489000 -8.690124 
1.490000 -8.258232 
1.491000 -7.825922 
1.492000 -7.393209 
1.493000 -6.960106 
1.494000 -6.526628 
1.495000 -6.092788 
1.496000 -5.658601 
1.497000 -5.224080 
1.498000 -4.789239 
1.499000 -4.354093 
