# time Tc_folded Tref_folded model 
2338.340752 -0.182652 0.885620     0.000000
2338.340944 -0.182460 0.885673     0.000000
2338.341136 -0.182269 0.885725     0.000000
2338.341327 -0.182077 0.885777     0.000000
2338.341519 -0.181886 0.885830     0.000000
2338.341710 -0.181694 0.885882     0.000000
2338.341902 -0.181503 0.885934     0.000000
2338.342093 -0.181311 0.885987     0.000000
2338.342285 -0.181120 0.886039     0.000000
2338.342476 -0.180928 0.886091     0.000000
2338.342668 -0.180737 0.886144     0.000000
2338.342859 -0.180545 0.886196     0.000000
2338.343051 -0.180354 0.886248     0.000000
2338.343242 -0.180162 0.886301     0.000000
2338.343434 -0.179971 0.886353     0.000000
2338.343625 -0.179779 0.886405     0.000000
2338.343817 -0.179588 0.886458     0.000000
2338.344008 -0.179396 0.886510     0.000000
2338.344200 -0.179205 0.886562     0.000000
2338.344391 -0.179013 0.886614     0.000000
2338.344583 -0.178822 0.886667     0.000000
2338.344774 -0.178630 0.886719     0.000000
2338.344966 -0.178439 0.886771     0.000000
2338.345157 -0.178247 0.886824     0.000000
2338.345349 -0.178056 0.886876     0.000000
2338.345540 -0.177864 0.886928     0.000000
2338.345732 -0.177673 0.886981     0.000000
2338.345923 -0.177481 0.887033     0.000000
2338.346115 -0.177290 0.887085     0.000000
2338.346306 -0.177098 0.887138     0.000000
2338.346498 -0.176907 0.887190     0.000000
2338.346689 -0.176715 0.887242     0.000000
2338.346881 -0.176524 0.887295     0.000000
2338.347072 -0.176332 0.887347     0.000000
2338.347264 -0.176141 0.887399     0.000000
2338.347455 -0.175949 0.887452     0.000000
2338.347647 -0.175758 0.887504     0.000000
2338.347838 -0.175566 0.887556     0.000000
2338.348030 -0.175375 0.887609     0.000000
2338.348221 -0.175183 0.887661     0.000000
2338.348413 -0.174992 0.887713     0.000000
2338.348604 -0.174800 0.887766     0.000000
2338.348796 -0.174609 0.887818     0.000000
2338.348987 -0.174417 0.887870     0.000000
2338.349179 -0.174226 0.887923     0.000000
2338.349370 -0.174034 0.887975     0.000000
2338.349562 -0.173843 0.888027     0.000000
2338.349753 -0.173651 0.888080     0.000000
2338.349945 -0.173460 0.888132     0.000000
2338.350136 -0.173268 0.888184     0.000000
2338.350328 -0.173077 0.888236     0.000000
2338.350519 -0.172885 0.888289     0.000000
2338.350711 -0.172694 0.888341     0.000000
2338.350902 -0.172502 0.888393     0.000000
2338.351094 -0.172311 0.888446     0.000000
2338.351285 -0.172119 0.888498     0.000000
2338.351477 -0.171928 0.888550     0.000000
2338.351668 -0.171736 0.888603     0.000000
2338.351860 -0.171545 0.888655     0.000000
2338.352051 -0.171353 0.888707     0.000000
2338.352243 -0.171162 0.888760     0.000000
2338.352434 -0.170970 0.888812     0.000000
2338.352626 -0.170779 0.888864     0.000000
2338.352817 -0.170587 0.888917     0.000000
2338.353009 -0.170396 0.888969     0.000000
2338.353200 -0.170204 0.889021     0.000000
2338.353392 -0.170013 0.889074     0.000000
2338.353583 -0.169821 0.889126     0.000000
2338.353775 -0.169630 0.889178     0.000000
2338.353966 -0.169438 0.889231     0.000000
2338.354158 -0.169247 0.889283     0.000000
2338.354349 -0.169055 0.889335     0.000000
2338.354541 -0.168863 0.889388     0.000000
2338.354732 -0.168672 0.889440     0.000000
2338.354924 -0.168480 0.889492     0.000000
2338.355115 -0.168289 0.889545     0.000000
2338.355307 -0.168097 0.889597     0.000000
2338.355498 -0.167906 0.889649     0.000000
2338.355690 -0.167714 0.889702     0.000000
2338.355881 -0.167523 0.889754     0.000000
2338.356073 -0.167331 0.889806     0.000000
2338.356264 -0.167140 0.889858     0.000000
2338.356456 -0.166948 0.889911     0.000000
2338.356647 -0.166757 0.889963     0.000000
2338.356839 -0.166565 0.890015     0.000000
2338.357030 -0.166374 0.890068     0.000000
2338.357222 -0.166182 0.890120     0.000000
2338.357413 -0.165991 0.890172     0.000000
2338.357605 -0.165799 0.890225     0.000000
2338.357796 -0.165608 0.890277     0.000000
2338.357988 -0.165416 0.890329     0.000000
2338.358179 -0.165225 0.890382     0.000000
2338.358371 -0.165033 0.890434     0.000000
2338.358562 -0.164842 0.890486     0.000000
2338.358754 -0.164650 0.890539     0.000000
2338.358945 -0.164459 0.890591     0.000000
2338.359137 -0.164267 0.890643     0.000000
2338.359328 -0.164076 0.890696     0.000000
2338.359520 -0.163884 0.890748     0.000000
2338.359711 -0.163693 0.890800     0.000000
2338.359903 -0.163501 0.890853     0.000000
2338.360094 -0.163310 0.890905     0.000000
2338.360286 -0.163118 0.890957     0.000000
2338.360477 -0.162927 0.891010     0.000000
2338.360669 -0.162735 0.891062     0.000000
2338.360860 -0.162544 0.891114     0.000000
2338.361052 -0.162352 0.891167     0.000000
2338.361243 -0.162161 0.891219     0.000000
2338.361435 -0.161969 0.891271     0.000000
2338.361626 -0.161778 0.891324     0.000000
2338.361818 -0.161586 0.891376     0.000000
2338.362009 -0.161395 0.891428     0.000000
2338.362201 -0.161203 0.891481     0.000000
2338.362392 -0.161012 0.891533     0.000000
2338.362584 -0.160820 0.891585     0.000000
2338.362775 -0.160629 0.891637     0.000000
2338.362967 -0.160437 0.891690     0.000000
2338.363158 -0.160246 0.891742     0.000000
2338.363350 -0.160054 0.891794     0.000000
2338.363541 -0.159863 0.891847     0.000000
2338.363733 -0.159671 0.891899     0.000000
2338.363924 -0.159480 0.891951     0.000000
2338.364116 -0.159288 0.892004     0.000000
2338.364307 -0.159097 0.892056     0.000000
2338.364499 -0.158905 0.892108     0.000000
2338.364690 -0.158714 0.892161     0.000000
2338.364882 -0.158522 0.892213     0.000000
2338.365073 -0.158331 0.892265     0.000000
2338.365265 -0.158139 0.892318     0.000000
2338.365456 -0.157948 0.892370     0.000000
2338.365648 -0.157756 0.892422     0.000000
2338.365839 -0.157565 0.892475     0.000000
2338.366031 -0.157373 0.892527     0.000000
2338.366222 -0.157182 0.892579     0.000000
2338.366414 -0.156990 0.892632     0.000000
2338.366605 -0.156799 0.892684     0.000000
2338.366797 -0.156607 0.892736     0.000000
2338.366988 -0.156416 0.892789     0.000000
2338.367180 -0.156224 0.892841     0.000000
2338.367371 -0.156033 0.892893     0.000000
2338.367563 -0.155841 0.892946     0.000000
2338.367754 -0.155650 0.892998     0.000000
2338.367946 -0.155458 0.893050     0.000000
2338.368137 -0.155267 0.893103     0.000000
2338.368329 -0.155075 0.893155     0.000000
2338.368520 -0.154884 0.893207     0.000000
2338.368712 -0.154692 0.893259     0.000000
2338.368903 -0.154501 0.893312     0.000000
2338.369095 -0.154309 0.893364     0.000000
2338.369286 -0.154118 0.893416     0.000000
2338.369478 -0.153926 0.893469     0.000000
2338.369669 -0.153735 0.893521     0.000000
2338.369861 -0.153543 0.893573     0.000000
2338.370052 -0.153352 0.893626     0.000000
2338.370244 -0.153160 0.893678     0.000000
2338.370435 -0.152969 0.893730     0.000000
2338.370627 -0.152777 0.893783     0.000000
2338.370818 -0.152586 0.893835     0.000000
2338.371010 -0.152394 0.893887     0.000000
2338.371201 -0.152203 0.893940     0.000000
2338.371393 -0.152011 0.893992     0.000000
2338.371584 -0.151820 0.894044     0.000000
2338.371776 -0.151628 0.894097     0.000000
2338.371968 -0.151437 0.894149     0.000000
2338.372159 -0.151245 0.894201     0.000000
2338.372351 -0.151054 0.894254     0.000000
2338.372542 -0.150862 0.894306     0.000000
2338.372734 -0.150671 0.894358     0.000000
2338.372925 -0.150479 0.894411     0.000000
2338.373117 -0.150288 0.894463     0.000000
2338.373308 -0.150096 0.894515     0.000000
2338.373500 -0.149905 0.894568     0.000000
2338.373691 -0.149713 0.894620     0.000000
2338.373883 -0.149522 0.894672     0.000000
2338.374074 -0.149330 0.894725     0.000000
2338.374266 -0.149139 0.894777     0.000000
2338.374457 -0.148947 0.894829     0.000000
2338.374649 -0.148756 0.894881     0.000000
2338.374840 -0.148564 0.894934     0.000000
2338.375032 -0.148373 0.894986     0.000000
2338.375223 -0.148181 0.895038     0.000000
2338.375415 -0.147990 0.895091     0.000000
2338.375606 -0.147798 0.895143     0.000000
2338.375798 -0.147607 0.895195     0.000000
2338.375989 -0.147415 0.895248     0.000000
2338.376181 -0.147224 0.895300     0.000000
2338.376372 -0.147032 0.895352     0.000000
2338.376564 -0.146841 0.895405     0.000000
2338.376755 -0.146649 0.895457     0.000000
2338.376947 -0.146458 0.895509     0.000000
2338.377138 -0.146266 0.895562     0.000000
2338.377330 -0.146075 0.895614     0.000000
2338.377521 -0.145883 0.895666     0.000000
2338.377713 -0.145692 0.895719     0.000000
2338.377904 -0.145500 0.895771     0.000000
2338.378096 -0.145309 0.895823     0.000000
2338.378287 -0.145117 0.895876     0.000000
2338.378479 -0.144926 0.895928     0.000000
2338.378670 -0.144734 0.895980     0.000000
2338.378862 -0.144543 0.896033     0.000000
2338.379053 -0.144351 0.896085     0.000000
2338.379245 -0.144160 0.896137     0.000000
2338.379436 -0.143968 0.896190     0.000000
2338.379628 -0.143777 0.896242     0.000000
2338.379819 -0.143585 0.896294     0.000000
2338.380011 -0.143394 0.896347     0.000000
2338.380202 -0.143202 0.896399     0.000000
2338.380394 -0.143011 0.896451     0.000000
2338.380585 -0.142819 0.896503     0.000000
2338.380777 -0.142628 0.896556     0.000000
2338.380968 -0.142436 0.896608     0.000000
2338.381160 -0.142245 0.896660     0.000000
2338.381351 -0.142053 0.896713     0.000000
2338.381543 -0.141862 0.896765     0.000000
2338.381734 -0.141670 0.896817     0.000000
2338.381926 -0.141479 0.896870     0.000000
2338.382117 -0.141287 0.896922     0.000000
2338.382309 -0.141096 0.896974     0.000000
2338.382500 -0.140904 0.897027     0.000000
2338.382692 -0.140713 0.897079     0.000000
2338.382883 -0.140521 0.897131     0.000000
2338.383075 -0.140330 0.897184     0.000000
2338.383266 -0.140138 0.897236     0.000000
2338.383458 -0.139947 0.897288     0.000000
2338.383649 -0.139755 0.897341     0.000000
2338.383841 -0.139564 0.897393     0.000000
2338.384032 -0.139372 0.897445     0.000000
2338.384224 -0.139181 0.897498     0.000000
2338.384415 -0.138989 0.897550     0.000000
2338.384607 -0.138798 0.897602     0.000000
2338.384798 -0.138606 0.897655     0.000000
2338.384990 -0.138415 0.897707     0.000000
2338.385181 -0.138223 0.897759     0.000000
2338.385373 -0.138031 0.897812     0.000000
2338.385564 -0.137840 0.897864     0.000000
2338.385756 -0.137648 0.897916     0.000000
2338.385947 -0.137457 0.897969     0.000000
2338.386139 -0.137265 0.898021     0.000000
2338.386330 -0.137074 0.898073     0.000000
2338.386522 -0.136882 0.898126     0.000000
2338.386713 -0.136691 0.898178     0.000000
2338.386905 -0.136499 0.898230     0.000000
2338.387096 -0.136308 0.898282     0.000000
2338.387288 -0.136116 0.898335     0.000000
2338.387479 -0.135925 0.898387     0.000000
2338.387671 -0.135733 0.898439     0.000000
2338.387862 -0.135542 0.898492     0.000000
2338.388054 -0.135350 0.898544     0.000000
2338.388245 -0.135159 0.898596     0.000000
2338.388437 -0.134967 0.898649     0.000000
2338.388628 -0.134776 0.898701     0.000000
2338.388820 -0.134584 0.898753     0.000000
2338.389011 -0.134393 0.898806     0.000000
2338.389203 -0.134201 0.898858     0.000000
2338.389394 -0.134010 0.898910     0.000000
2338.389586 -0.133818 0.898963     0.000000
2338.389777 -0.133627 0.899015     0.000000
2338.389969 -0.133435 0.899067     0.000000
2338.390160 -0.133244 0.899120     0.000000
2338.390352 -0.133052 0.899172     0.000000
2338.390543 -0.132861 0.899224     0.000000
2338.390735 -0.132669 0.899277     0.000000
2338.390926 -0.132478 0.899329     0.000000
2338.391118 -0.132286 0.899381     0.000000
2338.391309 -0.132095 0.899434     0.000000
2338.391501 -0.131903 0.899486     0.000000
2338.391692 -0.131712 0.899538     0.000000
2338.391884 -0.131520 0.899591     0.000000
2338.392075 -0.131329 0.899643     0.000000
2338.392267 -0.131137 0.899695     0.000000
2338.392458 -0.130946 0.899748     0.000000
2338.392650 -0.130754 0.899800     0.000000
2338.392841 -0.130563 0.899852     0.000000
2338.393033 -0.130371 0.899904     0.000000
2338.393224 -0.130180 0.899957     0.000000
2338.393416 -0.129988 0.900009     0.000000
2338.393607 -0.129797 0.900061     0.000000
2338.393799 -0.129605 0.900114     0.000000
2338.393990 -0.129414 0.900166     0.000000
2338.394182 -0.129222 0.900218     0.000000
2338.394373 -0.129031 0.900271     0.000000
2338.394565 -0.128839 0.900323     0.000000
2338.394756 -0.128648 0.900375     0.000000
2338.394948 -0.128456 0.900428     0.000000
2338.395139 -0.128265 0.900480     0.000000
2338.395331 -0.128073 0.900532     0.000000
2338.395522 -0.127882 0.900585     0.000000
2338.395714 -0.127690 0.900637     0.000000
2338.395905 -0.127499 0.900689     0.000000
2338.396097 -0.127307 0.900742     0.000000
2338.396288 -0.127116 0.900794     0.000000
2338.396480 -0.126924 0.900846     0.000000
2338.396671 -0.126733 0.900899     0.000000
2338.396863 -0.126541 0.900951     0.000000
2338.397054 -0.126350 0.901003     0.000000
2338.397246 -0.126158 0.901056     0.000000
2338.397437 -0.125967 0.901108     0.000000
2338.397629 -0.125775 0.901160     0.000000
2338.397820 -0.125584 0.901213     0.000000
2338.398012 -0.125392 0.901265     0.000000
2338.398203 -0.125201 0.901317     0.000000
2338.398395 -0.125009 0.901370     0.000000
2338.398586 -0.124818 0.901422     0.000000
2338.398778 -0.124626 0.901474     0.000000
2338.398969 -0.124435 0.901526     0.000000
2338.399161 -0.124243 0.901579     0.000000
2338.399352 -0.124052 0.901631     0.000000
2338.399544 -0.123860 0.901683     0.000000
2338.399735 -0.123669 0.901736     0.000000
2338.399927 -0.123477 0.901788     0.000000
2338.400118 -0.123286 0.901840     0.000000
2338.400310 -0.123094 0.901893     0.000000
2338.400501 -0.122903 0.901945     0.000000
2338.400693 -0.122711 0.901997     0.000000
2338.400884 -0.122520 0.902050     0.000000
2338.401076 -0.122328 0.902102     0.000000
2338.401267 -0.122137 0.902154     0.000000
2338.401459 -0.121945 0.902207     0.000000
2338.401650 -0.121754 0.902259     0.000000
2338.401842 -0.121562 0.902311     0.000000
2338.402033 -0.121371 0.902364     0.000000
2338.402225 -0.121179 0.902416     0.000000
2338.402416 -0.120988 0.902468     0.000000
2338.402608 -0.120796 0.902521     0.000000
2338.402800 -0.120605 0.902573     0.000000
2338.402991 -0.120413 0.902625     0.000000
2338.403183 -0.120222 0.902678     0.000000
2338.403374 -0.120030 0.902730     0.000000
2338.403566 -0.119839 0.902782     0.000000
2338.403757 -0.119647 0.902835     0.000000
2338.403949 -0.119456 0.902887     0.000000
2338.404140 -0.119264 0.902939     0.000000
2338.404332 -0.119073 0.902992     0.000000
2338.404523 -0.118881 0.903044     0.000000
2338.404715 -0.118690 0.903096     0.000000
2338.404906 -0.118498 0.903148     0.000000
2338.405098 -0.118307 0.903201     0.000000
2338.405289 -0.118115 0.903253     0.000000
2338.405481 -0.117924 0.903305     0.000000
2338.405672 -0.117732 0.903358     0.000000
2338.405864 -0.117541 0.903410     0.000000
2338.406055 -0.117349 0.903462     0.000000
2338.406247 -0.117158 0.903515     0.000000
2338.406438 -0.116966 0.903567     0.000000
2338.406630 -0.116775 0.903619     0.000000
2338.406821 -0.116583 0.903672     0.000000
2338.407013 -0.116392 0.903724     0.000000
2338.407204 -0.116200 0.903776     0.000000
2338.407396 -0.116009 0.903829     0.000000
2338.407587 -0.115817 0.903881     0.000000
2338.407779 -0.115626 0.903933     0.000000
2338.407970 -0.115434 0.903986     0.000000
2338.408162 -0.115243 0.904038     0.000000
2338.408353 -0.115051 0.904090     0.000000
2338.408545 -0.114860 0.904143     0.000000
2338.408736 -0.114668 0.904195     0.000000
2338.408928 -0.114477 0.904247     0.000000
2338.409119 -0.114285 0.904300     0.000000
2338.409311 -0.114094 0.904352     0.000000
2338.409502 -0.113902 0.904404     0.000000
2338.409694 -0.113711 0.904457     0.000000
2338.409885 -0.113519 0.904509     0.000000
2338.410077 -0.113328 0.904561     0.000000
2338.410268 -0.113136 0.904614     0.000000
2338.410460 -0.112945 0.904666     0.000000
2338.410651 -0.112753 0.904718     0.000000
2338.410843 -0.112562 0.904770     0.000000
2338.411034 -0.112370 0.904823     0.000000
2338.411226 -0.112179 0.904875     0.000000
2338.411417 -0.111987 0.904927     0.000000
2338.411609 -0.111796 0.904980     0.000000
2338.411800 -0.111604 0.905032     0.000000
2338.411992 -0.111413 0.905084     0.000000
2338.412183 -0.111221 0.905137     0.000000
2338.412375 -0.111030 0.905189     0.000000
2338.412566 -0.110838 0.905241     0.000000
2338.412758 -0.110647 0.905294     0.000000
2338.412949 -0.110455 0.905346     0.000000
2338.413141 -0.110264 0.905398     0.000000
2338.413332 -0.110072 0.905451     0.000000
2338.413524 -0.109881 0.905503     0.000000
2338.413715 -0.109689 0.905555     0.000000
2338.413907 -0.109498 0.905608     0.000000
2338.414098 -0.109306 0.905660     0.000000
2338.414290 -0.109115 0.905712     0.000000
2338.414481 -0.108923 0.905765     0.000000
2338.414673 -0.108732 0.905817     0.000000
2338.414864 -0.108540 0.905869     0.000000
2338.415056 -0.108349 0.905922     0.000000
2338.415247 -0.108157 0.905974     0.000000
2338.415439 -0.107966 0.906026     0.000000
2338.415630 -0.107774 0.906079     0.000000
2338.415822 -0.107583 0.906131     0.000000
2338.416013 -0.107391 0.906183     0.000000
2338.416205 -0.107200 0.906236     0.000000
2338.416396 -0.107008 0.906288     0.000000
2338.416588 -0.106816 0.906340     0.000000
2338.416779 -0.106625 0.906393     0.000000
2338.416971 -0.106433 0.906445     0.000000
2338.417162 -0.106242 0.906497     0.000000
2338.417354 -0.106050 0.906549     0.000000
2338.417545 -0.105859 0.906602     0.000000
2338.417737 -0.105667 0.906654     0.000000
2338.417928 -0.105476 0.906706     0.000000
2338.418120 -0.105284 0.906759     0.000000
2338.418311 -0.105093 0.906811     0.000000
2338.418503 -0.104901 0.906863     0.000000
2338.418694 -0.104710 0.906916     0.000000
2338.418886 -0.104518 0.906968     0.000000
2338.419077 -0.104327 0.907020     0.000000
2338.419269 -0.104135 0.907073     0.000000
2338.419460 -0.103944 0.907125     0.000000
2338.419652 -0.103752 0.907177     0.000000
2338.419843 -0.103561 0.907230     0.000000
2338.420035 -0.103369 0.907282     0.000000
2338.420226 -0.103178 0.907334     0.000000
2338.420418 -0.102986 0.907387     0.000000
2338.420609 -0.102795 0.907439     0.000000
2338.420801 -0.102603 0.907491     0.000000
2338.420992 -0.102412 0.907544     0.000000
2338.421184 -0.102220 0.907596     0.000000
2338.421375 -0.102029 0.907648     0.000000
2338.421567 -0.101837 0.907701     0.000000
2338.421758 -0.101646 0.907753     0.000000
2338.421950 -0.101454 0.907805     0.000000
2338.422141 -0.101263 0.907858     0.000000
2338.422333 -0.101071 0.907910     0.000000
2338.422524 -0.100880 0.907962     0.000000
2338.422716 -0.100688 0.908015     0.000000
2338.422907 -0.100497 0.908067     0.000000
2338.423099 -0.100305 0.908119     0.000000
2338.423290 -0.100114 0.908171     0.000000
2338.423482 -0.099922 0.908224     0.000000
2338.423673 -0.099731 0.908276     0.000000
2338.423865 -0.099539 0.908328     0.000000
2338.424056 -0.099348 0.908381     0.000000
2338.424248 -0.099156 0.908433     0.000000
2338.424439 -0.098965 0.908485     0.000000
2338.424631 -0.098773 0.908538     0.000000
2338.424822 -0.098582 0.908590     0.000000
2338.425014 -0.098390 0.908642     0.000000
2338.425205 -0.098199 0.908695     0.000000
2338.425397 -0.098007 0.908747     0.000000
2338.425588 -0.097816 0.908799     0.000000
2338.425780 -0.097624 0.908852     0.000000
2338.425971 -0.097433 0.908904     0.000000
2338.426163 -0.097241 0.908956     0.000000
2338.426354 -0.097050 0.909009     0.000000
2338.426546 -0.096858 0.909061     0.000000
2338.426737 -0.096667 0.909113    -0.000006
2338.426929 -0.096475 0.909166    -0.000020
2338.427120 -0.096284 0.909218    -0.000038
2338.427312 -0.096092 0.909270    -0.000061
2338.427503 -0.095901 0.909323    -0.000086
2338.427695 -0.095709 0.909375    -0.000115
2338.427886 -0.095518 0.909427    -0.000147
2338.428078 -0.095326 0.909480    -0.000181
2338.428269 -0.095135 0.909532    -0.000217
2338.428461 -0.094943 0.909584    -0.000255
2338.428652 -0.094752 0.909637    -0.000296
2338.428844 -0.094560 0.909689    -0.000339
2338.429035 -0.094369 0.909741    -0.000383
2338.429227 -0.094177 0.909793    -0.000429
2338.429418 -0.093986 0.909846    -0.000477
2338.429610 -0.093794 0.909898    -0.000527
2338.429801 -0.093603 0.909950    -0.000578
2338.429993 -0.093411 0.910003    -0.000631
2338.430184 -0.093220 0.910055    -0.000685
2338.430376 -0.093028 0.910107    -0.000741
2338.430567 -0.092837 0.910160    -0.000798
2338.430759 -0.092645 0.910212    -0.000857
2338.430950 -0.092454 0.910264    -0.000916
2338.431142 -0.092262 0.910317    -0.000977
2338.431333 -0.092071 0.910369    -0.001039
2338.431525 -0.091879 0.910421    -0.001102
2338.431716 -0.091688 0.910474    -0.001166
2338.431908 -0.091496 0.910526    -0.001231
2338.432099 -0.091305 0.910578    -0.001298
2338.432291 -0.091113 0.910631    -0.001365
2338.432482 -0.090922 0.910683    -0.001433
2338.432674 -0.090730 0.910735    -0.001502
2338.432865 -0.090539 0.910788    -0.001572
2338.433057 -0.090347 0.910840    -0.001642
2338.433248 -0.090156 0.910892    -0.001714
2338.433440 -0.089964 0.910945    -0.001786
2338.433631 -0.089773 0.910997    -0.001859
2338.433823 -0.089581 0.911049    -0.001932
2338.434015 -0.089390 0.911102    -0.002006
2338.434206 -0.089198 0.911154    -0.002081
2338.434398 -0.089007 0.911206    -0.002156
2338.434589 -0.088815 0.911259    -0.002232
2338.434781 -0.088624 0.911311    -0.002308
2338.434972 -0.088432 0.911363    -0.002385
2338.435164 -0.088241 0.911415    -0.002462
2338.435355 -0.088049 0.911468    -0.002540
2338.435547 -0.087858 0.911520    -0.002618
2338.435738 -0.087666 0.911572    -0.002696
2338.435930 -0.087475 0.911625    -0.002775
2338.436121 -0.087283 0.911677    -0.002854
2338.436313 -0.087092 0.911729    -0.002933
2338.436504 -0.086900 0.911782    -0.003012
2338.436696 -0.086709 0.911834    -0.003092
2338.436887 -0.086517 0.911886    -0.003171
2338.437079 -0.086326 0.911939    -0.003251
2338.437270 -0.086134 0.911991    -0.003331
2338.437462 -0.085943 0.912043    -0.003410
2338.437653 -0.085751 0.912096    -0.003490
2338.437845 -0.085560 0.912148    -0.003570
2338.438036 -0.085368 0.912200    -0.003649
2338.438228 -0.085177 0.912253    -0.003729
2338.438419 -0.084985 0.912305    -0.003808
2338.438611 -0.084794 0.912357    -0.003887
2338.438802 -0.084602 0.912410    -0.003966
2338.438994 -0.084411 0.912462    -0.004044
2338.439185 -0.084219 0.912514    -0.004122
2338.439377 -0.084028 0.912567    -0.004200
2338.439568 -0.083836 0.912619    -0.004278
2338.439760 -0.083645 0.912671    -0.004354
2338.439951 -0.083453 0.912724    -0.004431
2338.440143 -0.083262 0.912776    -0.004506
2338.440334 -0.083070 0.912828    -0.004581
2338.440526 -0.082879 0.912881    -0.004656
2338.440717 -0.082687 0.912933    -0.004729
2338.440909 -0.082496 0.912985    -0.004802
2338.441100 -0.082304 0.913038    -0.004874
2338.441292 -0.082113 0.913090    -0.004945
2338.441483 -0.081921 0.913142    -0.005015
2338.441675 -0.081730 0.913194    -0.005084
2338.441866 -0.081538 0.913247    -0.005152
2338.442058 -0.081347 0.913299    -0.005218
2338.442249 -0.081155 0.913351    -0.005283
2338.442441 -0.080964 0.913404    -0.005347
2338.442632 -0.080772 0.913456    -0.005409
2338.442824 -0.080581 0.913508    -0.005469
2338.443015 -0.080389 0.913561    -0.005527
2338.443207 -0.080198 0.913613    -0.005584
2338.443398 -0.080006 0.913665    -0.005638
2338.443590 -0.079815 0.913718    -0.005689
2338.443781 -0.079623 0.913770    -0.005738
2338.443973 -0.079432 0.913822    -0.005784
2338.444164 -0.079240 0.913875    -0.005826
2338.444356 -0.079049 0.913927    -0.005863
2338.444547 -0.078857 0.913979    -0.005892
2338.444739 -0.078666 0.914032    -0.005913
2338.444930 -0.078474 0.914084    -0.005934
2338.445122 -0.078283 0.914136    -0.005955
2338.445313 -0.078091 0.914189    -0.005975
2338.445505 -0.077900 0.914241    -0.005994
2338.445696 -0.077708 0.914293    -0.006013
2338.445888 -0.077517 0.914346    -0.006032
2338.446079 -0.077325 0.914398    -0.006050
2338.446271 -0.077134 0.914450    -0.006068
2338.446462 -0.076942 0.914503    -0.006086
2338.446654 -0.076751 0.914555    -0.006103
2338.446845 -0.076559 0.914607    -0.006120
2338.447037 -0.076368 0.914660    -0.006137
2338.447228 -0.076176 0.914712    -0.006153
2338.447420 -0.075984 0.914764    -0.006170
2338.447611 -0.075793 0.914816    -0.006186
2338.447803 -0.075601 0.914869    -0.006201
2338.447994 -0.075410 0.914921    -0.006217
2338.448186 -0.075218 0.914973    -0.006232
2338.448377 -0.075027 0.915026    -0.006248
2338.448569 -0.074835 0.915078    -0.006263
2338.448760 -0.074644 0.915130    -0.006277
2338.448952 -0.074452 0.915183    -0.006292
2338.449143 -0.074261 0.915235    -0.006306
2338.449335 -0.074069 0.915287    -0.006321
2338.449526 -0.073878 0.915340    -0.006335
2338.449718 -0.073686 0.915392    -0.006349
2338.449909 -0.073495 0.915444    -0.006362
2338.450101 -0.073303 0.915497    -0.006376
2338.450292 -0.073112 0.915549    -0.006390
2338.450484 -0.072920 0.915601    -0.006403
2338.450675 -0.072729 0.915654    -0.006416
2338.450867 -0.072537 0.915706    -0.006429
2338.451058 -0.072346 0.915758    -0.006442
2338.451250 -0.072154 0.915811    -0.006455
2338.451441 -0.071963 0.915863    -0.006467
2338.451633 -0.071771 0.915915    -0.006480
2338.451824 -0.071580 0.915968    -0.006492
2338.452016 -0.071388 0.916020    -0.006504
2338.452207 -0.071197 0.916072    -0.006517
2338.452399 -0.071005 0.916125    -0.006529
2338.452590 -0.070814 0.916177    -0.006541
2338.452782 -0.070622 0.916229    -0.006552
2338.452973 -0.070431 0.916282    -0.006564
2338.453165 -0.070239 0.916334    -0.006576
2338.453356 -0.070048 0.916386    -0.006587
2338.453548 -0.069856 0.916438    -0.006598
2338.453739 -0.069665 0.916491    -0.006610
2338.453931 -0.069473 0.916543    -0.006621
2338.454122 -0.069282 0.916595    -0.006632
2338.454314 -0.069090 0.916648    -0.006643
2338.454505 -0.068899 0.916700    -0.006654
2338.454697 -0.068707 0.916752    -0.006664
2338.454888 -0.068516 0.916805    -0.006675
2338.455080 -0.068324 0.916857    -0.006686
2338.455271 -0.068133 0.916909    -0.006696
2338.455463 -0.067941 0.916962    -0.006706
2338.455654 -0.067750 0.917014    -0.006717
2338.455846 -0.067558 0.917066    -0.006727
2338.456037 -0.067367 0.917119    -0.006737
2338.456229 -0.067175 0.917171    -0.006747
2338.456420 -0.066984 0.917223    -0.006757
2338.456612 -0.066792 0.917276    -0.006767
2338.456803 -0.066601 0.917328    -0.006777
2338.456995 -0.066409 0.917380    -0.006787
2338.457186 -0.066218 0.917433    -0.006796
2338.457378 -0.066026 0.917485    -0.006806
2338.457569 -0.065835 0.917537    -0.006815
2338.457761 -0.065643 0.917590    -0.006825
2338.457952 -0.065452 0.917642    -0.006834
2338.458144 -0.065260 0.917694    -0.006843
2338.458335 -0.065069 0.917747    -0.006853
2338.458527 -0.064877 0.917799    -0.006862
2338.458718 -0.064686 0.917851    -0.006871
2338.458910 -0.064494 0.917904    -0.006880
2338.459101 -0.064303 0.917956    -0.006889
2338.459293 -0.064111 0.918008    -0.006898
2338.459484 -0.063920 0.918060    -0.006906
2338.459676 -0.063728 0.918113    -0.006915
2338.459867 -0.063537 0.918165    -0.006924
2338.460059 -0.063345 0.918217    -0.006933
2338.460250 -0.063154 0.918270    -0.006941
2338.460442 -0.062962 0.918322    -0.006950
2338.460633 -0.062771 0.918374    -0.006958
2338.460825 -0.062579 0.918427    -0.006966
2338.461016 -0.062388 0.918479    -0.006975
2338.461208 -0.062196 0.918531    -0.006983
2338.461399 -0.062005 0.918584    -0.006991
2338.461591 -0.061813 0.918636    -0.006999
2338.461782 -0.061622 0.918688    -0.007007
2338.461974 -0.061430 0.918741    -0.007015
2338.462165 -0.061239 0.918793    -0.007023
2338.462357 -0.061047 0.918845    -0.007031
2338.462548 -0.060856 0.918898    -0.007039
2338.462740 -0.060664 0.918950    -0.007047
2338.462931 -0.060473 0.919002    -0.007055
2338.463123 -0.060281 0.919055    -0.007062
2338.463314 -0.060090 0.919107    -0.007070
2338.463506 -0.059898 0.919159    -0.007077
2338.463697 -0.059707 0.919212    -0.007085
2338.463889 -0.059515 0.919264    -0.007092
2338.464080 -0.059324 0.919316    -0.007100
2338.464272 -0.059132 0.919369    -0.007107
2338.464463 -0.058941 0.919421    -0.007115
2338.464655 -0.058749 0.919473    -0.007122
2338.464847 -0.058558 0.919526    -0.007129
2338.465038 -0.058366 0.919578    -0.007136
2338.465230 -0.058175 0.919630    -0.007143
2338.465421 -0.057983 0.919683    -0.007151
2338.465613 -0.057792 0.919735    -0.007158
2338.465804 -0.057600 0.919787    -0.007165
2338.465996 -0.057409 0.919839    -0.007172
2338.466187 -0.057217 0.919892    -0.007178
2338.466379 -0.057026 0.919944    -0.007185
2338.466570 -0.056834 0.919996    -0.007192
2338.466762 -0.056643 0.920049    -0.007199
2338.466953 -0.056451 0.920101    -0.007206
2338.467145 -0.056260 0.920153    -0.007212
2338.467336 -0.056068 0.920206    -0.007219
2338.467528 -0.055877 0.920258    -0.007225
2338.467719 -0.055685 0.920310    -0.007232
2338.467911 -0.055494 0.920363    -0.007239
2338.468102 -0.055302 0.920415    -0.007245
2338.468294 -0.055111 0.920467    -0.007251
2338.468485 -0.054919 0.920520    -0.007258
2338.468677 -0.054728 0.920572    -0.007264
2338.468868 -0.054536 0.920624    -0.007270
2338.469060 -0.054345 0.920677    -0.007277
2338.469251 -0.054153 0.920729    -0.007283
2338.469443 -0.053962 0.920781    -0.007289
2338.469634 -0.053770 0.920834    -0.007295
2338.469826 -0.053579 0.920886    -0.007301
2338.470017 -0.053387 0.920938    -0.007307
2338.470209 -0.053196 0.920991    -0.007313
2338.470400 -0.053004 0.921043    -0.007319
2338.470592 -0.052813 0.921095    -0.007325
2338.470783 -0.052621 0.921148    -0.007331
2338.470975 -0.052430 0.921200    -0.007337
2338.471166 -0.052238 0.921252    -0.007343
2338.471358 -0.052047 0.921305    -0.007349
2338.471549 -0.051855 0.921357    -0.007355
2338.471741 -0.051664 0.921409    -0.007360
2338.471932 -0.051472 0.921461    -0.007366
2338.472124 -0.051281 0.921514    -0.007372
2338.472315 -0.051089 0.921566    -0.007377
2338.472507 -0.050898 0.921618    -0.007383
2338.472698 -0.050706 0.921671    -0.007388
2338.472890 -0.050515 0.921723    -0.007394
2338.473081 -0.050323 0.921775    -0.007399
2338.473273 -0.050132 0.921828    -0.007405
2338.473464 -0.049940 0.921880    -0.007410
2338.473656 -0.049749 0.921932    -0.007416
2338.473847 -0.049557 0.921985    -0.007421
2338.474039 -0.049366 0.922037    -0.007426
2338.474230 -0.049174 0.922089    -0.007432
2338.474422 -0.048983 0.922142    -0.007437
2338.474613 -0.048791 0.922194    -0.007442
2338.474805 -0.048600 0.922246    -0.007447
2338.474996 -0.048408 0.922299    -0.007452
2338.475188 -0.048217 0.922351    -0.007458
2338.475379 -0.048025 0.922403    -0.007463
2338.475571 -0.047834 0.922456    -0.007468
2338.475762 -0.047642 0.922508    -0.007473
2338.475954 -0.047451 0.922560    -0.007478
2338.476145 -0.047259 0.922613    -0.007483
2338.476337 -0.047068 0.922665    -0.007488
2338.476528 -0.046876 0.922717    -0.007492
2338.476720 -0.046685 0.922770    -0.007497
2338.476911 -0.046493 0.922822    -0.007502
2338.477103 -0.046302 0.922874    -0.007507
2338.477294 -0.046110 0.922927    -0.007512
2338.477486 -0.045919 0.922979    -0.007517
2338.477677 -0.045727 0.923031    -0.007521
2338.477869 -0.045536 0.923083    -0.007526
2338.478060 -0.045344 0.923136    -0.007531
2338.478252 -0.045153 0.923188    -0.007535
2338.478443 -0.044961 0.923240    -0.007540
2338.478635 -0.044769 0.923293    -0.007544
2338.478826 -0.044578 0.923345    -0.007549
2338.479018 -0.044386 0.923397    -0.007553
2338.479209 -0.044195 0.923450    -0.007558
2338.479401 -0.044003 0.923502    -0.007562
2338.479592 -0.043812 0.923554    -0.007567
2338.479784 -0.043620 0.923607    -0.007571
2338.479975 -0.043429 0.923659    -0.007576
2338.480167 -0.043237 0.923711    -0.007580
2338.480358 -0.043046 0.923764    -0.007584
2338.480550 -0.042854 0.923816    -0.007589
2338.480741 -0.042663 0.923868    -0.007593
2338.480933 -0.042471 0.923921    -0.007597
2338.481124 -0.042280 0.923973    -0.007601
2338.481316 -0.042088 0.924025    -0.007605
2338.481507 -0.041897 0.924078    -0.007610
2338.481699 -0.041705 0.924130    -0.007614
2338.481890 -0.041514 0.924182    -0.007618
2338.482082 -0.041322 0.924235    -0.007622
2338.482273 -0.041131 0.924287    -0.007626
2338.482465 -0.040939 0.924339    -0.007630
2338.482656 -0.040748 0.924392    -0.007634
2338.482848 -0.040556 0.924444    -0.007638
2338.483039 -0.040365 0.924496    -0.007642
2338.483231 -0.040173 0.924549    -0.007646
2338.483422 -0.039982 0.924601    -0.007650
2338.483614 -0.039790 0.924653    -0.007654
2338.483805 -0.039599 0.924705    -0.007658
2338.483997 -0.039407 0.924758    -0.007661
2338.484188 -0.039216 0.924810    -0.007665
2338.484380 -0.039024 0.924862    -0.007669
2338.484571 -0.038833 0.924915    -0.007673
2338.484763 -0.038641 0.924967    -0.007676
2338.484954 -0.038450 0.925019    -0.007680
2338.485146 -0.038258 0.925072    -0.007684
2338.485337 -0.038067 0.925124    -0.007687
2338.485529 -0.037875 0.925176    -0.007691
2338.485720 -0.037684 0.925229    -0.007695
2338.485912 -0.037492 0.925281    -0.007698
2338.486103 -0.037301 0.925333    -0.007702
2338.486295 -0.037109 0.925386    -0.007705
2338.486486 -0.036918 0.925438    -0.007709
2338.486678 -0.036726 0.925490    -0.007712
2338.486869 -0.036535 0.925543    -0.007716
2338.487061 -0.036343 0.925595    -0.007719
2338.487252 -0.036152 0.925647    -0.007723
2338.487444 -0.035960 0.925700    -0.007726
2338.487635 -0.035769 0.925752    -0.007729
2338.487827 -0.035577 0.925804    -0.007733
2338.488018 -0.035386 0.925857    -0.007736
2338.488210 -0.035194 0.925909    -0.007739
2338.488401 -0.035003 0.925961    -0.007743
2338.488593 -0.034811 0.926014    -0.007746
2338.488784 -0.034620 0.926066    -0.007749
2338.488976 -0.034428 0.926118    -0.007752
2338.489167 -0.034237 0.926171    -0.007756
2338.489359 -0.034045 0.926223    -0.007759
2338.489550 -0.033854 0.926275    -0.007762
2338.489742 -0.033662 0.926327    -0.007765
2338.489933 -0.033471 0.926380    -0.007768
2338.490125 -0.033279 0.926432    -0.007771
2338.490316 -0.033088 0.926484    -0.007774
2338.490508 -0.032896 0.926537    -0.007777
2338.490699 -0.032705 0.926589    -0.007780
2338.490891 -0.032513 0.926641    -0.007783
2338.491082 -0.032322 0.926694    -0.007786
2338.491274 -0.032130 0.926746    -0.007789
2338.491465 -0.031939 0.926798    -0.007792
2338.491657 -0.031747 0.926851    -0.007795
2338.491848 -0.031556 0.926903    -0.007798
2338.492040 -0.031364 0.926955    -0.007801
2338.492231 -0.031173 0.927008    -0.007804
2338.492423 -0.030981 0.927060    -0.007807
2338.492614 -0.030790 0.927112    -0.007809
2338.492806 -0.030598 0.927165    -0.007812
2338.492997 -0.030407 0.927217    -0.007815
2338.493189 -0.030215 0.927269    -0.007818
2338.493380 -0.030024 0.927322    -0.007820
2338.493572 -0.029832 0.927374    -0.007823
2338.493763 -0.029641 0.927426    -0.007826
2338.493955 -0.029449 0.927479    -0.007828
2338.494146 -0.029258 0.927531    -0.007831
2338.494338 -0.029066 0.927583    -0.007834
2338.494529 -0.028875 0.927636    -0.007836
2338.494721 -0.028683 0.927688    -0.007839
2338.494912 -0.028492 0.927740    -0.007841
2338.495104 -0.028300 0.927793    -0.007844
2338.495295 -0.028109 0.927845    -0.007847
2338.495487 -0.027917 0.927897    -0.007849
2338.495678 -0.027726 0.927950    -0.007852
2338.495870 -0.027534 0.928002    -0.007854
2338.496062 -0.027343 0.928054    -0.007856
2338.496253 -0.027151 0.928106    -0.007859
2338.496445 -0.026960 0.928159    -0.007861
2338.496636 -0.026768 0.928211    -0.007864
2338.496828 -0.026577 0.928263    -0.007866
2338.497019 -0.026385 0.928316    -0.007868
2338.497211 -0.026194 0.928368    -0.007871
2338.497402 -0.026002 0.928420    -0.007873
2338.497594 -0.025811 0.928473    -0.007875
2338.497785 -0.025619 0.928525    -0.007878
2338.497977 -0.025428 0.928577    -0.007880
2338.498168 -0.025236 0.928630    -0.007882
2338.498360 -0.025045 0.928682    -0.007884
2338.498551 -0.024853 0.928734    -0.007886
2338.498743 -0.024662 0.928787    -0.007889
2338.498934 -0.024470 0.928839    -0.007891
2338.499126 -0.024279 0.928891    -0.007893
2338.499317 -0.024087 0.928944    -0.007895
2338.499509 -0.023896 0.928996    -0.007897
2338.499700 -0.023704 0.929048    -0.007899
2338.499892 -0.023513 0.929101    -0.007901
2338.500083 -0.023321 0.929153    -0.007903
2338.500275 -0.023130 0.929205    -0.007905
2338.500466 -0.022938 0.929258    -0.007907
2338.500658 -0.022747 0.929310    -0.007909
2338.500849 -0.022555 0.929362    -0.007911
2338.501041 -0.022364 0.929415    -0.007913
2338.501232 -0.022172 0.929467    -0.007915
2338.501424 -0.021981 0.929519    -0.007917
2338.501615 -0.021789 0.929572    -0.007919
2338.501807 -0.021598 0.929624    -0.007921
2338.501998 -0.021406 0.929676    -0.007923
2338.502190 -0.021215 0.929728    -0.007925
2338.502381 -0.021023 0.929781    -0.007926
2338.502573 -0.020832 0.929833    -0.007928
2338.502764 -0.020640 0.929885    -0.007930
2338.502956 -0.020449 0.929938    -0.007932
2338.503147 -0.020257 0.929990    -0.007934
2338.503339 -0.020066 0.930042    -0.007935
2338.503530 -0.019874 0.930095    -0.007937
2338.503722 -0.019683 0.930147    -0.007939
2338.503913 -0.019491 0.930199    -0.007940
2338.504105 -0.019300 0.930252    -0.007942
2338.504296 -0.019108 0.930304    -0.007944
2338.504488 -0.018917 0.930356    -0.007945
2338.504679 -0.018725 0.930409    -0.007947
2338.504871 -0.018534 0.930461    -0.007949
2338.505062 -0.018342 0.930513    -0.007950
2338.505254 -0.018151 0.930566    -0.007952
2338.505445 -0.017959 0.930618    -0.007953
2338.505637 -0.017768 0.930670    -0.007955
2338.505828 -0.017576 0.930723    -0.007956
2338.506020 -0.017385 0.930775    -0.007958
2338.506211 -0.017193 0.930827    -0.007959
2338.506403 -0.017002 0.930880    -0.007961
2338.506594 -0.016810 0.930932    -0.007962
2338.506786 -0.016619 0.930984    -0.007964
2338.506977 -0.016427 0.931037    -0.007965
2338.507169 -0.016236 0.931089    -0.007966
2338.507360 -0.016044 0.931141    -0.007968
2338.507552 -0.015853 0.931194    -0.007969
2338.507743 -0.015661 0.931246    -0.007970
2338.507935 -0.015470 0.931298    -0.007972
2338.508126 -0.015278 0.931350    -0.007973
2338.508318 -0.015087 0.931403    -0.007974
2338.508509 -0.014895 0.931455    -0.007976
2338.508701 -0.014704 0.931507    -0.007977
2338.508892 -0.014512 0.931560    -0.007978
2338.509084 -0.014321 0.931612    -0.007979
2338.509275 -0.014129 0.931664    -0.007980
2338.509467 -0.013937 0.931717    -0.007982
2338.509658 -0.013746 0.931769    -0.007983
2338.509850 -0.013554 0.931821    -0.007984
2338.510041 -0.013363 0.931874    -0.007985
2338.510233 -0.013171 0.931926    -0.007986
2338.510424 -0.012980 0.931978    -0.007987
2338.510616 -0.012788 0.932031    -0.007988
2338.510807 -0.012597 0.932083    -0.007989
2338.510999 -0.012405 0.932135    -0.007991
2338.511190 -0.012214 0.932188    -0.007992
2338.511382 -0.012022 0.932240    -0.007993
2338.511573 -0.011831 0.932292    -0.007994
2338.511765 -0.011639 0.932345    -0.007995
2338.511956 -0.011448 0.932397    -0.007996
2338.512148 -0.011256 0.932449    -0.007996
2338.512339 -0.011065 0.932502    -0.007997
2338.512531 -0.010873 0.932554    -0.007998
2338.512722 -0.010682 0.932606    -0.007999
2338.512914 -0.010490 0.932659    -0.008000
2338.513105 -0.010299 0.932711    -0.008001
2338.513297 -0.010107 0.932763    -0.008002
2338.513488 -0.009916 0.932816    -0.008003
2338.513680 -0.009724 0.932868    -0.008004
2338.513871 -0.009533 0.932920    -0.008004
2338.514063 -0.009341 0.932972    -0.008005
2338.514254 -0.009150 0.933025    -0.008006
2338.514446 -0.008958 0.933077    -0.008007
2338.514637 -0.008767 0.933129    -0.008007
2338.514829 -0.008575 0.933182    -0.008008
2338.515020 -0.008384 0.933234    -0.008009
2338.515212 -0.008192 0.933286    -0.008009
2338.515403 -0.008001 0.933339    -0.008010
2338.515595 -0.007809 0.933391    -0.008011
2338.515786 -0.007618 0.933443    -0.008011
2338.515978 -0.007426 0.933496    -0.008012
2338.516169 -0.007235 0.933548    -0.008013
2338.516361 -0.007043 0.933600    -0.008013
2338.516552 -0.006852 0.933653    -0.008014
2338.516744 -0.006660 0.933705    -0.008014
2338.516935 -0.006469 0.933757    -0.008015
2338.517127 -0.006277 0.933810    -0.008016
2338.517318 -0.006086 0.933862    -0.008016
2338.517510 -0.005894 0.933914    -0.008017
2338.517701 -0.005703 0.933967    -0.008017
2338.517893 -0.005511 0.934019    -0.008017
2338.518084 -0.005320 0.934071    -0.008018
2338.518276 -0.005128 0.934124    -0.008018
2338.518467 -0.004937 0.934176    -0.008019
2338.518659 -0.004745 0.934228    -0.008019
2338.518850 -0.004554 0.934281    -0.008020
2338.519042 -0.004362 0.934333    -0.008020
2338.519233 -0.004171 0.934385    -0.008020
2338.519425 -0.003979 0.934438    -0.008021
2338.519616 -0.003788 0.934490    -0.008021
2338.519808 -0.003596 0.934542    -0.008021
2338.519999 -0.003405 0.934595    -0.008022
2338.520191 -0.003213 0.934647    -0.008022
2338.520382 -0.003022 0.934699    -0.008022
2338.520574 -0.002830 0.934751    -0.008022
2338.520765 -0.002639 0.934804    -0.008023
2338.520957 -0.002447 0.934856    -0.008023
2338.521148 -0.002256 0.934908    -0.008023
2338.521340 -0.002064 0.934961    -0.008023
2338.521531 -0.001873 0.935013    -0.008023
2338.521723 -0.001681 0.935065    -0.008023
2338.521914 -0.001490 0.935118    -0.008024
2338.522106 -0.001298 0.935170    -0.008024
2338.522297 -0.001107 0.935222    -0.008024
2338.522489 -0.000915 0.935275    -0.008024
2338.522680 -0.000724 0.935327    -0.008024
2338.522872 -0.000532 0.935379    -0.008024
2338.523063 -0.000341 0.935432    -0.008024
2338.523255 -0.000149 0.935484    -0.008024
2338.523446 0.000042 0.935536    -0.008024
2338.523638 0.000234 0.935589    -0.008024
2338.523829 0.000425 0.935641    -0.008024
2338.524021 0.000617 0.935693    -0.008024
2338.524212 0.000808 0.935746    -0.008024
2338.524404 0.001000 0.935798    -0.008024
2338.524595 0.001191 0.935850    -0.008024
2338.524787 0.001383 0.935903    -0.008024
2338.524978 0.001574 0.935955    -0.008023
2338.525170 0.001766 0.936007    -0.008023
2338.525361 0.001957 0.936060    -0.008023
2338.525553 0.002149 0.936112    -0.008023
2338.525744 0.002340 0.936164    -0.008023
2338.525936 0.002532 0.936217    -0.008023
2338.526127 0.002723 0.936269    -0.008022
2338.526319 0.002915 0.936321    -0.008022
2338.526510 0.003106 0.936373    -0.008022
2338.526702 0.003298 0.936426    -0.008022
2338.526894 0.003489 0.936478    -0.008021
2338.527085 0.003681 0.936530    -0.008021
2338.527277 0.003872 0.936583    -0.008021
2338.527468 0.004064 0.936635    -0.008020
2338.527660 0.004255 0.936687    -0.008020
2338.527851 0.004447 0.936740    -0.008020
2338.528043 0.004638 0.936792    -0.008019
2338.528234 0.004830 0.936844    -0.008019
2338.528426 0.005021 0.936897    -0.008018
2338.528617 0.005213 0.936949    -0.008018
2338.528809 0.005404 0.937001    -0.008018
2338.529000 0.005596 0.937054    -0.008017
2338.529192 0.005787 0.937106    -0.008017
2338.529383 0.005979 0.937158    -0.008016
2338.529575 0.006170 0.937211    -0.008016
2338.529766 0.006362 0.937263    -0.008015
2338.529958 0.006553 0.937315    -0.008015
2338.530149 0.006745 0.937368    -0.008014
2338.530341 0.006936 0.937420    -0.008013
2338.530532 0.007128 0.937472    -0.008013
2338.530724 0.007319 0.937525    -0.008012
2338.530915 0.007511 0.937577    -0.008012
2338.531107 0.007702 0.937629    -0.008011
2338.531298 0.007894 0.937682    -0.008010
2338.531490 0.008085 0.937734    -0.008010
2338.531681 0.008277 0.937786    -0.008009
2338.531873 0.008468 0.937839    -0.008008
2338.532064 0.008660 0.937891    -0.008008
2338.532256 0.008851 0.937943    -0.008007
2338.532447 0.009043 0.937995    -0.008006
2338.532639 0.009234 0.938048    -0.008005
2338.532830 0.009426 0.938100    -0.008005
2338.533022 0.009617 0.938152    -0.008004
2338.533213 0.009809 0.938205    -0.008003
2338.533405 0.010000 0.938257    -0.008002
2338.533596 0.010192 0.938309    -0.008001
2338.533788 0.010383 0.938362    -0.008000
2338.533979 0.010575 0.938414    -0.007999
2338.534171 0.010766 0.938466    -0.007999
2338.534362 0.010958 0.938519    -0.007998
2338.534554 0.011149 0.938571    -0.007997
2338.534745 0.011341 0.938623    -0.007996
2338.534937 0.011532 0.938676    -0.007995
2338.535128 0.011724 0.938728    -0.007994
2338.535320 0.011915 0.938780    -0.007993
2338.535511 0.012107 0.938833    -0.007992
2338.535703 0.012298 0.938885    -0.007991
2338.535894 0.012490 0.938937    -0.007990
2338.536086 0.012681 0.938990    -0.007989
2338.536277 0.012873 0.939042    -0.007988
2338.536469 0.013064 0.939094    -0.007987
2338.536660 0.013256 0.939147    -0.007985
2338.536852 0.013447 0.939199    -0.007984
2338.537043 0.013639 0.939251    -0.007983
2338.537235 0.013830 0.939304    -0.007982
2338.537426 0.014022 0.939356    -0.007981
2338.537618 0.014213 0.939408    -0.007980
2338.537809 0.014405 0.939461    -0.007978
2338.538001 0.014596 0.939513    -0.007977
2338.538192 0.014788 0.939565    -0.007976
2338.538384 0.014979 0.939617    -0.007975
2338.538575 0.015171 0.939670    -0.007973
2338.538767 0.015362 0.939722    -0.007972
2338.538958 0.015554 0.939774    -0.007971
2338.539150 0.015745 0.939827    -0.007969
2338.539341 0.015937 0.939879    -0.007968
2338.539533 0.016128 0.939931    -0.007967
2338.539724 0.016320 0.939984    -0.007965
2338.539916 0.016511 0.940036    -0.007964
2338.540107 0.016703 0.940088    -0.007963
2338.540299 0.016894 0.940141    -0.007961
2338.540490 0.017086 0.940193    -0.007960
2338.540682 0.017278 0.940245    -0.007958
2338.540873 0.017469 0.940298    -0.007957
2338.541065 0.017661 0.940350    -0.007955
2338.541256 0.017852 0.940402    -0.007954
2338.541448 0.018044 0.940455    -0.007952
2338.541639 0.018235 0.940507    -0.007951
2338.541831 0.018427 0.940559    -0.007949
2338.542022 0.018618 0.940612    -0.007947
2338.542214 0.018810 0.940664    -0.007946
2338.542405 0.019001 0.940716    -0.007944
2338.542597 0.019193 0.940769    -0.007942
2338.542788 0.019384 0.940821    -0.007941
2338.542980 0.019576 0.940873    -0.007939
2338.543171 0.019767 0.940926    -0.007937
2338.543363 0.019959 0.940978    -0.007936
2338.543554 0.020150 0.941030    -0.007934
2338.543746 0.020342 0.941083    -0.007932
2338.543937 0.020533 0.941135    -0.007931
2338.544129 0.020725 0.941187    -0.007929
2338.544320 0.020916 0.941239    -0.007927
2338.544512 0.021108 0.941292    -0.007925
2338.544703 0.021299 0.941344    -0.007923
2338.544895 0.021491 0.941396    -0.007921
2338.545086 0.021682 0.941449    -0.007920
2338.545278 0.021874 0.941501    -0.007918
2338.545469 0.022065 0.941553    -0.007916
2338.545661 0.022257 0.941606    -0.007914
2338.545852 0.022448 0.941658    -0.007912
2338.546044 0.022640 0.941710    -0.007910
2338.546235 0.022831 0.941763    -0.007908
2338.546427 0.023023 0.941815    -0.007906
2338.546618 0.023214 0.941867    -0.007904
2338.546810 0.023406 0.941920    -0.007902
2338.547001 0.023597 0.941972    -0.007900
2338.547193 0.023789 0.942024    -0.007898
2338.547384 0.023980 0.942077    -0.007896
2338.547576 0.024172 0.942129    -0.007893
2338.547767 0.024363 0.942181    -0.007891
2338.547959 0.024555 0.942234    -0.007889
2338.548150 0.024746 0.942286    -0.007887
2338.548342 0.024938 0.942338    -0.007885
2338.548533 0.025129 0.942391    -0.007883
2338.548725 0.025321 0.942443    -0.007880
2338.548916 0.025512 0.942495    -0.007878
2338.549108 0.025704 0.942548    -0.007876
2338.549299 0.025895 0.942600    -0.007874
2338.549491 0.026087 0.942652    -0.007871
2338.549682 0.026278 0.942705    -0.007869
2338.549874 0.026470 0.942757    -0.007867
2338.550065 0.026661 0.942809    -0.007864
2338.550257 0.026853 0.942862    -0.007862
2338.550448 0.027044 0.942914    -0.007860
2338.550640 0.027236 0.942966    -0.007857
2338.550831 0.027427 0.943018    -0.007855
2338.551023 0.027619 0.943071    -0.007852
2338.551214 0.027810 0.943123    -0.007850
2338.551406 0.028002 0.943175    -0.007847
2338.551597 0.028193 0.943228    -0.007845
2338.551789 0.028385 0.943280    -0.007842
2338.551980 0.028576 0.943332    -0.007840
2338.552172 0.028768 0.943385    -0.007837
2338.552363 0.028959 0.943437    -0.007834
2338.552555 0.029151 0.943489    -0.007832
2338.552746 0.029342 0.943542    -0.007829
2338.552938 0.029534 0.943594    -0.007827
2338.553129 0.029725 0.943646    -0.007824
2338.553321 0.029917 0.943699    -0.007821
2338.553512 0.030108 0.943751    -0.007818
2338.553704 0.030300 0.943803    -0.007816
2338.553895 0.030491 0.943856    -0.007813
2338.554087 0.030683 0.943908    -0.007810
2338.554278 0.030874 0.943960    -0.007807
2338.554470 0.031066 0.944013    -0.007805
2338.554661 0.031257 0.944065    -0.007802
2338.554853 0.031449 0.944117    -0.007799
2338.555044 0.031640 0.944170    -0.007796
2338.555236 0.031832 0.944222    -0.007793
2338.555427 0.032023 0.944274    -0.007790
2338.555619 0.032215 0.944327    -0.007787
2338.555810 0.032406 0.944379    -0.007784
2338.556002 0.032598 0.944431    -0.007781
2338.556193 0.032789 0.944484    -0.007778
2338.556385 0.032981 0.944536    -0.007775
2338.556576 0.033172 0.944588    -0.007772
2338.556768 0.033364 0.944640    -0.007769
2338.556959 0.033555 0.944693    -0.007766
2338.557151 0.033747 0.944745    -0.007763
2338.557342 0.033938 0.944797    -0.007760
2338.557534 0.034130 0.944850    -0.007756
2338.557725 0.034321 0.944902    -0.007753
2338.557917 0.034513 0.944954    -0.007750
2338.558109 0.034704 0.945007    -0.007747
2338.558300 0.034896 0.945059    -0.007744
2338.558492 0.035087 0.945111    -0.007740
2338.558683 0.035279 0.945164    -0.007737
2338.558875 0.035470 0.945216    -0.007734
2338.559066 0.035662 0.945268    -0.007730
2338.559258 0.035853 0.945321    -0.007727
2338.559449 0.036045 0.945373    -0.007724
2338.559641 0.036236 0.945425    -0.007720
2338.559832 0.036428 0.945478    -0.007717
2338.560024 0.036619 0.945530    -0.007713
2338.560215 0.036811 0.945582    -0.007710
2338.560407 0.037002 0.945635    -0.007706
2338.560598 0.037194 0.945687    -0.007703
2338.560790 0.037385 0.945739    -0.007699
2338.560981 0.037577 0.945792    -0.007696
2338.561173 0.037768 0.945844    -0.007692
2338.561364 0.037960 0.945896    -0.007688
2338.561556 0.038151 0.945949    -0.007685
2338.561747 0.038343 0.946001    -0.007681
2338.561939 0.038534 0.946053    -0.007677
2338.562130 0.038726 0.946106    -0.007674
2338.562322 0.038917 0.946158    -0.007670
2338.562513 0.039109 0.946210    -0.007666
2338.562705 0.039300 0.946262    -0.007662
2338.562896 0.039492 0.946315    -0.007659
2338.563088 0.039683 0.946367    -0.007655
2338.563279 0.039875 0.946419    -0.007651
2338.563471 0.040066 0.946472    -0.007647
2338.563662 0.040258 0.946524    -0.007643
2338.563854 0.040449 0.946576    -0.007639
2338.564045 0.040641 0.946629    -0.007635
2338.564237 0.040832 0.946681    -0.007631
2338.564428 0.041024 0.946733    -0.007627
2338.564620 0.041215 0.946786    -0.007623
2338.564811 0.041407 0.946838    -0.007619
2338.565003 0.041598 0.946890    -0.007615
2338.565194 0.041790 0.946943    -0.007611
2338.565386 0.041981 0.946995    -0.007607
2338.565577 0.042173 0.947047    -0.007602
2338.565769 0.042364 0.947100    -0.007598
2338.565960 0.042556 0.947152    -0.007594
2338.566152 0.042747 0.947204    -0.007590
2338.566343 0.042939 0.947257    -0.007585
2338.566535 0.043130 0.947309    -0.007581
2338.566726 0.043322 0.947361    -0.007577
2338.566918 0.043513 0.947414    -0.007572
2338.567109 0.043705 0.947466    -0.007568
2338.567301 0.043896 0.947518    -0.007564
2338.567492 0.044088 0.947571    -0.007559
2338.567684 0.044279 0.947623    -0.007555
2338.567875 0.044471 0.947675    -0.007550
2338.568067 0.044662 0.947728    -0.007546
2338.568258 0.044854 0.947780    -0.007541
2338.568450 0.045045 0.947832    -0.007536
2338.568641 0.045237 0.947884    -0.007532
2338.568833 0.045428 0.947937    -0.007527
2338.569024 0.045620 0.947989    -0.007523
2338.569216 0.045811 0.948041    -0.007518
2338.569407 0.046003 0.948094    -0.007513
2338.569599 0.046194 0.948146    -0.007508
2338.569790 0.046386 0.948198    -0.007504
2338.569982 0.046577 0.948251    -0.007499
2338.570173 0.046769 0.948303    -0.007494
2338.570365 0.046960 0.948355    -0.007489
2338.570556 0.047152 0.948408    -0.007484
2338.570748 0.047343 0.948460    -0.007479
2338.570939 0.047535 0.948512    -0.007474
2338.571131 0.047726 0.948565    -0.007469
2338.571322 0.047918 0.948617    -0.007464
2338.571514 0.048110 0.948669    -0.007459
2338.571705 0.048301 0.948722    -0.007454
2338.571897 0.048493 0.948774    -0.007449
2338.572088 0.048684 0.948826    -0.007444
2338.572280 0.048876 0.948879    -0.007438
2338.572471 0.049067 0.948931    -0.007433
2338.572663 0.049259 0.948983    -0.007428
2338.572854 0.049450 0.949036    -0.007422
2338.573046 0.049642 0.949088    -0.007417
2338.573237 0.049833 0.949140    -0.007412
2338.573429 0.050025 0.949193    -0.007406
2338.573620 0.050216 0.949245    -0.007401
2338.573812 0.050408 0.949297    -0.007395
2338.574003 0.050599 0.949350    -0.007390
2338.574195 0.050791 0.949402    -0.007384
2338.574386 0.050982 0.949454    -0.007379
2338.574578 0.051174 0.949507    -0.007373
2338.574769 0.051365 0.949559    -0.007368
2338.574961 0.051557 0.949611    -0.007362
2338.575152 0.051748 0.949663    -0.007356
2338.575344 0.051940 0.949716    -0.007350
2338.575535 0.052131 0.949768    -0.007345
2338.575727 0.052323 0.949820    -0.007339
2338.575918 0.052514 0.949873    -0.007333
2338.576110 0.052706 0.949925    -0.007327
2338.576301 0.052897 0.949977    -0.007321
2338.576493 0.053089 0.950030    -0.007315
2338.576684 0.053280 0.950082    -0.007309
2338.576876 0.053472 0.950134    -0.007303
2338.577067 0.053663 0.950187    -0.007297
2338.577259 0.053855 0.950239    -0.007291
2338.577450 0.054046 0.950291    -0.007285
2338.577642 0.054238 0.950344    -0.007278
2338.577833 0.054429 0.950396    -0.007272
2338.578025 0.054621 0.950448    -0.007266
2338.578216 0.054812 0.950501    -0.007260
2338.578408 0.055004 0.950553    -0.007253
2338.578599 0.055195 0.950605    -0.007247
2338.578791 0.055387 0.950658    -0.007240
2338.578982 0.055578 0.950710    -0.007234
2338.579174 0.055770 0.950762    -0.007227
2338.579365 0.055961 0.950815    -0.007221
2338.579557 0.056153 0.950867    -0.007214
2338.579748 0.056344 0.950919    -0.007207
2338.579940 0.056536 0.950972    -0.007201
2338.580131 0.056727 0.951024    -0.007194
2338.580323 0.056919 0.951076    -0.007187
2338.580514 0.057110 0.951129    -0.007180
2338.580706 0.057302 0.951181    -0.007173
2338.580897 0.057493 0.951233    -0.007166
2338.581089 0.057685 0.951285    -0.007160
2338.581280 0.057876 0.951338    -0.007152
2338.581472 0.058068 0.951390    -0.007145
2338.581663 0.058259 0.951442    -0.007138
2338.581855 0.058451 0.951495    -0.007131
2338.582046 0.058642 0.951547    -0.007124
2338.582238 0.058834 0.951599    -0.007117
2338.582429 0.059025 0.951652    -0.007109
2338.582621 0.059217 0.951704    -0.007102
2338.582812 0.059408 0.951756    -0.007095
2338.583004 0.059600 0.951809    -0.007087
2338.583195 0.059791 0.951861    -0.007080
2338.583387 0.059983 0.951913    -0.007072
2338.583578 0.060174 0.951966    -0.007064
2338.583770 0.060366 0.952018    -0.007057
2338.583961 0.060557 0.952070    -0.007049
2338.584153 0.060749 0.952123    -0.007041
2338.584344 0.060940 0.952175    -0.007033
2338.584536 0.061132 0.952227    -0.007025
2338.584727 0.061323 0.952280    -0.007018
2338.584919 0.061515 0.952332    -0.007010
2338.585110 0.061706 0.952384    -0.007001
2338.585302 0.061898 0.952437    -0.006993
2338.585493 0.062089 0.952489    -0.006985
2338.585685 0.062281 0.952541    -0.006977
2338.585876 0.062472 0.952594    -0.006969
2338.586068 0.062664 0.952646    -0.006960
2338.586259 0.062855 0.952698    -0.006952
2338.586451 0.063047 0.952751    -0.006943
2338.586642 0.063238 0.952803    -0.006935
2338.586834 0.063430 0.952855    -0.006926
2338.587025 0.063621 0.952907    -0.006918
2338.587217 0.063813 0.952960    -0.006909
2338.587408 0.064004 0.953012    -0.006900
2338.587600 0.064196 0.953064    -0.006891
2338.587791 0.064387 0.953117    -0.006882
2338.587983 0.064579 0.953169    -0.006873
2338.588174 0.064770 0.953221    -0.006864
2338.588366 0.064962 0.953274    -0.006855
2338.588557 0.065153 0.953326    -0.006846
2338.588749 0.065345 0.953378    -0.006837
2338.588941 0.065536 0.953431    -0.006827
2338.589132 0.065728 0.953483    -0.006818
2338.589324 0.065919 0.953535    -0.006808
2338.589515 0.066111 0.953588    -0.006799
2338.589707 0.066302 0.953640    -0.006789
2338.589898 0.066494 0.953692    -0.006780
2338.590090 0.066685 0.953745    -0.006770
2338.590281 0.066877 0.953797    -0.006760
2338.590473 0.067068 0.953849    -0.006750
2338.590664 0.067260 0.953902    -0.006740
2338.590856 0.067451 0.953954    -0.006730
2338.591047 0.067643 0.954006    -0.006720
2338.591239 0.067834 0.954059    -0.006709
2338.591430 0.068026 0.954111    -0.006699
2338.591622 0.068217 0.954163    -0.006688
2338.591813 0.068409 0.954216    -0.006678
2338.592005 0.068600 0.954268    -0.006667
2338.592196 0.068792 0.954320    -0.006657
2338.592388 0.068983 0.954373    -0.006646
2338.592579 0.069175 0.954425    -0.006635
2338.592771 0.069366 0.954477    -0.006624
2338.592962 0.069558 0.954529    -0.006613
2338.593154 0.069749 0.954582    -0.006601
2338.593345 0.069941 0.954634    -0.006590
2338.593537 0.070132 0.954686    -0.006579
2338.593728 0.070324 0.954739    -0.006567
2338.593920 0.070515 0.954791    -0.006555
2338.594111 0.070707 0.954843    -0.006544
2338.594303 0.070898 0.954896    -0.006532
2338.594494 0.071090 0.954948    -0.006520
2338.594686 0.071281 0.955000    -0.006508
2338.594877 0.071473 0.955053    -0.006496
2338.595069 0.071664 0.955105    -0.006483
2338.595260 0.071856 0.955157    -0.006471
2338.595452 0.072047 0.955210    -0.006458
2338.595643 0.072239 0.955262    -0.006445
2338.595835 0.072430 0.955314    -0.006433
2338.596026 0.072622 0.955367    -0.006420
2338.596218 0.072813 0.955419    -0.006406
2338.596409 0.073005 0.955471    -0.006393
2338.596601 0.073196 0.955524    -0.006380
2338.596792 0.073388 0.955576    -0.006366
2338.596984 0.073579 0.955628    -0.006352
2338.597175 0.073771 0.955681    -0.006339
2338.597367 0.073962 0.955733    -0.006325
2338.597558 0.074154 0.955785    -0.006310
2338.597750 0.074345 0.955838    -0.006296
2338.597941 0.074537 0.955890    -0.006281
2338.598133 0.074728 0.955942    -0.006267
2338.598324 0.074920 0.955995    -0.006252
2338.598516 0.075111 0.956047    -0.006237
2338.598707 0.075303 0.956099    -0.006221
2338.598899 0.075494 0.956152    -0.006206
2338.599090 0.075686 0.956204    -0.006190
2338.599282 0.075877 0.956256    -0.006174
2338.599473 0.076069 0.956308    -0.006158
2338.599665 0.076260 0.956361    -0.006141
2338.599856 0.076452 0.956413    -0.006125
2338.600048 0.076643 0.956465    -0.006108
2338.600239 0.076835 0.956518    -0.006090
2338.600431 0.077026 0.956570    -0.006073
2338.600622 0.077218 0.956622    -0.006055
2338.600814 0.077409 0.956675    -0.006037
2338.601005 0.077601 0.956727    -0.006018
2338.601197 0.077792 0.956779    -0.005999
2338.601388 0.077984 0.956832    -0.005980
2338.601580 0.078175 0.956884    -0.005960
2338.601771 0.078367 0.956936    -0.005940
2338.601963 0.078558 0.956989    -0.005919
2338.602154 0.078750 0.957041    -0.005898
2338.602346 0.078941 0.957093    -0.005872
2338.602537 0.079133 0.957146    -0.005836
2338.602729 0.079325 0.957198    -0.005795
2338.602920 0.079516 0.957250    -0.005751
2338.603112 0.079708 0.957303    -0.005703
2338.603303 0.079899 0.957355    -0.005652
2338.603495 0.080091 0.957407    -0.005598
2338.603686 0.080282 0.957460    -0.005543
2338.603878 0.080474 0.957512    -0.005485
2338.604069 0.080665 0.957564    -0.005425
2338.604261 0.080857 0.957617    -0.005363
2338.604452 0.081048 0.957669    -0.005300
2338.604644 0.081240 0.957721    -0.005236
2338.604835 0.081431 0.957774    -0.005170
2338.605027 0.081623 0.957826    -0.005102
2338.605218 0.081814 0.957878    -0.005034
2338.605410 0.082006 0.957930    -0.004964
2338.605601 0.082197 0.957983    -0.004893
2338.605793 0.082389 0.958035    -0.004822
2338.605984 0.082580 0.958087    -0.004749
2338.606176 0.082772 0.958140    -0.004676
2338.606367 0.082963 0.958192    -0.004601
2338.606559 0.083155 0.958244    -0.004527
2338.606750 0.083346 0.958297    -0.004451
2338.606942 0.083538 0.958349    -0.004375
2338.607133 0.083729 0.958401    -0.004298
2338.607325 0.083921 0.958454    -0.004221
2338.607516 0.084112 0.958506    -0.004143
2338.607708 0.084304 0.958558    -0.004065
2338.607899 0.084495 0.958611    -0.003987
2338.608091 0.084687 0.958663    -0.003908
2338.608282 0.084878 0.958715    -0.003829
2338.608474 0.085070 0.958768    -0.003750
2338.608665 0.085261 0.958820    -0.003671
2338.608857 0.085453 0.958872    -0.003591
2338.609048 0.085644 0.958925    -0.003511
2338.609240 0.085836 0.958977    -0.003432
2338.609431 0.086027 0.959029    -0.003352
2338.609623 0.086219 0.959082    -0.003272
2338.609814 0.086410 0.959134    -0.003193
2338.610006 0.086602 0.959186    -0.003113
2338.610197 0.086793 0.959239    -0.003033
2338.610389 0.086985 0.959291    -0.002954
2338.610580 0.087176 0.959343    -0.002875
2338.610772 0.087368 0.959396    -0.002796
2338.610963 0.087559 0.959448    -0.002717
2338.611155 0.087751 0.959500    -0.002639
2338.611346 0.087942 0.959552    -0.002561
2338.611538 0.088134 0.959605    -0.002483
2338.611729 0.088325 0.959657    -0.002406
2338.611921 0.088517 0.959709    -0.002329
2338.612112 0.088708 0.959762    -0.002252
2338.612304 0.088900 0.959814    -0.002176
2338.612495 0.089091 0.959866    -0.002101
2338.612687 0.089283 0.959919    -0.002026
2338.612878 0.089474 0.959971    -0.001952
2338.613070 0.089666 0.960023    -0.001878
2338.613261 0.089857 0.960076    -0.001805
2338.613453 0.090049 0.960128    -0.001733
2338.613644 0.090240 0.960180    -0.001661
2338.613836 0.090432 0.960233    -0.001590
2338.614027 0.090623 0.960285    -0.001520
2338.614219 0.090815 0.960337    -0.001451
2338.614410 0.091006 0.960390    -0.001383
2338.614602 0.091198 0.960442    -0.001315
2338.614793 0.091389 0.960494    -0.001249
2338.614985 0.091581 0.960547    -0.001183
2338.615176 0.091772 0.960599    -0.001119
2338.615368 0.091964 0.960651    -0.001055
2338.615559 0.092155 0.960704    -0.000993
2338.615751 0.092347 0.960756    -0.000932
2338.615942 0.092538 0.960808    -0.000872
2338.616134 0.092730 0.960861    -0.000813
2338.616325 0.092921 0.960913    -0.000756
2338.616517 0.093113 0.960965    -0.000700
2338.616708 0.093304 0.961018    -0.000645
2338.616900 0.093496 0.961070    -0.000592
2338.617091 0.093687 0.961122    -0.000541
2338.617283 0.093879 0.961174    -0.000490
2338.617474 0.094070 0.961227    -0.000442
2338.617666 0.094262 0.961279    -0.000395
2338.617857 0.094453 0.961331    -0.000350
2338.618049 0.094645 0.961384    -0.000307
2338.618240 0.094836 0.961436    -0.000266
2338.618432 0.095028 0.961488    -0.000227
2338.618623 0.095219 0.961541    -0.000190
2338.618815 0.095411 0.961593    -0.000155
2338.619006 0.095602 0.961645    -0.000123
2338.619198 0.095794 0.961698    -0.000094
2338.619389 0.095985 0.961750    -0.000067
2338.619581 0.096177 0.961802    -0.000044
2338.619772 0.096368 0.961855    -0.000024
2338.619964 0.096560 0.961907    -0.000009
2338.620156 0.096751 0.961959    -0.000000
2338.620347 0.096943 0.962012     0.000000
2338.620539 0.097134 0.962064     0.000000
2338.620730 0.097326 0.962116     0.000000
2338.620922 0.097517 0.962169     0.000000
2338.621113 0.097709 0.962221     0.000000
2338.621305 0.097900 0.962273     0.000000
2338.621496 0.098092 0.962326     0.000000
2338.621688 0.098283 0.962378     0.000000
2338.621879 0.098475 0.962430     0.000000
2338.622071 0.098666 0.962483     0.000000
2338.622262 0.098858 0.962535     0.000000
2338.622454 0.099049 0.962587     0.000000
2338.622645 0.099241 0.962640     0.000000
2338.622837 0.099432 0.962692     0.000000
2338.623028 0.099624 0.962744     0.000000
2338.623220 0.099815 0.962796     0.000000
2338.623411 0.100007 0.962849     0.000000
2338.623603 0.100198 0.962901     0.000000
2338.623794 0.100390 0.962953     0.000000
2338.623986 0.100581 0.963006     0.000000
2338.624177 0.100773 0.963058     0.000000
2338.624369 0.100964 0.963110     0.000000
2338.624560 0.101156 0.963163     0.000000
2338.624752 0.101347 0.963215     0.000000
2338.624943 0.101539 0.963267     0.000000
2338.625135 0.101730 0.963320     0.000000
2338.625326 0.101922 0.963372     0.000000
2338.625518 0.102113 0.963424     0.000000
2338.625709 0.102305 0.963477     0.000000
2338.625901 0.102496 0.963529     0.000000
2338.626092 0.102688 0.963581     0.000000
2338.626284 0.102879 0.963634     0.000000
2338.626475 0.103071 0.963686     0.000000
2338.626667 0.103262 0.963738     0.000000
2338.626858 0.103454 0.963791     0.000000
2338.627050 0.103645 0.963843     0.000000
2338.627241 0.103837 0.963895     0.000000
2338.627433 0.104028 0.963948     0.000000
2338.627624 0.104220 0.964000     0.000000
2338.627816 0.104411 0.964052     0.000000
2338.628007 0.104603 0.964105     0.000000
2338.628199 0.104794 0.964157     0.000000
2338.628390 0.104986 0.964209     0.000000
2338.628582 0.105177 0.964262     0.000000
2338.628773 0.105369 0.964314     0.000000
2338.628965 0.105560 0.964366     0.000000
2338.629156 0.105752 0.964419     0.000000
2338.629348 0.105943 0.964471     0.000000
2338.629539 0.106135 0.964523     0.000000
2338.629731 0.106326 0.964575     0.000000
2338.629922 0.106518 0.964628     0.000000
2338.630114 0.106709 0.964680     0.000000
2338.630305 0.106901 0.964732     0.000000
2338.630497 0.107092 0.964785     0.000000
2338.630688 0.107284 0.964837     0.000000
2338.630880 0.107475 0.964889     0.000000
2338.631071 0.107667 0.964942     0.000000
2338.631263 0.107858 0.964994     0.000000
2338.631454 0.108050 0.965046     0.000000
2338.631646 0.108241 0.965099     0.000000
2338.631837 0.108433 0.965151     0.000000
2338.632029 0.108624 0.965203     0.000000
2338.632220 0.108816 0.965256     0.000000
2338.632412 0.109007 0.965308     0.000000
2338.632603 0.109199 0.965360     0.000000
2338.632795 0.109390 0.965413     0.000000
2338.632986 0.109582 0.965465     0.000000
2338.633178 0.109773 0.965517     0.000000
2338.633369 0.109965 0.965570     0.000000
2338.633561 0.110157 0.965622     0.000000
2338.633752 0.110348 0.965674     0.000000
2338.633944 0.110540 0.965727     0.000000
2338.634135 0.110731 0.965779     0.000000
2338.634327 0.110923 0.965831     0.000000
2338.634518 0.111114 0.965884     0.000000
2338.634710 0.111306 0.965936     0.000000
2338.634901 0.111497 0.965988     0.000000
2338.635093 0.111689 0.966041     0.000000
2338.635284 0.111880 0.966093     0.000000
2338.635476 0.112072 0.966145     0.000000
2338.635667 0.112263 0.966197     0.000000
2338.635859 0.112455 0.966250     0.000000
2338.636050 0.112646 0.966302     0.000000
2338.636242 0.112838 0.966354     0.000000
2338.636433 0.113029 0.966407     0.000000
2338.636625 0.113221 0.966459     0.000000
2338.636816 0.113412 0.966511     0.000000
2338.637008 0.113604 0.966564     0.000000
2338.637199 0.113795 0.966616     0.000000
2338.637391 0.113987 0.966668     0.000000
2338.637582 0.114178 0.966721     0.000000
2338.637774 0.114370 0.966773     0.000000
2338.637965 0.114561 0.966825     0.000000
2338.638157 0.114753 0.966878     0.000000
2338.638348 0.114944 0.966930     0.000000
2338.638540 0.115136 0.966982     0.000000
2338.638731 0.115327 0.967035     0.000000
2338.638923 0.115519 0.967087     0.000000
2338.639114 0.115710 0.967139     0.000000
2338.639306 0.115902 0.967192     0.000000
2338.639497 0.116093 0.967244     0.000000
2338.639689 0.116285 0.967296     0.000000
2338.639880 0.116476 0.967349     0.000000
2338.640072 0.116668 0.967401     0.000000
2338.640263 0.116859 0.967453     0.000000
2338.640455 0.117051 0.967506     0.000000
2338.640646 0.117242 0.967558     0.000000
2338.640838 0.117434 0.967610     0.000000
2338.641029 0.117625 0.967663     0.000000
2338.641221 0.117817 0.967715     0.000000
2338.641412 0.118008 0.967767     0.000000
2338.641604 0.118200 0.967819     0.000000
2338.641795 0.118391 0.967872     0.000000
2338.641987 0.118583 0.967924     0.000000
2338.642178 0.118774 0.967976     0.000000
2338.642370 0.118966 0.968029     0.000000
2338.642561 0.119157 0.968081     0.000000
2338.642753 0.119349 0.968133     0.000000
2338.642944 0.119540 0.968186     0.000000
2338.643136 0.119732 0.968238     0.000000
2338.643327 0.119923 0.968290     0.000000
2338.643519 0.120115 0.968343     0.000000
2338.643710 0.120306 0.968395     0.000000
2338.643902 0.120498 0.968447     0.000000
2338.644093 0.120689 0.968500     0.000000
2338.644285 0.120881 0.968552     0.000000
2338.644476 0.121072 0.968604     0.000000
2338.644668 0.121264 0.968657     0.000000
2338.644859 0.121455 0.968709     0.000000
2338.645051 0.121647 0.968761     0.000000
2338.645242 0.121838 0.968814     0.000000
2338.645434 0.122030 0.968866     0.000000
2338.645625 0.122221 0.968918     0.000000
2338.645817 0.122413 0.968971     0.000000
2338.646008 0.122604 0.969023     0.000000
2338.646200 0.122796 0.969075     0.000000
2338.646391 0.122987 0.969128     0.000000
2338.646583 0.123179 0.969180     0.000000
2338.646774 0.123370 0.969232     0.000000
2338.646966 0.123562 0.969285     0.000000
2338.647157 0.123753 0.969337     0.000000
2338.647349 0.123945 0.969389     0.000000
2338.647540 0.124136 0.969441     0.000000
2338.647732 0.124328 0.969494     0.000000
2338.647923 0.124519 0.969546     0.000000
2338.648115 0.124711 0.969598     0.000000
2338.648306 0.124902 0.969651     0.000000
2338.648498 0.125094 0.969703     0.000000
2338.648689 0.125285 0.969755     0.000000
2338.648881 0.125477 0.969808     0.000000
2338.649072 0.125668 0.969860     0.000000
2338.649264 0.125860 0.969912     0.000000
2338.649455 0.126051 0.969965     0.000000
2338.649647 0.126243 0.970017     0.000000
2338.649838 0.126434 0.970069     0.000000
2338.650030 0.126626 0.970122     0.000000
2338.650221 0.126817 0.970174     0.000000
2338.650413 0.127009 0.970226     0.000000
2338.650604 0.127200 0.970279     0.000000
2338.650796 0.127392 0.970331     0.000000
2338.650988 0.127583 0.970383     0.000000
2338.651179 0.127775 0.970436     0.000000
2338.651371 0.127966 0.970488     0.000000
2338.651562 0.128158 0.970540     0.000000
2338.651754 0.128349 0.970593     0.000000
2338.651945 0.128541 0.970645     0.000000
2338.652137 0.128732 0.970697     0.000000
2338.652328 0.128924 0.970750     0.000000
2338.652520 0.129115 0.970802     0.000000
2338.652711 0.129307 0.970854     0.000000
2338.652903 0.129498 0.970907     0.000000
2338.653094 0.129690 0.970959     0.000000
2338.653286 0.129881 0.971011     0.000000
2338.653477 0.130073 0.971064     0.000000
2338.653669 0.130264 0.971116     0.000000
2338.653860 0.130456 0.971168     0.000000
2338.654052 0.130647 0.971220     0.000000
2338.654243 0.130839 0.971273     0.000000
2338.654435 0.131030 0.971325     0.000000
2338.654626 0.131222 0.971377     0.000000
2338.654818 0.131413 0.971430     0.000000
2338.655009 0.131605 0.971482     0.000000
2338.655201 0.131796 0.971534     0.000000
2338.655392 0.131988 0.971587     0.000000
2338.655584 0.132179 0.971639     0.000000
2338.655775 0.132371 0.971691     0.000000
2338.655967 0.132562 0.971744     0.000000
2338.656158 0.132754 0.971796     0.000000
2338.656350 0.132945 0.971848     0.000000
2338.656541 0.133137 0.971901     0.000000
2338.656733 0.133328 0.971953     0.000000
2338.656924 0.133520 0.972005     0.000000
2338.657116 0.133711 0.972058     0.000000
2338.657307 0.133903 0.972110     0.000000
2338.657499 0.134094 0.972162     0.000000
2338.657690 0.134286 0.972215     0.000000
2338.657882 0.134477 0.972267     0.000000
2338.658073 0.134669 0.972319     0.000000
2338.658265 0.134860 0.972372     0.000000
2338.658456 0.135052 0.972424     0.000000
2338.658648 0.135243 0.972476     0.000000
2338.658839 0.135435 0.972529     0.000000
2338.659031 0.135626 0.972581     0.000000
2338.659222 0.135818 0.972633     0.000000
2338.659414 0.136009 0.972686     0.000000
2338.659605 0.136201 0.972738     0.000000
2338.659797 0.136392 0.972790     0.000000
2338.659988 0.136584 0.972842     0.000000
2338.660180 0.136775 0.972895     0.000000
2338.660371 0.136967 0.972947     0.000000
2338.660563 0.137158 0.972999     0.000000
2338.660754 0.137350 0.973052     0.000000
2338.660946 0.137541 0.973104     0.000000
2338.661137 0.137733 0.973156     0.000000
2338.661329 0.137924 0.973209     0.000000
2338.661520 0.138116 0.973261     0.000000
2338.661712 0.138307 0.973313     0.000000
2338.661903 0.138499 0.973366     0.000000
2338.662095 0.138690 0.973418     0.000000
2338.662286 0.138882 0.973470     0.000000
2338.662478 0.139073 0.973523     0.000000
2338.662669 0.139265 0.973575     0.000000
2338.662861 0.139456 0.973627     0.000000
2338.663052 0.139648 0.973680     0.000000
2338.663244 0.139839 0.973732     0.000000
2338.663435 0.140031 0.973784     0.000000
2338.663627 0.140222 0.973837     0.000000
2338.663818 0.140414 0.973889     0.000000
2338.664010 0.140605 0.973941     0.000000
2338.664201 0.140797 0.973994     0.000000
2338.664393 0.140988 0.974046     0.000000
2338.664584 0.141180 0.974098     0.000000
2338.664776 0.141372 0.974151     0.000000
2338.664967 0.141563 0.974203     0.000000
2338.665159 0.141755 0.974255     0.000000
2338.665350 0.141946 0.974308     0.000000
2338.665542 0.142138 0.974360     0.000000
2338.665733 0.142329 0.974412     0.000000
2338.665925 0.142521 0.974464     0.000000
2338.666116 0.142712 0.974517     0.000000
2338.666308 0.142904 0.974569     0.000000
2338.666499 0.143095 0.974621     0.000000
2338.666691 0.143287 0.974674     0.000000
2338.666882 0.143478 0.974726     0.000000
2338.667074 0.143670 0.974778     0.000000
2338.667265 0.143861 0.974831     0.000000
2338.667457 0.144053 0.974883     0.000000
2338.667648 0.144244 0.974935     0.000000
2338.667840 0.144436 0.974988     0.000000
2338.668031 0.144627 0.975040     0.000000
2338.668223 0.144819 0.975092     0.000000
2338.668414 0.145010 0.975145     0.000000
2338.668606 0.145202 0.975197     0.000000
2338.668797 0.145393 0.975249     0.000000
2338.668989 0.145585 0.975302     0.000000
2338.669180 0.145776 0.975354     0.000000
2338.669372 0.145968 0.975406     0.000000
2338.669563 0.146159 0.975459     0.000000
2338.669755 0.146351 0.975511     0.000000
2338.669946 0.146542 0.975563     0.000000
2338.670138 0.146734 0.975616     0.000000
2338.670329 0.146925 0.975668     0.000000
2338.670521 0.147117 0.975720     0.000000
2338.670712 0.147308 0.975773     0.000000
2338.670904 0.147500 0.975825     0.000000
2338.671095 0.147691 0.975877     0.000000
2338.671287 0.147883 0.975930     0.000000
2338.671478 0.148074 0.975982     0.000000
2338.671670 0.148266 0.976034     0.000000
2338.671861 0.148457 0.976086     0.000000
2338.672053 0.148649 0.976139     0.000000
2338.672244 0.148840 0.976191     0.000000
2338.672436 0.149032 0.976243     0.000000
2338.672627 0.149223 0.976296     0.000000
2338.672819 0.149415 0.976348     0.000000
2338.673010 0.149606 0.976400     0.000000
2338.673202 0.149798 0.976453     0.000000
2338.673393 0.149989 0.976505     0.000000
2338.673585 0.150181 0.976557     0.000000
2338.673776 0.150372 0.976610     0.000000
2338.673968 0.150564 0.976662     0.000000
2338.674159 0.150755 0.976714     0.000000
2338.674351 0.150947 0.976767     0.000000
2338.674542 0.151138 0.976819     0.000000
2338.674734 0.151330 0.976871     0.000000
2338.674925 0.151521 0.976924     0.000000
2338.675117 0.151713 0.976976     0.000000
2338.675308 0.151904 0.977028     0.000000
2338.675500 0.152096 0.977081     0.000000
2338.675691 0.152287 0.977133     0.000000
2338.675883 0.152479 0.977185     0.000000
2338.676074 0.152670 0.977238     0.000000
2338.676266 0.152862 0.977290     0.000000
2338.676457 0.153053 0.977342     0.000000
2338.676649 0.153245 0.977395     0.000000
2338.676840 0.153436 0.977447     0.000000
2338.677032 0.153628 0.977499     0.000000
2338.677223 0.153819 0.977552     0.000000
2338.677415 0.154011 0.977604     0.000000
2338.677606 0.154202 0.977656     0.000000
2338.677798 0.154394 0.977709     0.000000
2338.677989 0.154585 0.977761     0.000000
2338.678181 0.154777 0.977813     0.000000
2338.678372 0.154968 0.977865     0.000000
2338.678564 0.155160 0.977918     0.000000
2338.678755 0.155351 0.977970     0.000000
2338.678947 0.155543 0.978022     0.000000
2338.679138 0.155734 0.978075     0.000000
2338.679330 0.155926 0.978127     0.000000
2338.679521 0.156117 0.978179     0.000000
2338.679713 0.156309 0.978232     0.000000
2338.679904 0.156500 0.978284     0.000000
2338.680096 0.156692 0.978336     0.000000
2338.680287 0.156883 0.978389     0.000000
2338.680479 0.157075 0.978441     0.000000
2338.680670 0.157266 0.978493     0.000000
2338.680862 0.157458 0.978546     0.000000
2338.681053 0.157649 0.978598     0.000000
2338.681245 0.157841 0.978650     0.000000
2338.681436 0.158032 0.978703     0.000000
2338.681628 0.158224 0.978755     0.000000
2338.681819 0.158415 0.978807     0.000000
2338.682011 0.158607 0.978860     0.000000
2338.682203 0.158798 0.978912     0.000000
2338.682394 0.158990 0.978964     0.000000
2338.682586 0.159181 0.979017     0.000000
2338.682777 0.159373 0.979069     0.000000
2338.682969 0.159564 0.979121     0.000000
2338.683160 0.159756 0.979174     0.000000
2338.683352 0.159947 0.979226     0.000000
2338.683543 0.160139 0.979278     0.000000
2338.683735 0.160330 0.979331     0.000000
2338.683926 0.160522 0.979383     0.000000
2338.684118 0.160713 0.979435     0.000000
2338.684309 0.160905 0.979487     0.000000
2338.684501 0.161096 0.979540     0.000000
2338.684692 0.161288 0.979592     0.000000
2338.684884 0.161479 0.979644     0.000000
2338.685075 0.161671 0.979697     0.000000
2338.685267 0.161862 0.979749     0.000000
2338.685458 0.162054 0.979801     0.000000
2338.685650 0.162245 0.979854     0.000000
2338.685841 0.162437 0.979906     0.000000
2338.686033 0.162628 0.979958     0.000000
2338.686224 0.162820 0.980011     0.000000
2338.686416 0.163011 0.980063     0.000000
2338.686607 0.163203 0.980115     0.000000
2338.686799 0.163394 0.980168     0.000000
2338.686990 0.163586 0.980220     0.000000
2338.687182 0.163777 0.980272     0.000000
2338.687373 0.163969 0.980325     0.000000
2338.687565 0.164160 0.980377     0.000000
2338.687756 0.164352 0.980429     0.000000
2338.687948 0.164543 0.980482     0.000000
2338.688139 0.164735 0.980534     0.000000
2338.688331 0.164926 0.980586     0.000000
2338.688522 0.165118 0.980639     0.000000
2338.688714 0.165309 0.980691     0.000000
2338.688905 0.165501 0.980743     0.000000
2338.689097 0.165692 0.980796     0.000000
2338.689288 0.165884 0.980848     0.000000
2338.689480 0.166075 0.980900     0.000000
2338.689671 0.166267 0.980953     0.000000
2338.689863 0.166458 0.981005     0.000000
2338.690054 0.166650 0.981057     0.000000
2338.690246 0.166841 0.981109     0.000000
2338.690437 0.167033 0.981162     0.000000
2338.690629 0.167224 0.981214     0.000000
2338.690820 0.167416 0.981266     0.000000
2338.691012 0.167607 0.981319     0.000000
2338.691203 0.167799 0.981371     0.000000
2338.691395 0.167990 0.981423     0.000000
2338.691586 0.168182 0.981476     0.000000
2338.691778 0.168373 0.981528     0.000000
2338.691969 0.168565 0.981580     0.000000
2338.692161 0.168756 0.981633     0.000000
2338.692352 0.168948 0.981685     0.000000
2338.692544 0.169139 0.981737     0.000000
2338.692735 0.169331 0.981790     0.000000
2338.692927 0.169522 0.981842     0.000000
2338.693118 0.169714 0.981894     0.000000
2338.693310 0.169905 0.981947     0.000000
2338.693501 0.170097 0.981999     0.000000
2338.693693 0.170288 0.982051     0.000000
2338.693884 0.170480 0.982104     0.000000
2338.694076 0.170671 0.982156     0.000000
2338.694267 0.170863 0.982208     0.000000
2338.694459 0.171054 0.982261     0.000000
2338.694650 0.171246 0.982313     0.000000
2338.694842 0.171437 0.982365     0.000000
2338.695033 0.171629 0.982418     0.000000
2338.695225 0.171820 0.982470     0.000000
2338.695416 0.172012 0.982522     0.000000
2338.695608 0.172204 0.982575     0.000000
2338.695799 0.172395 0.982627     0.000000
2338.695991 0.172587 0.982679     0.000000
2338.696182 0.172778 0.982731     0.000000
2338.696374 0.172970 0.982784     0.000000
2338.696565 0.173161 0.982836     0.000000
2338.696757 0.173353 0.982888     0.000000
2338.696948 0.173544 0.982941     0.000000
2338.697140 0.173736 0.982993     0.000000
2338.697331 0.173927 0.983045     0.000000
2338.697523 0.174119 0.983098     0.000000
2338.697714 0.174310 0.983150     0.000000
2338.697906 0.174502 0.983202     0.000000
2338.698097 0.174693 0.983255     0.000000
2338.698289 0.174885 0.983307     0.000000
2338.698480 0.175076 0.983359     0.000000
2338.698672 0.175268 0.983412     0.000000
2338.698863 0.175459 0.983464     0.000000
2338.699055 0.175651 0.983516     0.000000
2338.699246 0.175842 0.983569     0.000000
2338.699438 0.176034 0.983621     0.000000
2338.699629 0.176225 0.983673     0.000000
2338.699821 0.176417 0.983726     0.000000
2338.700012 0.176608 0.983778     0.000000
2338.700204 0.176800 0.983830     0.000000
2338.700395 0.176991 0.983883     0.000000
2338.700587 0.177183 0.983935     0.000000
2338.700778 0.177374 0.983987     0.000000
2338.700970 0.177566 0.984040     0.000000
2338.701161 0.177757 0.984092     0.000000
2338.701353 0.177949 0.984144     0.000000
2338.701544 0.178140 0.984197     0.000000
2338.701736 0.178332 0.984249     0.000000
2338.701927 0.178523 0.984301     0.000000
2338.702119 0.178715 0.984353     0.000000
2338.702310 0.178906 0.984406     0.000000
2338.702502 0.179098 0.984458     0.000000
2338.702693 0.179289 0.984510     0.000000
2338.702885 0.179481 0.984563     0.000000
2338.703076 0.179672 0.984615     0.000000
2338.703268 0.179864 0.984667     0.000000
2338.703459 0.180055 0.984720     0.000000
2338.703651 0.180247 0.984772     0.000000
2338.703842 0.180438 0.984824     0.000000
2338.704034 0.180630 0.984877     0.000000
2338.704225 0.180821 0.984929     0.000000
2338.704417 0.181013 0.984981     0.000000
2338.704608 0.181204 0.985034     0.000000
2338.704800 0.181396 0.985086     0.000000
2338.704991 0.181587 0.985138     0.000000
2338.705183 0.181779 0.985191     0.000000
2338.705374 0.181970 0.985243     0.000000
2338.705566 0.182162 0.985295     0.000000
2338.705757 0.182353 0.985348     0.000000
2338.705949 0.182545 0.985400     0.000000
2338.706140 0.182736 0.985452     0.000000
2338.706332 0.182928 0.985505     0.000000
2338.706523 0.183119 0.985557     0.000000
2338.706715 0.183311 0.985609     0.000000
2338.706906 0.183502 0.985662     0.000000
2338.707098 0.183694 0.985714     0.000000
2338.707289 0.183885 0.985766     0.000000
2338.707481 0.184077 0.985819     0.000000
2338.707672 0.184268 0.985871     0.000000
2338.707864 0.184460 0.985923     0.000000
2338.708055 0.184651 0.985976     0.000000
2338.708247 0.184843 0.986028     0.000000
2338.708438 0.185034 0.986080     0.000000
2338.708630 0.185226 0.986132     0.000000
2338.708821 0.185417 0.986185     0.000000
2338.709013 0.185609 0.986237     0.000000
2338.709204 0.185800 0.986289     0.000000
2338.709396 0.185992 0.986342     0.000000
2338.709587 0.186183 0.986394     0.000000
2338.709779 0.186375 0.986446     0.000000
2338.709970 0.186566 0.986499     0.000000
2338.710162 0.186758 0.986551     0.000000
2338.710353 0.186949 0.986603     0.000000
2338.710545 0.187141 0.986656     0.000000
2338.710736 0.187332 0.986708     0.000000
2338.710928 0.187524 0.986760     0.000000
2338.711119 0.187715 0.986813     0.000000
2338.711311 0.187907 0.986865     0.000000
2338.711502 0.188098 0.986917     0.000000
2338.711694 0.188290 0.986970     0.000000
2338.711885 0.188481 0.987022     0.000000
2338.712077 0.188673 0.987074     0.000000
2338.712268 0.188864 0.987127     0.000000
2338.712460 0.189056 0.987179     0.000000
2338.712651 0.189247 0.987231     0.000000
2338.712843 0.189439 0.987284     0.000000
2338.713035 0.189630 0.987336     0.000000
