339.019261529692 
323.335745766828 
349.962348727386 
355.223109035486 
383.160974731956 
353.951033637221 
354.279172631468 
359.218295731236 
356.399406045330 
394.554492715552 
345.523034198636 
348.193256756251 
346.835659454042 
363.885549749660 
362.342043696205 
384.930223705429 
365.531950072413 
390.162772879785 
373.686587071644 
398.359594183930 
349.782021007381 
393.475455788307 
340.368495801798 
344.358464718864 
334.421724484351 
326.451374876404 
359.796201196872 
338.800566961543 
374.421357273595 
413.419895122249 
380.940131554261 
341.163061524572 
347.639252226666 
337.426732646427 
320.250927053029 
336.450211858393 
397.861311743507 
335.155623274142 
362.756463866427 
391.464190856531 
332.847600915388 
375.013095691238 
310.065552276741 
395.554408875531 
334.489908820639 
389.572386434775 
385.554452437117 
353.537443966732 
381.933284999450 
399.113622457340 
375.543953988293 
357.317250679805 
378.958757678164 
355.346911982824 
355.024854174910 
336.336996311451 
376.087879748268 
376.466847654497 
327.551372389229 
357.172691130763 
347.975487639204 
345.922689946684 
348.521553796538 
359.085091054807 
381.708538200705 
397.516145129911 
350.551861835313 
297.597722106683 
384.227517277368 
349.067325071916 
375.087122989662 
371.381965581977 
353.352941146319 
347.023362014363 
389.983817368829 
353.555002505431 
311.804183442453 
363.965838435669 
317.968628624500 
371.660971321623 
353.740996548037 
307.050938510515 
353.538160733701 
351.014036802538 
335.005926263575 
351.833963161978 
390.046779219631 
339.058651888551 
358.028057709635 
372.668566275811 
357.264512482396 
395.677470717992 
406.155791401035 
353.772155387868 
362.438167795451 
345.619103335797 
365.273764911939 
434.283135120541 
354.830420591391 
337.901361869248 
338.194176000922 
345.343343595983 
375.750156814039 
376.466077524387 
357.594829396374 
357.599446410798 
359.801457312604 
347.017826849153 
405.406609196579 
343.854747214552 
347.547045057167 
363.383727137659 
363.786325863352 
354.652472492991 
375.676061782102 
376.112834360659 
372.651581774935 
356.555589415593 
371.507410433031 
344.620438884057 
385.153859361851 
412.398256080521 
334.222277909368 
349.490962641270 
395.885103000190 
362.413510252309 
333.130293204789 
373.605965433561 
357.041019474416 
358.533377510292 
377.583597423017 
346.130786045404 
358.759466018037 
323.245481919355 
383.445723179959 
353.401191857010 
365.454593295932 
336.764639819773 
349.384158135834 
391.672494741413 
356.799338145509 
375.002770796455 
335.393516121501 
361.799671587166 
367.687867022063 
376.075799476580 
354.918719490877 
346.439963291287 
364.923291347973 
336.335729331383 
345.970991588080 
355.787172735491 
376.831493622084 
300.173415318458 
343.615162618126 
357.681309436740 
347.519500330066 
365.688115863216 
325.638187716209 
361.422777442511 
364.336679710408 
350.347399030632 
367.577610750022 
337.353395055704 
393.338578695870 
366.238288851852 
364.710127069504 
335.590137049089 
336.717017216918 
365.074505465386 
368.977138541135 
410.889483705939 
348.104430544623 
334.886345877994 
354.269734574738 
353.004340666131 
334.878683924240 
369.281279089812 
349.551409000903 
358.529394081231 
437.976433368298 
370.202283733096 
370.366807523009 
357.478529945540 
366.237378563502 
409.244591664381 
348.306343410008 
364.311954974664 
387.572407527537 
384.847827770187 
336.586273551081 
374.880520168238 
359.127374030441 
367.310853771294 
374.225917303470 
345.501664754809 
368.359102558047 
380.887978188110 
371.085038089285 
398.532857432596 
347.864619998286 
343.423351481061 
400.223786047521 
357.958500212239 
329.145902000537 
311.926551730298 
367.754835971853 
399.785582570373 
357.913694407153 
370.149262610183 
311.841228757018 
391.619888951933 
349.235187359544 
305.004096067557 
342.885763324788 
357.391814199770 
372.693962810643 
334.928970809133 
327.120838783244 
368.336678794878 
324.295646026712 
369.855434055254 
346.131772770048 
367.210873032364 
345.146249374070 
327.302875021993 
342.876722179548 
375.064543498255 
338.545439748286 
317.497395436969 
353.613350188567 
384.100244330826 
368.289997239627 
370.421558892505 
366.447573055651 
378.452752617910 
383.255827850623 
325.746937239174 
387.008262049508 
337.652780488388 
359.666371461892 
368.100196928938 
363.153922875015 
371.839342277542 
353.935470903596 
376.461007025996 
344.304231895320 
362.111070844423 
338.213953957951 
328.932131083782 
336.090585517686 
347.191691334553 
357.308568829698 
341.037149997439 
343.317991017945 
366.461940763029 
396.452946443818 
366.143841403066 
359.374480507808 
357.979872866908 
375.061115167846 
338.296561385068 
322.989783296563 
334.035104934662 
335.737698975198 
354.986467818915 
367.072712243305 
385.597711946303 
383.587240334952 
392.524222156797 
367.391236420633 
341.391583761513 
348.998806498042 
355.178765203200 
392.011945095704 
373.079221389718 
397.117274511679 
346.254348512608 
391.018245618190 
385.337270653896 
361.431498066480 
400.431484391569 
364.004134161212 
389.960969452780 
371.895410209421 
332.611106812247 
355.376939839338 
371.338687227361 
382.660817856003 
340.861433420664 
347.045786188366 
357.860233731588 
385.144366117269 
361.586856076295 
335.661587338105 
387.617477812780 
423.859344449512 
384.874033687216 
340.281442740458 
343.696777699739 
0.327904985942 
0.340610192481 
0.024283637166 
0.199950398038 
0.520849919749 
0.104639519163 
0.145992398921 
1.085715057792 
0.078681207128 
0.344992906267 
2.215453132672 
0.066513562156 
0.849520330537 
1.011249746137 
0.224994015683 
0.752985799033 
16.368994319740 
32.090557312747 
0.080337675211 
2.311095573836 
0.743438587412 
1.611981515625 
0.116231956063 
1.973422134027 
0.312720676424 
0.111137040386 
18.877808329992 
0.178325476145 
2.046322114452 
0.956691238796 
0.153326533028 
0.039250790772 
2.971175883039 
0.980719723222 
0.020638892055 
2.696757307132 
0.159279021669 
1.790398065963 
0.306481844883 
0.409817377590 
0.348995094624 
0.420120841042 
0.157045997525 
0.153993269914 
0.087177858435 
1.161832859939 
0.179760408913 
0.105733479906 
1.682295152269 
1.707364628520 
1.433749893368 
1.166675700798 
0.078583127537 
0.208390899396 
0.041687892612 
1.771907458123 
0.029402483259 
0.024482378898 
0.102730742689 
0.057068960301 
0.295358179696 
0.113166920064 
1.495940998925 
0.399103792115 
0.206444064348 
0.304885732525 
1.010718638260 
11.504694746678 
0.719510065494 
0.019249809261 
0.406066174373 
0.294280734235 
0.974720512136 
6.674227377956 
0.266462624398 
1.347104348352 
0.495831875235 
0.756574897736 
0.303157885089 
0.451337584139 
1.418293008881 
1.126126946766 
0.396241791082 
0.261470548637 
1.827913736167 
2.719030144434 
1.250615844356 
1.006970883258 
0.496811511073 
15.351245970653 
13.440624595806 
8.333224229445 
6.080989234432 
7.682052934550 
1.299939483875 
3.583076656461 
4.704539576836 
0.752639649429 
9.343973416483 
3.893039166159 
0.388650297085 
0.084835911977 
1.142179687609 
0.352873422421 
0.384398715383 
0.040463925740 
1.230399658405 
0.619055831656 
0.132160722298 
0.496125630092 
0.053271091954 
0.114465960888 
0.343310205167 
0.082120822249 
0.061908835291 
0.103060630434 
0.296310260662 
0.099836516649 
0.072807082531 
1.088604512098 
0.407596473082 
1.377558660607 
0.103693574863 
0.529324284940 
0.617751511550 
2.549456874787 
0.767422079766 
0.894077061536 
0.881692578559 
0.728536218672 
1.449155467117 
1.372081953618 
1.463851798183 
0.057986760540 
0.178111902837 
0.087507000695 
0.618273968979 
3.191917854993 
2.920891582158 
0.660309760218 
0.554643136555 
2.128046262603 
2.377107772908 
12.740346284628 
2.325056238801 
0.923117731679 
0.274802800839 
0.082627251680 
0.198746364994 
0.121660403709 
1.336829982133 
1.078740109900 
0.471571090891 
0.089429848620 
0.129345335437 
0.588221554853 
0.237060503345 
0.911567739966 
0.199453622358 
0.524640268516 
0.400850148836 
0.339497303988 
0.339431577232 
2.867860684641 
0.802927333509 
0.417095187041 
1.084185149324 
0.431375909701 
0.381081630379 
1.388579050291 
0.177337427484 
0.258362391216 
0.296598077179 
0.975618226946 
0.284705433424 
0.078663716999 
0.011802345588 
0.462419713258 
0.248831645819 
1.512450679210 
0.999818586731 
0.199900119104 
0.420539912962 
0.189135163225 
0.044120930280 
0.404589329589 
0.137929741727 
0.327126265800 
0.319540093183 
0.786356262090 
0.119486551573 
0.292585500530 
0.010679048671 
0.015756000323 
0.212352440424 
0.143646906000 
1.254920463683 
0.200769229852 
2.486926324770 
2.679191748931 
324.944068379304 
340.454423346238 
346.674947870201 
350.974451382511 
354.504610456468 
339.850681809689 
340.561318326091 
333.036127928481 
371.173479958362 
360.878886773298 
346.364573687706 
353.524234482867 
377.871429314459 
371.683635226216 
342.298448290352 
362.847544983663 
350.186353652975 
361.833420366003 
362.959065151934 
390.177119839810 
358.102165305327 
347.963140209902 
371.457910033866 
334.366235944861 
360.395364436103 
369.830697873497 
403.936237855366 
361.090221918040 
373.009871405721 
349.293913441851 
321.147295252674 
337.554048748299 
365.689238288996 
384.567562426829 
360.275638467787 
330.242441125245 
376.821397967590 
343.593915932718 
355.760675713700 
335.565782004308 
377.576339295623 
338.640443934620 
386.877012254096 
380.967839295815 
383.332471155481 
358.276155965477 
390.856966675768 
350.877648486634 
367.892301696456 
348.436617833170 
374.689300499264 
357.036980359422 
335.353561939200 
355.933005755196 
343.274189734791 
377.612344768328 
342.550973422780 
375.039030951991 
360.478793734051 
319.290630130206 
356.058987798850 
371.836548954835 
356.805463743505 
374.605704072682 
372.041218833233 
361.614198385242 
358.346386309920 
365.405394867474 
372.101677335045 
365.325217337956 
358.760443281463 
362.713749449704 
328.737735912977 
329.262005969387 
346.293646186912 
341.128450861700 
342.664134744744 
344.519958695345 
388.601814238881 
355.283916556602 
371.023803330510 
379.434520068669 
396.343729323532 
337.153922518531 
371.931560616132 
377.379724262376 
369.144303795085 
353.961094734228 
398.756689899314 
377.133691309250 
310.981375032029 
379.307863416521 
369.383152578275 
366.849147963525 
352.476393292417 
335.547206560848 
342.725304021066 
349.743319467441 
403.158531672197 
360.206779277390 
329.314440359796 
283.163301265861 
361.162440322976 
354.245182323757 
366.141630118010 
376.138801274877 
360.520448141880 
381.257505516932 
362.737645686833 
364.906684116763 
363.717494842611 
372.527533321260 
362.382834381816 
361.770610142293 
354.443290860114 
355.760528978906 
352.139256202720 
345.300380136640 
396.956750545178 
404.588083961265 
371.031352535838 
352.559502503066 
365.310910878073 
352.757942120896 
376.107728496357 
376.271205047074 
347.006571972624 
350.564813525000 
358.698455967839 
345.757757841334 
383.129032370463 
347.093142601884 
325.082297266114 
353.279551167700 
367.429377593605 
395.374044322283 
362.607648655627 
349.032720160793 
354.947293274150 
336.746751408858 
359.125893481637 
407.835307733832 
377.425060820786 
391.252119422435 
349.411920176701 
357.096303818551 
399.633091708904 
359.169455398107 
342.550128486913 
380.304079578505 
322.640979298070 
334.250180476505 
338.624879923642 
378.212403708751 
371.640366249773 
385.847440920113 
374.483938985600 
383.998918898507 
371.764953200631 
380.490285202783 
363.864923412470 
368.556102986776 
371.515690500778 
344.216301072526 
352.351115028278 
385.319080888427 
343.255293412224 
388.434852717751 
343.786178715829 
349.648097458579 
361.918674525921 
376.468187996839 
374.978101918392 
359.961606329891 
385.437764736609 
371.102774016052 
339.956421127524 
362.823282230164 
378.578242609598 
341.332580997149 
339.328488105600 
363.845147440966 
360.781294919393 
367.971464674910 
332.706815737019 
346.671949294928 
373.365352551993 
333.340170888749 
350.703039807555 
332.858066655189 
362.402369203936 
358.383046629902 
389.377824741770 
322.581197551938 
363.846301224714 
367.826385913328 
364.925865580551 
353.836669469702 
386.301182840410 
336.376356604424 
347.981983458098 
348.194621814814 
376.129746244407 
378.391825623830 
353.836889839958 
335.580597670269 
348.511754776881 
386.096691450651 
401.300567133804 
343.069138336296 
350.653693778539 
367.606612112547 
311.845297645597 
364.855791407209 
378.908038951744 
347.062821329427 
404.857737489091 
353.476594823272 
370.640428500740 
395.782285368470 
365.178665794737 
357.569456632594 
379.082371061162 
332.405362533163 
336.060901156068 
369.061739399114 
369.685536150995 
353.834798273114 
356.000202041058 
327.772157305872 
335.303171169941 
365.507406127429 
386.408895721769 
313.725927873190 
399.222029206880 
373.542513965129 
397.930481337603 
346.166791944407 
350.411953172875 
344.961900412412 
362.181431988598 
357.819330216808 
353.036098207123 
379.058001031835 
378.002136252480 
343.169107000398 
349.803280884761 
337.577283835634 
320.287552448376 
351.258296409411 
379.557783618787 
355.978719494967 
324.729105147553 
369.858756226027 
397.778677631501 
366.194229572987 
370.333780415181 
393.923224179711 
354.901155153971 
346.909637652445 
334.195876743062 
368.251851587162 
370.757671507852 
352.777611397344 
391.095828838308 
384.651248381631 
315.753149180545 
383.567949004329 
353.286760953869 
349.273780538927 
358.046633037234 
356.938003176090 
397.168756723154 
347.874644085508 
343.223366272334 
325.846521582616 
320.987312493543 
367.150334666344 
347.280695065255 
371.700356736538 
344.533601708756 
347.727873545869 
334.124038772415 
356.997147300891 
363.850359649181 
380.608695505990 
306.599367379120 
324.883227105280 
376.288002223462 
337.142542675328 
348.525254812713 
338.257570594608 
344.110800789736 
388.583549514204 
347.287694938071 
369.768064798268 
370.721834198527 
424.736467773651 
323.836615010292 
397.439092088234 
356.537054653500 
378.895660096824 
401.198735730664 
350.404617692911 
375.644248008399 
360.766706554396 
339.872015320599 
359.329544432366 
371.169907562197 
368.868735252618 
376.137782320274 
372.146080470746 
315.542261379988 
328.830062860047 
370.207827969822 
393.078446956731 
361.905598705315 
349.532166668541 
306.545236010408 
390.041818382661 
323.963223185259 
348.232263395074 
342.788038033180 
338.648424757230 
328.274979022938 
395.230438933800 
345.048503809256 
311.106937775425 
349.147566952388 
376.104032939232 
427.916164025189 
369.991522040632 
381.441300999414 
376.682047750286 
360.987807649947 
356.492039788329 
382.457738572727 
389.788992713778 
360.972778428877 
344.504247756606 
373.822245582517 
364.680597975857 
367.018392115956 
371.414525401820 
329.405490897276 
358.364747963683 
395.277021587448 
364.896206408134 
345.601287974387 
334.934194491509 
392.563143016092 
384.988597799432 
376.400525912153 
362.243373819420 
357.629609020743 
391.630149372352 
398.591791339220 
398.115336007198 
397.106134251917 
359.273130527519 
347.258401337553 
381.268385482515 
346.790196427460 
361.055632793347 
343.744083135569 
325.282156965655 
350.017664789891 
372.512225071816 
383.483868666211 
358.434879663933 
390.107691207373 
331.907805682073 
408.666903799482 
365.812176398492 
352.813622258129 
349.485810238896 
372.719894545191 
373.097135415666 
357.547499626822 
341.097261072662 
436.715005060742 
348.150296760667 
364.356619775745 
374.099683832406 
360.349001588637 
330.538246879337 
377.016527498690 
355.452444350422 
382.563177717289 
351.892813716138 
338.061513380997 
342.829617236183 
395.773032616036 
379.683352507549 
366.615592576447 
358.015923085955 
351.820559508316 
366.800426361568 
368.216981308569 
327.406799952556 
402.648898585565 
400.237524191228 
361.875053963926 
359.538643885618 
314.795408528291 
384.724268040765 
365.907292076257 
353.309580851872 
403.845093873389 
379.610232920277 
347.604173431389 
339.566080801828 
365.286813483074 
374.903872237032 
364.960150235280 
375.943261401029 
373.006553628739 
336.788870240859 
363.616550384765 
410.243898411960 
441.887374228569 
342.227892484426 
361.095188869816 
339.107548320025 
347.456316648252 
423.510436764282 
344.558137872402 
368.874640012917 
345.667334660587 
338.642147690950 
362.242877729421 
368.972843712783 
374.675929770461 
365.805066359404 
389.227952882283 
321.489632367131 
331.315759273370 
348.643794122006 
342.064799990915 
363.777799014994 
328.718829859069 
352.217455970061 
367.315772324641 
378.373493538264 
394.167542921441 
369.000807351260 
369.760431806599 
321.782929565154 
371.454761452523 
376.064917846233 
397.375599317053 
402.760812870423 
368.852781487828 
386.311293783465 
367.824810486608 
359.401760183610 
313.195353201032 
377.757737484706 
392.564818774585 
362.661969413179 
345.589035356091 
317.583977997897 
319.676290875315 
368.011621959120 
387.337126241317 
396.742950763498 
359.615683468895 
363.538427364056 
340.935408057991 
348.320290700179 
379.153579847000 
399.980894628177 
334.725280521329 
358.353334758421 
359.775631569288 
347.085097316333 
352.208614315960 
389.409482291172 
345.355315688452 
338.647503183515 
381.362895307814 
388.589961455534 
345.328133386597 
316.650829340872 
375.345318747398 
359.719543054085 
362.230292048553 
340.925164021326 
369.064813659910 
391.943093502095 
340.805929318797 
407.838595058866 
341.604510861463 
366.496716612715 
380.325577066690 
374.034726616463 
387.261442649349 
369.493231563634 
381.599945563981 
378.231187591721 
381.433446646274 
362.016319864155 
354.211317579386 
354.824200533006 
363.533355221075 
344.995339820710 
388.910403828668 
345.552158487815 
369.750737569913 
324.712679457021 
341.174310482392 
345.931011489097 
348.844632897350 
349.836340664084 
362.428002229966 
324.021793484384 
365.842436722222 
337.379800369293 
372.674252308427 
341.884682746979 
357.332706700666 
391.475504110428 
400.508035319482 
356.401192870354 
366.369597039594 
346.146501198887 
358.419068413814 
354.316005942551 
360.249453220054 
368.483650013739 
377.404874466964 
367.003271840220 
353.687404815867 
379.970019263194 
399.998092566994 
347.861039725143 
331.681612690465 
348.481776740640 
390.456741490106 
396.996176213051 
315.064324981832 
375.767760478480 
370.751202338906 
349.373698247258 
347.508818621101 
368.681897366666 
333.994120919824 
351.526827542478 
344.428369461164 
350.559902375926 
358.028311296679 
366.589033047699 
358.247961159129 
358.294381944442 
357.423251906243 
362.528050536744 
378.826643203290 
364.115251154843 
384.961753580782 
381.429987529872 
363.355545230159 
343.116605538858 
359.269248540873 
330.344637138188 
380.522956845064 
332.659432022978 
382.237558519683 
363.556733230566 
341.502892802341 
336.988108054631 
367.127412333647 
355.530362870286 
325.794066188223 
382.651794303391 
344.881920943346 
385.816052781487 
385.667239363427 
389.184854943790 
398.998278004219 
360.317742160516 
371.748625453757 
356.303140300993 
372.960539788378 
357.975531591300 
379.397599221566 
345.233769575586 
341.750293486083 
376.019901143948 
376.996350366894 
360.790160277442 
362.074569045618 
355.533438717874 
359.379380927149 
352.347498393561 
361.898478909678 
317.358796524979 
348.548831281130 
339.171784669432 
370.207583607031 
376.468345440172 
366.098537415790 
363.061411625622 
332.198665211437 
369.048627602825 
349.709364419523 
331.628474403421 
383.458059151553 
390.334834227467 
379.383409982733 
362.819648486560 
319.042562858593 
377.652858953768 
366.050608333706 
369.883779165521 
376.739621540604 
371.167847976155 
373.040501836526 
355.007389218383 
368.802834603703 
376.452058373237 
318.616509321133 
345.369181790132 
363.035742176401 
374.463436404445 
400.543474034427 
383.373380242276 
391.066778452384 
350.794614728632 
349.999021824654 
395.919439797190 
368.542378048554 
334.582393170907 
351.863464123443 
365.414396527862 
352.613290658216 
410.783127749756 
367.303937101017 
382.172479537446 
387.472233978216 
368.205481263165 
369.466288779181 
360.637770008037 
368.568522474171 
365.770326589768 
361.326049599827 
377.287492655019 
369.934101939914 
362.666438776265 
348.143711807861 
403.332706665054 
361.556813756872 
374.326240411960 
361.557124319878 
342.607121968520 
371.246793870700 
354.318913598082 
347.317264906604 
371.174930992863 
357.908002978862 
336.643945209015 
353.064392489474 
401.519440229293 
405.383926173012 
422.136115122535 
369.466305000697 
385.534630863178 
354.747157570016 
346.125244795237 
337.795746554609 
379.135959415567 
329.391963078413 
391.051506360513 
372.909417953647 
381.170543001622 
393.328859249423 
381.013489961551 
333.766402022735 
337.981302567820 
346.914985406166 
331.801934612116 
338.816226056796 
350.629186713520 
357.511501782098 
360.876061798031 
387.382487461462 
347.296567023230 
305.568353698590 
379.125461692712 
375.326288083044 
344.113824114678 
352.621431100036 
345.492006100160 
356.158193313511 
377.177957078772 
328.084741385222 
349.064903262381 
370.742330665347 
355.003980657981 
386.725985600098 
362.896709965252 
383.086876451581 
362.910052777412 
330.971801892422 
370.064380173156 
359.541158459412 
341.363310853916 
364.032348226808 
383.091994593905 
384.410005693523 
362.340711313084 
380.101249163555 
337.575166329095 
407.243650423992 
351.667518683812 
351.989740599925 
354.204915952955 
365.316111352150 
364.022596319202 
379.882530913611 
331.626692305791 
351.198310819150 
352.939106064566 
355.796901196095 
351.326356414703 
409.096104486284 
347.898358184959 
329.993704109307 
397.041199594037 
359.492066819845 
366.287885183930 
367.207426325673 
351.449458575767 
341.262341781753 
350.336154102504 
329.861669540770 
375.332220159128 
365.989218797591 
389.625944133395 
374.668709139696 
371.175155207617 
350.282646685515 
324.311437308260 
394.977896058505 
359.635751260335 
357.854469526656 
380.496727660028 
349.817636340489 
378.670026722148 
330.695031106489 
377.576452914979 
338.446926871872 
354.021156823118 
353.134594920190 
364.234623568231 
335.372519252115 
371.645676922423 
336.702730039013 
372.121324067462 
384.589776339393 
378.326191318434 
369.256384935646 
368.386154809201 
317.786244726556 
404.627493540228 
376.266217151372 
338.959401399112 
361.026957362382 
372.862610835649 
381.308154194896 
326.484914186361 
364.463242858356 
378.355781276348 
381.279635246135 
382.124529379680 
333.181746175014 
353.033267412990 
355.790304307276 
338.930455558054 
339.496029531012 
331.417141303177 
359.303941872790 
369.769331143243 
364.529027044610 
387.715049399765 
370.342543582885 
340.716412665179 
361.813727022161 
381.797564071776 
345.711117526916 
364.909710068198 
348.868604619536 
331.361381940950 
360.223827468206 
382.084214334430 
390.824480091715 
349.111689998899 
366.625257060337 
354.491992114272 
347.756042240473 
359.345668919580 
368.678141911707 
334.074384795996 
348.884076269458 
361.910906565044 
355.204143230833 
365.240243068081 
375.551363041120 
343.186638939220 
333.099607290275 
371.887922474950 
364.680887692947 
373.173788822395 
364.224879495119 
387.738880378534 
386.389363251146 
383.566888742263 
355.696521519399 
356.763914532205 
382.613098774409 
357.119807883134 
372.897661296432 
354.043726219712 
338.100617372897 
348.206427626530 
365.301459001009 
343.262131448967 
364.016741316603 
401.664218610900 
356.981943133732 
362.415483790280 
356.317027509023 
321.261512997614 
362.648905483223 
420.421440505416 
347.944588475494 
356.337873883374 
373.748913617187 
360.022569807224 
333.996994476461 
359.227800540565 
346.667516139493 
378.869565322134 
370.227720256972 
345.877727823142 
334.772026936033 
396.282407885672 
349.192851480426 
298.925366501236 
358.317627661630 
356.253500431575 
299.294693391553 
333.474989528551 
329.368035116007 
349.025811149660 
375.915313525355 
343.612016744961 
345.376090985562 
363.746465898282 
360.613885735129 
359.284538733356 
374.976304915237 
380.176967434921 
365.655475148629 
360.068488346165 
347.439826699456 
370.602076157558 
346.321067931507 
386.785417270294 
375.796450828766 
365.253073317991 
378.115433073791 
337.297912597078 
394.939819201726 
379.201345435153 
382.985396031484 
339.916102771068 
368.255388621140 
322.003932915214 
358.669999178267 
387.072052728591 
342.647640918670 
331.076924081663 
322.222965395157 
361.767932803461 
313.703146547223 
374.666541207355 
403.348391720143 
342.802246481886 
385.263037899780 
347.397395024781 
333.311773551373 
355.964272254187 
370.979695227557 
348.756079502856 
367.815512770908 
380.502833565914 
348.923776270978 
344.188399248847 
356.492250778099 
385.128738975910 
371.840915647023 
357.406909417463 
369.384379026598 
359.002327688758 
399.854045903950 
355.808439576339 
342.799592356533 
336.344317336466 
335.783715559737 
354.717502721053 
347.823756504397 
349.742730970762 
361.361694310119 
384.168148374845 
327.634615885304 
353.042691408519 
370.221617192215 
347.964348691973 
367.863904855192 
337.734428006546 
375.704746590358 
293.029658203686 
371.354676693875 
396.827416779257 
361.665551363109 
361.401464762794 
366.557557596269 
367.547608519936 
369.388460050937 
341.387807056571 
355.368587049112 
400.157459530824 
330.393705624522 
360.592760457426 
400.475406625367 
368.738178726384 
363.115001768791 
362.853899935617 
345.196572974556 
382.634490026116 
356.087931863366 
348.844072077203 
337.709232563192 
388.528950739704 
366.276139379274 
353.578592657842 
384.825805051645 
354.121744145988 
383.239072843364 
329.720445589768 
354.941547225723 
365.426493230383 
384.193055327504 
377.088010889944 
385.486715540259 
388.017633980883 
367.008382951731 
381.617124808153 
319.331682773499 
359.596026089377 
370.375425485321 
356.072859939502 
374.777179202699 
341.099799257568 
366.853889437895 
359.235020553433 
377.995652486874 
392.347817715554 
389.036807513873 
379.476655331207 
358.872287452677 
333.905029117564 
332.364106414324 
356.812787253733 
352.679425378062 
353.827180282227 
383.760863026482 
379.940536141934 
315.261236950123 
346.960004453887 
340.573661329501 
392.774449571166 
397.563183579879 
358.122689320392 
392.889655909989 
383.481686137859 
373.562070501906 
376.740685381892 
355.086243927349 
385.508100107135 
351.356765854454 
414.577345055257 
356.642554410936 
399.657674127512 
386.517860629286 
341.375636252901 
380.921280092375 
395.951129947548 
353.578545303992 
350.180707778396 
345.062284014421 
371.561606639669 
367.471438523448 
381.939519850872 
364.137697030937 
345.384071007275 
347.891042443784 
390.161733857199 
327.401461818668 
355.290883158678 
393.895146318919 
361.434152332533 
381.717745920436 
325.036775091474 
328.027736790337 
363.845674203288 
396.777700288290 
351.604580561209 
393.207266801931 
344.533198341408 
357.889630939099 
334.577462558252 
397.197797246307 
368.992652324283 
354.342515713809 
326.940461743612 
393.033784200926 
333.656115509959 
362.781037517270 
378.196986324560 
374.203688058766 
359.377136687069 
354.734486131266 
341.288216724735 
350.565752288566 
338.060364042605 
338.989786834572 
392.030878688568 
363.465088520154 
366.514422496324 
366.398951620800 
360.559497804835 
379.028708414478 
363.876717862259 
411.761067369771 
376.849218761308 
323.079853993390 
350.233823229336 
356.495297798931 
381.979223478084 
364.480470867000 
346.664134307771 
376.551350150023 
355.578789013468 
387.549461652740 
340.173935584684 
327.983648027782 
395.086464921940 
381.470088018638 
389.084119078961 
346.262191017004 
353.014489223643 
369.402709464138 
355.328952601677 
326.704540773105 
380.567182507989 
380.042266273514 
323.751596199728 
375.020788153825 
369.118792209655 
376.563732073203 
367.277686617538 
323.714721091358 
372.164931461153 
329.199325305136 
352.298569578727 
381.472288115194 
376.881441651110 
367.313841732992 
342.272721619703 
364.083851204964 
344.159485232452 
335.996101795066 
379.908411961736 
380.889517569154 
393.464856967181 
348.913633033100 
352.442168918235 
377.221067377328 
381.403179577578 
376.714478883935 
357.979435316848 
388.037418338798 
361.478983436743 
338.064525074271 
361.315643396416 
418.463581691748 
362.948763477436 
334.526875979135 
334.732846515781 
370.493550714538 
369.311020479021 
349.296110634875 
391.734884677716 
345.109075611690 
319.770498988595 
372.775510659524 
350.255735069379 
349.045890934958 
357.975062319017 
365.501208459272 
356.820215454222 
364.192932723291 
366.214655367349 
367.265916950136 
343.700026608360 
337.528396805754 
362.515377856616 
374.252903488232 
360.144097164679 
375.633557344110 
361.228114140054 
342.613827280929 
379.676715381411 
339.863244616523 
425.561262215359 
363.432878456552 
337.071598602905 
343.382060121401 
353.564843091099 
378.325860543216 
360.949210294616 
374.390626570319 
347.688953200834 
381.715282728785 
318.562827487848 
382.985690174216 
333.617443634561 
323.833810735301 
338.633077333999 
362.146910007380 
358.373286792295 
365.349611514922 
359.582522945384 
344.725059730092 
354.254164853032 
382.456151992045 
358.835518704057 
431.726091251524 
339.354930625625 
356.213660435482 
348.557396732784 
361.869286701747 
385.882645497178 
374.860336353596 
370.590565072582 
337.098493046376 
347.283084714354 
374.180807088474 
375.382049055061 
380.348320249644 
386.074532994434 
338.422003812077 
378.066219002848 
372.619587950573 
362.377105841463 
345.325930610528 
383.285992190083 
376.160661254805 
351.844829173830 
373.401882282417 
382.171956844171 
340.704506812676 
382.996073926814 
362.587761035604 
406.199523127017 
371.786307129289 
343.904537264684 
338.934023830073 
370.924686300374 
382.946994821224 
374.388899704746 
381.646145210660 
386.614823479360 
353.553009692705 
365.254569915937 
347.441785171699 
345.136694212819 
380.393034545410 
352.850742600946 
379.660637996716 
347.542282483301 
372.867452315483 
394.172951519520 
340.463189893966 
359.093088309713 
380.831488791541 
335.226305860315 
367.010000717300 
367.422267903812 
350.547678614136 
346.697567047401 
383.821030930602 
355.007461045298 
318.439601592413 
332.743100021969 
412.426956832242 
342.813027565383 
306.295803918828 
331.119352143846 
386.473773126265 
339.607424722419 
329.551902141935 
382.267152074724 
353.560064178308 
368.924883051411 
367.478915454293 
357.010955455594 
367.161309419886 
380.321709086208 
357.344945187849 
382.909894390465 
366.185035437039 
371.690601246771 
314.063502100098 
366.199112747067 
337.364068183014 
346.862217057139 
358.476780783198 
372.799648750145 
370.772171304744 
329.413162267810 
350.776773240984 
343.432984688137 
356.083632557132 
320.025450335478 
355.893523847007 
373.879185912833 
317.681426028838 
382.765240027287 
383.828418212791 
351.896789573135 
368.768592699212 
366.857351572163 
349.298844439163 
332.944546588474 
372.801618867502 
376.722100117773 
341.622085896491 
351.247012412405 
358.171024639574 
370.062815936865 
361.326697776387 
393.906743127095 
365.988470808229 
395.667681345315 
387.530297108916 
338.919977291531 
367.224401618987 
356.320353779119 
366.193402923913 
367.354235719871 
367.033404102237 
361.095664025393 
357.610251502075 
370.327924977661 
346.719926265027 
368.112271238285 
358.750699779720 
346.342837360675 
369.727678186388 
350.535062197346 
331.565891164213 
380.950630938311 
356.230701880398 
380.760623829772 
378.991855443915 
357.074272378239 
354.018985512300 
366.675904983068 
372.932380723558 
401.561692777423 
389.499340621631 
357.689241500408 
358.833277408536 
364.349857899545 
344.335674289746 
354.632611960319 
393.354454526465 
381.400973046738 
343.891597446195 
375.876252262393 
362.892286026170 
362.182094611195 
384.878263139975 
398.208291757675 
361.836080046884 
353.678884600471 
344.374498125935 
339.097762216939 
330.941613053506 
333.296631563030 
319.804182760010 
349.606154736725 
348.814786073678 
401.231570934349 
345.269220671888 
332.697150874286 
397.283351955118 
381.547722028128 
327.270716124584 
373.170699922667 
402.211686549118 
428.276064932281 
388.785527768817 
361.948250786757 
348.259133081148 
305.522052995734 
376.370089659491 
384.555776773613 
395.716693313321 
369.736807568395 
383.122560212326 
350.879411536898 
395.058251257822 
380.480015135462 
336.904202868090 
369.151810942493 
364.973601951176 
360.289435896604 
344.619218773552 
345.316316025719 
352.636004284334 
380.965327202601 
348.648559794311 
361.426244134398 
352.043375669696 
392.041002437117 
369.983784409194 
366.434978788677 
331.294658768387 
360.628499167484 
344.882922055790 
351.495846435505 
328.092032301461 
355.962657430845 
327.553371956708 
362.228660041087 
396.902275221362 
337.024028802331 
363.784934085535 
352.261549550831 
376.685318438782 
302.540654097125 
350.076833258738 
334.397754818606 
339.848827409145 
354.818436731638 
367.896272973200 
340.527151403280 
379.153599599013 
339.064663347649 
372.556646286632 
363.515083219211 
365.957730747002 
368.248038454744 
338.726160784418 
350.218743742600 
362.956841033685 
354.726309318872 
372.418215505622 
370.199186390416 
359.869774498815 
380.137954598327 
354.038866948989 
330.926934224860 
370.957644262581 
357.900572499510 
346.714891972122 
379.800904487351 
327.514890779722 
353.963971211229 
375.520004653941 
325.827961575692 
393.960480270310 
351.717194713816 
359.831162198165 
335.171952767410 
351.978514717475 
356.940957701051 
400.700545388408 
362.365499812751 
364.957612195627 
337.779070578761 
336.697752408565 
363.030316594078 
367.703399680988 
355.106087718641 
330.079802802655 
338.313448667374 
362.620847662882 
346.263371073423 
358.510895977242 
307.084456755192 
362.732707687187 
390.189106462527 
333.574723154278 
390.459853156680 
380.167359140091 
406.801058799249 
365.390204869736 
357.853718057764 
359.856673758325 
366.594265914084 
369.732185308729 
346.026957382319 
366.385819069102 
362.189618980335 
367.169525119763 
378.218058115705 
326.202312303064 
384.499784768098 
357.880451141738 
349.518991394670 
374.635498003678 
380.649774225958 
375.042261974487 
314.480651245725 
401.096814882139 
394.390858271290 
354.005838828258 
346.938783901945 
349.773022319693 
327.940623860223 
374.588586537629 
364.117834034550 
334.466412827495 
395.685407302119 
365.180453495809 
360.799995274245 
356.799424162278 
386.471891489203 
376.828986214813 
353.649706714303 
340.873698924231 
367.853920630899 
348.645612444406 
368.123821340600 
386.055851030013 
366.239471411504 
366.680250426879 
335.949131287936 
315.258056491275 
357.577529219355 
373.272488372607 
344.381176915285 
360.789710534117 
336.834424973623 
348.469114470660 
362.322741899841 
378.002504586872 
345.011041221479 
363.043527147050 
332.316596563388 
335.693725377792 
356.252997555096 
395.155533505992 
346.482747771154 
379.104125309743 
401.763235177001 
386.250747498303 
331.325845642397 
361.659861801154 
400.120547272648 
308.957849705585 
353.525476290814 
372.995927398755 
364.920828145101 
376.803739791155 
354.552715360680 
338.033737891832 
322.167208523805 
330.111336681066 
364.985346115327 
346.042774807521 
346.893989876649 
359.582234444520 
372.507872169228 
358.639872630302 
372.785539734837 
348.463307921695 
403.561865369358 
373.402108671048 
363.343252352322 
377.048590748823 
362.396482929134 
368.526194090011 
331.943465552449 
369.256189705788 
351.340301805420 
