# epoch Tc_folded Tref_folded value value_err offset model full_model val_compare val_compare_err residuals residuals_err jitter jitter_flag offset_flag subset_flag 
2454294.509154 -0.456174 0.048053 -2086.500000 3.300000 -2273.768318 194.445877 -2079.322441 187.268318 3.300000 -7.177559 3.300000 8.814956  -1  -1  -1 
2454298.371154 -1.031251 0.788839 -2232.000000 3.700000 -2273.768318 44.327836 -2229.440482 41.768318 3.700000 -2.559518 3.700000 8.814956  -1  -1  -1 
2454298.602954 -0.799451 0.893322 -2118.000000 3.400000 -2273.768318 155.558905 -2118.209414 155.768318 3.400000 0.209414 3.400000 8.814956  -1  -1  -1 
2454299.608254 0.205849 0.346458 -2393.100000 3.400000 -2273.768318 -111.348108 -2385.116426 -119.331682 3.400000 -7.983574 3.400000 8.814956  -1  -1  -1 
2454300.352554 0.950149 0.681949 -2370.200000 3.400000 -2273.768318 -88.093781 -2361.862099 -96.431682 3.400000 -8.337901 3.400000 8.814956  -1  -1  -1 
2454300.614354 -1.006590 0.799955 -2212.300000 3.500000 -2273.768318 57.991783 -2215.776535 61.468318 3.500000 3.476535 3.500000 8.814956  -1  -1  -1 
2454301.362054 -0.258890 0.136978 -2143.700000 3.400000 -2273.768318 135.363089 -2138.405229 130.068318 3.400000 -5.294771 3.400000 8.814956  -1  -1  -1 
2454302.387154 0.766210 0.599039 -2446.400000 3.500000 -2273.768318 -167.021543 -2440.789861 -172.631682 3.500000 -5.610139 3.500000 8.814956  -1  -1  -1 
2454303.615554 -0.223928 0.152737 -2155.500000 3.500000 -2273.768318 119.843884 -2153.924434 118.268318 3.500000 -1.575566 3.500000 8.814956  -1  -1  -1 
2454304.386054 0.546572 0.500038 -2470.500000 3.500000 -2273.768318 -202.206039 -2475.974357 -196.731682 3.500000 5.474357 3.500000 8.814956  -1  -1  -1 
2454306.368354 0.310333 0.393554 -2420.600000 3.800000 -2273.768318 -155.747388 -2429.515706 -146.831682 3.800000 8.915706 3.800000 8.814956  -1  -1  -1 
2454306.581054 0.523033 0.489428 -2463.800000 3.600000 -2273.768318 -201.449263 -2475.217581 -190.031682 3.600000 11.417581 3.600000 8.814956  -1  -1  -1 
2454306.608454 0.550433 0.501778 -2464.400000 3.300000 -2273.768318 -202.244450 -2476.012768 -190.631682 3.300000 11.612768 3.300000 8.814956  -1  -1  -1 
2454307.367654 -0.908905 0.843986 -2159.300000 3.400000 -2273.768318 108.711971 -2165.056347 114.468318 3.400000 5.756347 3.400000 8.814956  -1  -1  -1 
2454307.495354 -0.781205 0.901546 -2105.700000 3.300000 -2273.768318 162.028189 -2111.740130 168.068318 3.300000 6.040130 3.300000 8.814956  -1  -1  -1 
2454307.583354 -0.693205 0.941212 -2079.500000 3.300000 -2273.768318 186.882080 -2086.886238 194.268318 3.300000 7.386238 3.300000 8.814956  -1  -1  -1 
2454308.370554 0.093995 0.296040 -2326.400000 3.300000 -2273.768318 -53.208794 -2326.977113 -52.631682 3.300000 0.577113 3.300000 8.814956  -1  -1  -1 
2454308.595454 0.318895 0.397413 -2446.500000 3.300000 -2273.768318 -158.830174 -2432.598492 -172.731682 3.300000 -13.901508 3.300000 8.814956  -1  -1  -1 
2454309.400754 -1.094343 0.760400 -2285.900000 3.400000 -2273.768318 8.547267 -2265.221051 -12.131682 3.400000 -20.678949 3.400000 8.814956  -1  -1  -1 
2454309.512854 -0.982243 0.810929 -2218.100000 3.300000 -2273.768318 71.203836 -2202.564482 55.668318 3.300000 -15.535518 3.300000 8.814956  -1  -1  -1 
2454315.567954 0.635780 0.540248 -2475.900000 3.800000 -2273.768318 -196.941193 -2470.709511 -202.131682 3.800000 -5.190489 3.800000 8.814956  -1  -1  -1 
2454316.392954 -0.757759 0.912114 -2113.900000 3.400000 -2273.768318 169.703840 -2104.064478 159.868318 3.400000 -9.835522 3.400000 8.814956  -1  -1  -1 
2454316.568054 -0.582659 0.991040 -2079.400000 3.400000 -2273.768318 201.622051 -2072.146268 194.368318 3.400000 -7.253732 3.400000 8.814956  -1  -1  -1 
2454317.494854 0.344141 0.408793 -2430.600000 3.400000 -2273.768318 -167.370403 -2441.138721 -156.831682 3.400000 10.538721 3.400000 8.814956  -1  -1  -1 
2454317.628854 0.478141 0.469193 -2465.200000 3.400000 -2273.768318 -197.531023 -2471.299342 -191.431682 3.400000 6.099342 3.400000 8.814956  -1  -1  -1 
2454318.330154 -1.039097 0.785302 -2221.600000 3.600000 -2273.768318 39.931931 -2233.836387 52.168318 3.600000 12.236387 3.600000 8.814956  -1  -1  -1 
2454318.569854 -0.799397 0.893346 -2109.700000 3.400000 -2273.768318 155.578528 -2118.189790 164.068318 3.400000 8.489790 3.400000 8.814956  -1  -1  -1 
2454328.394254 0.150849 0.321667 -2366.200000 3.300000 -2273.768318 -83.804832 -2357.573150 -92.431682 3.300000 -8.626850 3.300000 8.814956  -1  -1  -1 
2454328.537254 0.293849 0.386123 -2425.500000 4.200000 -2273.768318 -149.555329 -2423.323647 -151.731682 4.200000 -2.176353 4.200000 8.814956  -1  -1  -1 
2454330.335254 -0.126690 0.196567 -2193.600000 3.700000 -2273.768318 71.023724 -2202.744594 80.168318 3.700000 9.144594 3.700000 8.814956  -1  -1  -1 
2454334.395254 -0.503767 0.026601 -2067.500000 3.400000 -2273.768318 200.163510 -2073.604808 206.268318 3.400000 6.104808 3.400000 8.814956  -1  -1  -1 
2454335.399054 0.500033 0.479061 -2462.500000 3.500000 -2273.768318 -199.845271 -2473.613590 -188.731682 3.500000 11.113590 3.500000 8.814956  -1  -1  -1 
2454336.465854 -0.651705 0.959918 -2080.400000 3.400000 -2273.768318 194.663506 -2079.104812 193.368318 3.400000 -1.295188 3.400000 8.814956  -1  -1  -1 
