# Tref_folded model 
-1.500000 -202.681033 
-1.499000 -202.706218 
-1.498000 -202.723401 
-1.497000 -202.732580 
-1.496000 -202.733756 
-1.495000 -202.726928 
-1.494000 -202.712098 
-1.493000 -202.689264 
-1.492000 -202.658428 
-1.491000 -202.619592 
-1.490000 -202.572757 
-1.489000 -202.517925 
-1.488000 -202.455097 
-1.487000 -202.384277 
-1.486000 -202.305467 
-1.485000 -202.218671 
-1.484000 -202.123891 
-1.483000 -202.021132 
-1.482000 -201.910397 
-1.481000 -201.791691 
-1.480000 -201.665019 
-1.479000 -201.530386 
-1.478000 -201.387796 
-1.477000 -201.237256 
-1.476000 -201.078771 
-1.475000 -200.912348 
-1.474000 -200.737994 
-1.473000 -200.555715 
-1.472000 -200.365518 
-1.471000 -200.167411 
-1.470000 -199.961402 
-1.469000 -199.747498 
-1.468000 -199.525709 
-1.467000 -199.296043 
-1.466000 -199.058509 
-1.465000 -198.813117 
-1.464000 -198.559876 
-1.463000 -198.298796 
-1.462000 -198.029887 
-1.461000 -197.753161 
-1.460000 -197.468628 
-1.459000 -197.176299 
-1.458000 -196.876185 
-1.457000 -196.568300 
-1.456000 -196.252654 
-1.455000 -195.929261 
-1.454000 -195.598132 
-1.453000 -195.259282 
-1.452000 -194.912723 
-1.451000 -194.558470 
-1.450000 -194.196535 
-1.449000 -193.826934 
-1.448000 -193.449681 
-1.447000 -193.064791 
-1.446000 -192.672280 
-1.445000 -192.272161 
-1.444000 -191.864453 
-1.443000 -191.449169 
-1.442000 -191.026328 
-1.441000 -190.595945 
-1.440000 -190.158038 
-1.439000 -189.712624 
-1.438000 -189.259720 
-1.437000 -188.799344 
-1.436000 -188.331515 
-1.435000 -187.856252 
-1.434000 -187.373571 
-1.433000 -186.883494 
-1.432000 -186.386039 
-1.431000 -185.881225 
-1.430000 -185.369074 
-1.429000 -184.849604 
-1.428000 -184.322837 
-1.427000 -183.788793 
-1.426000 -183.247493 
-1.425000 -182.698959 
-1.424000 -182.143212 
-1.423000 -181.580275 
-1.422000 -181.010169 
-1.421000 -180.432917 
-1.420000 -179.848542 
-1.419000 -179.257067 
-1.418000 -178.658515 
-1.417000 -178.052910 
-1.416000 -177.440276 
-1.415000 -176.820637 
-1.414000 -176.194017 
-1.413000 -175.560442 
-1.412000 -174.919935 
-1.411000 -174.272523 
-1.410000 -173.618231 
-1.409000 -172.957085 
-1.408000 -172.289111 
-1.407000 -171.614335 
-1.406000 -170.932784 
-1.405000 -170.244485 
-1.404000 -169.549465 
-1.403000 -168.847751 
-1.402000 -168.139372 
-1.401000 -167.424355 
-1.400000 -166.702728 
-1.399000 -165.974520 
-1.398000 -165.239760 
-1.397000 -164.498476 
-1.396000 -163.750698 
-1.395000 -162.996455 
-1.394000 -162.235778 
-1.393000 -161.468696 
-1.392000 -160.695239 
-1.391000 -159.915439 
-1.390000 -159.129325 
-1.389000 -158.336929 
-1.388000 -157.538283 
-1.387000 -156.733416 
-1.386000 -155.922363 
-1.385000 -155.105153 
-1.384000 -154.281821 
-1.383000 -153.452398 
-1.382000 -152.616916 
-1.381000 -151.775410 
-1.380000 -150.927912 
-1.379000 -150.074455 
-1.378000 -149.215074 
-1.377000 -148.349802 
-1.376000 -147.478673 
-1.375000 -146.601722 
-1.374000 -145.718984 
-1.373000 -144.830493 
-1.372000 -143.936284 
-1.371000 -143.036393 
-1.370000 -142.130855 
-1.369000 -141.219706 
-1.368000 -140.302982 
-1.367000 -139.380718 
-1.366000 -138.452953 
-1.365000 -137.519721 
-1.364000 -136.581061 
-1.363000 -135.637008 
-1.362000 -134.687601 
-1.361000 -133.732876 
-1.360000 -132.772872 
-1.359000 -131.807627 
-1.358000 -130.837177 
-1.357000 -129.861563 
-1.356000 -128.880822 
-1.355000 -127.894993 
-1.354000 -126.904114 
-1.353000 -125.908226 
-1.352000 -124.907367 
-1.351000 -123.901577 
-1.350000 -122.890896 
-1.349000 -121.875363 
-1.348000 -120.855019 
-1.347000 -119.829903 
-1.346000 -118.800057 
-1.345000 -117.765521 
-1.344000 -116.726335 
-1.343000 -115.682542 
-1.342000 -114.634181 
-1.341000 -113.581295 
-1.340000 -112.523925 
-1.339000 -111.462113 
-1.338000 -110.395900 
-1.337000 -109.325330 
-1.336000 -108.250443 
-1.335000 -107.171282 
-1.334000 -106.087891 
-1.333000 -105.000312 
-1.332000 -103.908587 
-1.331000 -102.812760 
-1.330000 -101.712874 
-1.329000 -100.608973 
-1.328000 -99.501100 
-1.327000 -98.389299 
-1.326000 -97.273613 
-1.325000 -96.154088 
-1.324000 -95.030766 
-1.323000 -93.903693 
-1.322000 -92.772912 
-1.321000 -91.638470 
-1.320000 -90.500409 
-1.319000 -89.358775 
-1.318000 -88.213614 
-1.317000 -87.064970 
-1.316000 -85.912890 
-1.315000 -84.757417 
-1.314000 -83.598598 
-1.313000 -82.436479 
-1.312000 -81.271106 
-1.311000 -80.102524 
-1.310000 -78.930780 
-1.309000 -77.755919 
-1.308000 -76.577990 
-1.307000 -75.397036 
-1.306000 -74.213107 
-1.305000 -73.026247 
-1.304000 -71.836505 
-1.303000 -70.643927 
-1.302000 -69.448559 
-1.301000 -68.250450 
-1.300000 -67.049647 
-1.299000 -65.846196 
-1.298000 -64.640147 
-1.297000 -63.431545 
-1.296000 -62.220439 
-1.295000 -61.006876 
-1.294000 -59.790906 
-1.293000 -58.572575 
-1.292000 -57.351931 
-1.291000 -56.129023 
-1.290000 -54.903900 
-1.289000 -53.676609 
-1.288000 -52.447198 
-1.287000 -51.215718 
-1.286000 -49.982215 
-1.285000 -48.746739 
-1.284000 -47.509339 
-1.283000 -46.270063 
-1.282000 -45.028961 
-1.281000 -43.786081 
-1.280000 -42.541472 
-1.279000 -41.295184 
-1.278000 -40.047265 
-1.277000 -38.797766 
-1.276000 -37.546735 
-1.275000 -36.294221 
-1.274000 -35.040275 
-1.273000 -33.784945 
-1.272000 -32.528282 
-1.271000 -31.270334 
-1.270000 -30.011152 
-1.269000 -28.750786 
-1.268000 -27.489284 
-1.267000 -26.226697 
-1.266000 -24.963074 
-1.265000 -23.698466 
-1.264000 -22.432923 
-1.263000 -21.166493 
-1.262000 -19.899229 
-1.261000 -18.631178 
-1.260000 -17.362392 
-1.259000 -16.092921 
-1.258000 -14.822815 
-1.257000 -13.552123 
-1.256000 -12.280896 
-1.255000 -11.009184 
-1.254000 -9.737038 
-1.253000 -8.464507 
-1.252000 -7.191642 
-1.251000 -5.918494 
-1.250000 -4.645111 
-1.249000 -3.371545 
-1.248000 -2.097846 
-1.247000 -0.824065 
-1.246000 0.449749 
-1.245000 1.723546 
-1.244000 2.997274 
-1.243000 4.270885 
-1.242000 5.544326 
-1.241000 6.817549 
-1.240000 8.090502 
-1.239000 9.363136 
-1.238000 10.635401 
-1.237000 11.907245 
-1.236000 13.178620 
-1.235000 14.449474 
-1.234000 15.719758 
-1.233000 16.989421 
-1.232000 18.258414 
-1.231000 19.526685 
-1.230000 20.794186 
-1.229000 22.060866 
-1.228000 23.326675 
-1.227000 24.591563 
-1.226000 25.855480 
-1.225000 27.118377 
-1.224000 28.380203 
-1.223000 29.640908 
-1.222000 30.900444 
-1.221000 32.158759 
-1.220000 33.415805 
-1.219000 34.671532 
-1.218000 35.925889 
-1.217000 37.178829 
-1.216000 38.430301 
-1.215000 39.680256 
-1.214000 40.928644 
-1.213000 42.175416 
-1.212000 43.420524 
-1.211000 44.663917 
-1.210000 45.905547 
-1.209000 47.145364 
-1.208000 48.383321 
-1.207000 49.619367 
-1.206000 50.853455 
-1.205000 52.085535 
-1.204000 53.315558 
-1.203000 54.543477 
-1.202000 55.769243 
-1.201000 56.992806 
-1.200000 58.214120 
-1.199000 59.433136 
-1.198000 60.649805 
-1.197000 61.864080 
-1.196000 63.075913 
-1.195000 64.285256 
-1.194000 65.492060 
-1.193000 66.696280 
-1.192000 67.897866 
-1.191000 69.096772 
-1.190000 70.292949 
-1.189000 71.486352 
-1.188000 72.676933 
-1.187000 73.864644 
-1.186000 75.049440 
-1.185000 76.231272 
-1.184000 77.410096 
-1.183000 78.585863 
-1.182000 79.758527 
-1.181000 80.928043 
-1.180000 82.094364 
-1.179000 83.257444 
-1.178000 84.417238 
-1.177000 85.573698 
-1.176000 86.726781 
-1.175000 87.876439 
-1.174000 89.022628 
-1.173000 90.165303 
-1.172000 91.304418 
-1.171000 92.439929 
-1.170000 93.571790 
-1.169000 94.699958 
-1.168000 95.824386 
-1.167000 96.945032 
-1.166000 98.061850 
-1.165000 99.174797 
-1.164000 100.283829 
-1.163000 101.388902 
-1.162000 102.489972 
-1.161000 103.586996 
-1.160000 104.679931 
-1.159000 105.768733 
-1.158000 106.853360 
-1.157000 107.933768 
-1.156000 109.009915 
-1.155000 110.081758 
-1.154000 111.149256 
-1.153000 112.212366 
-1.152000 113.271045 
-1.151000 114.325253 
-1.150000 115.374948 
-1.149000 116.420088 
-1.148000 117.460632 
-1.147000 118.496538 
-1.146000 119.527767 
-1.145000 120.554277 
-1.144000 121.576027 
-1.143000 122.592978 
-1.142000 123.605089 
-1.141000 124.612321 
-1.140000 125.614633 
-1.139000 126.611986 
-1.138000 127.604340 
-1.137000 128.591657 
-1.136000 129.573898 
-1.135000 130.551023 
-1.134000 131.522994 
-1.133000 132.489772 
-1.132000 133.451321 
-1.131000 134.407600 
-1.130000 135.358574 
-1.129000 136.304204 
-1.128000 137.244453 
-1.127000 138.179284 
-1.126000 139.108659 
-1.125000 140.032543 
-1.124000 140.950899 
-1.123000 141.863690 
-1.122000 142.770880 
-1.121000 143.672435 
-1.120000 144.568317 
-1.119000 145.458492 
-1.118000 146.342924 
-1.117000 147.221580 
-1.116000 148.094423 
-1.115000 148.961419 
-1.114000 149.822535 
-1.113000 150.677736 
-1.112000 151.526989 
-1.111000 152.370259 
-1.110000 153.207515 
-1.109000 154.038721 
-1.108000 154.863847 
-1.107000 155.682859 
-1.106000 156.495725 
-1.105000 157.302413 
-1.104000 158.102890 
-1.103000 158.897126 
-1.102000 159.685089 
-1.101000 160.466748 
-1.100000 161.242072 
-1.099000 162.011031 
-1.098000 162.773593 
-1.097000 163.529730 
-1.096000 164.279410 
-1.095000 165.022605 
-1.094000 165.759286 
-1.093000 166.489422 
-1.092000 167.212986 
-1.091000 167.929948 
-1.090000 168.640281 
-1.089000 169.343956 
-1.088000 170.040946 
-1.087000 170.731223 
-1.086000 171.414760 
-1.085000 172.091529 
-1.084000 172.761505 
-1.083000 173.424660 
-1.082000 174.080969 
-1.081000 174.730405 
-1.080000 175.372944 
-1.079000 176.008559 
-1.078000 176.637225 
-1.077000 177.258918 
-1.076000 177.873613 
-1.075000 178.481286 
-1.074000 179.081913 
-1.073000 179.675470 
-1.072000 180.261934 
-1.071000 180.841281 
-1.070000 181.413489 
-1.069000 181.978536 
-1.068000 182.536397 
-1.067000 183.087053 
-1.066000 183.630481 
-1.065000 184.166659 
-1.064000 184.695567 
-1.063000 185.217183 
-1.062000 185.731488 
-1.061000 186.238459 
-1.060000 186.738079 
-1.059000 187.230326 
-1.058000 187.715182 
-1.057000 188.192627 
-1.056000 188.662643 
-1.055000 189.125211 
-1.054000 189.580312 
-1.053000 190.027929 
-1.052000 190.468044 
-1.051000 190.900640 
-1.050000 191.325699 
-1.049000 191.743205 
-1.048000 192.153141 
-1.047000 192.555491 
-1.046000 192.950240 
-1.045000 193.337371 
-1.044000 193.716870 
-1.043000 194.088721 
-1.042000 194.452910 
-1.041000 194.809422 
-1.040000 195.158243 
-1.039000 195.499360 
-1.038000 195.832759 
-1.037000 196.158427 
-1.036000 196.476350 
-1.035000 196.786518 
-1.034000 197.088916 
-1.033000 197.383534 
-1.032000 197.670359 
-1.031000 197.949381 
-1.030000 198.220587 
-1.029000 198.483969 
-1.028000 198.739515 
-1.027000 198.987214 
-1.026000 199.227059 
-1.025000 199.459038 
-1.024000 199.683142 
-1.023000 199.899364 
-1.022000 200.107694 
-1.021000 200.308123 
-1.020000 200.500646 
-1.019000 200.685252 
-1.018000 200.861936 
-1.017000 201.030690 
-1.016000 201.191508 
-1.015000 201.344384 
-1.014000 201.489310 
-1.013000 201.626282 
-1.012000 201.755294 
-1.011000 201.876342 
-1.010000 201.989419 
-1.009000 202.094522 
-1.008000 202.191647 
-1.007000 202.280790 
-1.006000 202.361947 
-1.005000 202.435116 
-1.004000 202.500292 
-1.003000 202.557474 
-1.002000 202.606659 
-1.001000 202.647846 
-1.000000 202.681033 
-0.999000 202.706218 
-0.998000 202.723401 
-0.997000 202.732580 
-0.996000 202.733756 
-0.995000 202.726928 
-0.994000 202.712098 
-0.993000 202.689264 
-0.992000 202.658428 
-0.991000 202.619592 
-0.990000 202.572757 
-0.989000 202.517925 
-0.988000 202.455097 
-0.987000 202.384277 
-0.986000 202.305467 
-0.985000 202.218671 
-0.984000 202.123891 
-0.983000 202.021132 
-0.982000 201.910397 
-0.981000 201.791691 
-0.980000 201.665019 
-0.979000 201.530386 
-0.978000 201.387796 
-0.977000 201.237256 
-0.976000 201.078771 
-0.975000 200.912348 
-0.974000 200.737994 
-0.973000 200.555715 
-0.972000 200.365518 
-0.971000 200.167411 
-0.970000 199.961402 
-0.969000 199.747498 
-0.968000 199.525709 
-0.967000 199.296043 
-0.966000 199.058509 
-0.965000 198.813117 
-0.964000 198.559876 
-0.963000 198.298796 
-0.962000 198.029887 
-0.961000 197.753161 
-0.960000 197.468628 
-0.959000 197.176299 
-0.958000 196.876185 
-0.957000 196.568300 
-0.956000 196.252654 
-0.955000 195.929261 
-0.954000 195.598132 
-0.953000 195.259282 
-0.952000 194.912723 
-0.951000 194.558470 
-0.950000 194.196535 
-0.949000 193.826934 
-0.948000 193.449681 
-0.947000 193.064791 
-0.946000 192.672280 
-0.945000 192.272161 
-0.944000 191.864453 
-0.943000 191.449169 
-0.942000 191.026328 
-0.941000 190.595945 
-0.940000 190.158038 
-0.939000 189.712624 
-0.938000 189.259720 
-0.937000 188.799344 
-0.936000 188.331515 
-0.935000 187.856252 
-0.934000 187.373571 
-0.933000 186.883494 
-0.932000 186.386039 
-0.931000 185.881225 
-0.930000 185.369074 
-0.929000 184.849604 
-0.928000 184.322837 
-0.927000 183.788793 
-0.926000 183.247493 
-0.925000 182.698959 
-0.924000 182.143212 
-0.923000 181.580275 
-0.922000 181.010169 
-0.921000 180.432917 
-0.920000 179.848542 
-0.919000 179.257067 
-0.918000 178.658515 
-0.917000 178.052910 
-0.916000 177.440276 
-0.915000 176.820637 
-0.914000 176.194017 
-0.913000 175.560442 
-0.912000 174.919935 
-0.911000 174.272523 
-0.910000 173.618231 
-0.909000 172.957085 
-0.908000 172.289111 
-0.907000 171.614335 
-0.906000 170.932784 
-0.905000 170.244485 
-0.904000 169.549465 
-0.903000 168.847751 
-0.902000 168.139372 
-0.901000 167.424355 
-0.900000 166.702728 
-0.899000 165.974520 
-0.898000 165.239760 
-0.897000 164.498476 
-0.896000 163.750698 
-0.895000 162.996455 
-0.894000 162.235778 
-0.893000 161.468696 
-0.892000 160.695239 
-0.891000 159.915439 
-0.890000 159.129325 
-0.889000 158.336929 
-0.888000 157.538283 
-0.887000 156.733416 
-0.886000 155.922363 
-0.885000 155.105153 
-0.884000 154.281821 
-0.883000 153.452398 
-0.882000 152.616916 
-0.881000 151.775410 
-0.880000 150.927912 
-0.879000 150.074455 
-0.878000 149.215074 
-0.877000 148.349802 
-0.876000 147.478673 
-0.875000 146.601722 
-0.874000 145.718984 
-0.873000 144.830493 
-0.872000 143.936284 
-0.871000 143.036393 
-0.870000 142.130855 
-0.869000 141.219706 
-0.868000 140.302982 
-0.867000 139.380718 
-0.866000 138.452953 
-0.865000 137.519721 
-0.864000 136.581061 
-0.863000 135.637008 
-0.862000 134.687601 
-0.861000 133.732876 
-0.860000 132.772872 
-0.859000 131.807627 
-0.858000 130.837177 
-0.857000 129.861563 
-0.856000 128.880822 
-0.855000 127.894993 
-0.854000 126.904114 
-0.853000 125.908226 
-0.852000 124.907367 
-0.851000 123.901577 
-0.850000 122.890896 
-0.849000 121.875363 
-0.848000 120.855019 
-0.847000 119.829903 
-0.846000 118.800057 
-0.845000 117.765521 
-0.844000 116.726335 
-0.843000 115.682542 
-0.842000 114.634181 
-0.841000 113.581295 
-0.840000 112.523925 
-0.839000 111.462113 
-0.838000 110.395900 
-0.837000 109.325330 
-0.836000 108.250443 
-0.835000 107.171282 
-0.834000 106.087891 
-0.833000 105.000312 
-0.832000 103.908587 
-0.831000 102.812760 
-0.830000 101.712874 
-0.829000 100.608973 
-0.828000 99.501100 
-0.827000 98.389299 
-0.826000 97.273613 
-0.825000 96.154088 
-0.824000 95.030766 
-0.823000 93.903693 
-0.822000 92.772912 
-0.821000 91.638470 
-0.820000 90.500409 
-0.819000 89.358775 
-0.818000 88.213614 
-0.817000 87.064970 
-0.816000 85.912890 
-0.815000 84.757417 
-0.814000 83.598598 
-0.813000 82.436479 
-0.812000 81.271106 
-0.811000 80.102524 
-0.810000 78.930780 
-0.809000 77.755919 
-0.808000 76.577990 
-0.807000 75.397036 
-0.806000 74.213107 
-0.805000 73.026247 
-0.804000 71.836505 
-0.803000 70.643927 
-0.802000 69.448559 
-0.801000 68.250450 
-0.800000 67.049647 
-0.799000 65.846196 
-0.798000 64.640147 
-0.797000 63.431545 
-0.796000 62.220439 
-0.795000 61.006876 
-0.794000 59.790906 
-0.793000 58.572575 
-0.792000 57.351931 
-0.791000 56.129023 
-0.790000 54.903900 
-0.789000 53.676609 
-0.788000 52.447198 
-0.787000 51.215718 
-0.786000 49.982215 
-0.785000 48.746739 
-0.784000 47.509339 
-0.783000 46.270063 
-0.782000 45.028961 
-0.781000 43.786081 
-0.780000 42.541472 
-0.779000 41.295184 
-0.778000 40.047265 
-0.777000 38.797766 
-0.776000 37.546735 
-0.775000 36.294221 
-0.774000 35.040275 
-0.773000 33.784945 
-0.772000 32.528282 
-0.771000 31.270334 
-0.770000 30.011152 
-0.769000 28.750786 
-0.768000 27.489284 
-0.767000 26.226697 
-0.766000 24.963074 
-0.765000 23.698466 
-0.764000 22.432923 
-0.763000 21.166493 
-0.762000 19.899229 
-0.761000 18.631178 
-0.760000 17.362392 
-0.759000 16.092921 
-0.758000 14.822815 
-0.757000 13.552123 
-0.756000 12.280896 
-0.755000 11.009184 
-0.754000 9.737038 
-0.753000 8.464507 
-0.752000 7.191642 
-0.751000 5.918494 
-0.750000 4.645111 
-0.749000 3.371545 
-0.748000 2.097846 
-0.747000 0.824065 
-0.746000 -0.449749 
-0.745000 -1.723546 
-0.744000 -2.997274 
-0.743000 -4.270885 
-0.742000 -5.544326 
-0.741000 -6.817549 
-0.740000 -8.090502 
-0.739000 -9.363136 
-0.738000 -10.635401 
-0.737000 -11.907245 
-0.736000 -13.178620 
-0.735000 -14.449474 
-0.734000 -15.719758 
-0.733000 -16.989421 
-0.732000 -18.258414 
-0.731000 -19.526685 
-0.730000 -20.794186 
-0.729000 -22.060866 
-0.728000 -23.326675 
-0.727000 -24.591563 
-0.726000 -25.855480 
-0.725000 -27.118377 
-0.724000 -28.380203 
-0.723000 -29.640908 
-0.722000 -30.900444 
-0.721000 -32.158759 
-0.720000 -33.415805 
-0.719000 -34.671532 
-0.718000 -35.925889 
-0.717000 -37.178829 
-0.716000 -38.430301 
-0.715000 -39.680256 
-0.714000 -40.928644 
-0.713000 -42.175416 
-0.712000 -43.420524 
-0.711000 -44.663917 
-0.710000 -45.905547 
-0.709000 -47.145364 
-0.708000 -48.383321 
-0.707000 -49.619367 
-0.706000 -50.853455 
-0.705000 -52.085535 
-0.704000 -53.315558 
-0.703000 -54.543477 
-0.702000 -55.769243 
-0.701000 -56.992806 
-0.700000 -58.214120 
-0.699000 -59.433136 
-0.698000 -60.649805 
-0.697000 -61.864080 
-0.696000 -63.075913 
-0.695000 -64.285256 
-0.694000 -65.492060 
-0.693000 -66.696280 
-0.692000 -67.897866 
-0.691000 -69.096772 
-0.690000 -70.292949 
-0.689000 -71.486352 
-0.688000 -72.676933 
-0.687000 -73.864644 
-0.686000 -75.049440 
-0.685000 -76.231272 
-0.684000 -77.410096 
-0.683000 -78.585863 
-0.682000 -79.758527 
-0.681000 -80.928043 
-0.680000 -82.094364 
-0.679000 -83.257444 
-0.678000 -84.417238 
-0.677000 -85.573698 
-0.676000 -86.726781 
-0.675000 -87.876439 
-0.674000 -89.022628 
-0.673000 -90.165303 
-0.672000 -91.304418 
-0.671000 -92.439929 
-0.670000 -93.571790 
-0.669000 -94.699958 
-0.668000 -95.824386 
-0.667000 -96.945032 
-0.666000 -98.061850 
-0.665000 -99.174797 
-0.664000 -100.283829 
-0.663000 -101.388902 
-0.662000 -102.489972 
-0.661000 -103.586996 
-0.660000 -104.679931 
-0.659000 -105.768733 
-0.658000 -106.853360 
-0.657000 -107.933768 
-0.656000 -109.009915 
-0.655000 -110.081758 
-0.654000 -111.149256 
-0.653000 -112.212366 
-0.652000 -113.271045 
-0.651000 -114.325253 
-0.650000 -115.374948 
-0.649000 -116.420088 
-0.648000 -117.460632 
-0.647000 -118.496538 
-0.646000 -119.527767 
-0.645000 -120.554277 
-0.644000 -121.576027 
-0.643000 -122.592978 
-0.642000 -123.605089 
-0.641000 -124.612321 
-0.640000 -125.614633 
-0.639000 -126.611986 
-0.638000 -127.604340 
-0.637000 -128.591657 
-0.636000 -129.573898 
-0.635000 -130.551023 
-0.634000 -131.522994 
-0.633000 -132.489772 
-0.632000 -133.451321 
-0.631000 -134.407600 
-0.630000 -135.358574 
-0.629000 -136.304204 
-0.628000 -137.244453 
-0.627000 -138.179284 
-0.626000 -139.108659 
-0.625000 -140.032543 
-0.624000 -140.950899 
-0.623000 -141.863690 
-0.622000 -142.770880 
-0.621000 -143.672435 
-0.620000 -144.568317 
-0.619000 -145.458492 
-0.618000 -146.342924 
-0.617000 -147.221580 
-0.616000 -148.094423 
-0.615000 -148.961419 
-0.614000 -149.822535 
-0.613000 -150.677736 
-0.612000 -151.526989 
-0.611000 -152.370259 
-0.610000 -153.207515 
-0.609000 -154.038721 
-0.608000 -154.863847 
-0.607000 -155.682859 
-0.606000 -156.495725 
-0.605000 -157.302413 
-0.604000 -158.102890 
-0.603000 -158.897126 
-0.602000 -159.685089 
-0.601000 -160.466748 
-0.600000 -161.242072 
-0.599000 -162.011031 
-0.598000 -162.773593 
-0.597000 -163.529730 
-0.596000 -164.279410 
-0.595000 -165.022605 
-0.594000 -165.759286 
-0.593000 -166.489422 
-0.592000 -167.212986 
-0.591000 -167.929948 
-0.590000 -168.640281 
-0.589000 -169.343956 
-0.588000 -170.040946 
-0.587000 -170.731223 
-0.586000 -171.414760 
-0.585000 -172.091529 
-0.584000 -172.761505 
-0.583000 -173.424660 
-0.582000 -174.080969 
-0.581000 -174.730405 
-0.580000 -175.372944 
-0.579000 -176.008559 
-0.578000 -176.637225 
-0.577000 -177.258918 
-0.576000 -177.873613 
-0.575000 -178.481286 
-0.574000 -179.081913 
-0.573000 -179.675470 
-0.572000 -180.261934 
-0.571000 -180.841281 
-0.570000 -181.413489 
-0.569000 -181.978536 
-0.568000 -182.536397 
-0.567000 -183.087053 
-0.566000 -183.630481 
-0.565000 -184.166659 
-0.564000 -184.695567 
-0.563000 -185.217183 
-0.562000 -185.731488 
-0.561000 -186.238459 
-0.560000 -186.738079 
-0.559000 -187.230326 
-0.558000 -187.715182 
-0.557000 -188.192627 
-0.556000 -188.662643 
-0.555000 -189.125211 
-0.554000 -189.580312 
-0.553000 -190.027929 
-0.552000 -190.468044 
-0.551000 -190.900640 
-0.550000 -191.325699 
-0.549000 -191.743205 
-0.548000 -192.153141 
-0.547000 -192.555491 
-0.546000 -192.950240 
-0.545000 -193.337371 
-0.544000 -193.716870 
-0.543000 -194.088721 
-0.542000 -194.452910 
-0.541000 -194.809422 
-0.540000 -195.158243 
-0.539000 -195.499360 
-0.538000 -195.832759 
-0.537000 -196.158427 
-0.536000 -196.476350 
-0.535000 -196.786518 
-0.534000 -197.088916 
-0.533000 -197.383534 
-0.532000 -197.670359 
-0.531000 -197.949381 
-0.530000 -198.220587 
-0.529000 -198.483969 
-0.528000 -198.739515 
-0.527000 -198.987214 
-0.526000 -199.227059 
-0.525000 -199.459038 
-0.524000 -199.683142 
-0.523000 -199.899364 
-0.522000 -200.107694 
-0.521000 -200.308123 
-0.520000 -200.500646 
-0.519000 -200.685252 
-0.518000 -200.861936 
-0.517000 -201.030690 
-0.516000 -201.191508 
-0.515000 -201.344384 
-0.514000 -201.489310 
-0.513000 -201.626282 
-0.512000 -201.755294 
-0.511000 -201.876342 
-0.510000 -201.989419 
-0.509000 -202.094522 
-0.508000 -202.191647 
-0.507000 -202.280790 
-0.506000 -202.361947 
-0.505000 -202.435116 
-0.504000 -202.500292 
-0.503000 -202.557474 
-0.502000 -202.606659 
-0.501000 -202.647846 
-0.500000 -202.681033 
-0.499000 -202.706218 
-0.498000 -202.723401 
-0.497000 -202.732580 
-0.496000 -202.733756 
-0.495000 -202.726928 
-0.494000 -202.712098 
-0.493000 -202.689264 
-0.492000 -202.658428 
-0.491000 -202.619592 
-0.490000 -202.572757 
-0.489000 -202.517925 
-0.488000 -202.455097 
-0.487000 -202.384277 
-0.486000 -202.305467 
-0.485000 -202.218671 
-0.484000 -202.123891 
-0.483000 -202.021132 
-0.482000 -201.910397 
-0.481000 -201.791691 
-0.480000 -201.665019 
-0.479000 -201.530386 
-0.478000 -201.387796 
-0.477000 -201.237256 
-0.476000 -201.078771 
-0.475000 -200.912348 
-0.474000 -200.737994 
-0.473000 -200.555715 
-0.472000 -200.365518 
-0.471000 -200.167411 
-0.470000 -199.961402 
-0.469000 -199.747498 
-0.468000 -199.525709 
-0.467000 -199.296043 
-0.466000 -199.058509 
-0.465000 -198.813117 
-0.464000 -198.559876 
-0.463000 -198.298796 
-0.462000 -198.029887 
-0.461000 -197.753161 
-0.460000 -197.468628 
-0.459000 -197.176299 
-0.458000 -196.876185 
-0.457000 -196.568300 
-0.456000 -196.252654 
-0.455000 -195.929261 
-0.454000 -195.598132 
-0.453000 -195.259282 
-0.452000 -194.912723 
-0.451000 -194.558470 
-0.450000 -194.196535 
-0.449000 -193.826934 
-0.448000 -193.449681 
-0.447000 -193.064791 
-0.446000 -192.672280 
-0.445000 -192.272161 
-0.444000 -191.864453 
-0.443000 -191.449169 
-0.442000 -191.026328 
-0.441000 -190.595945 
-0.440000 -190.158038 
-0.439000 -189.712624 
-0.438000 -189.259720 
-0.437000 -188.799344 
-0.436000 -188.331515 
-0.435000 -187.856252 
-0.434000 -187.373571 
-0.433000 -186.883494 
-0.432000 -186.386039 
-0.431000 -185.881225 
-0.430000 -185.369074 
-0.429000 -184.849604 
-0.428000 -184.322837 
-0.427000 -183.788793 
-0.426000 -183.247493 
-0.425000 -182.698959 
-0.424000 -182.143212 
-0.423000 -181.580275 
-0.422000 -181.010169 
-0.421000 -180.432917 
-0.420000 -179.848542 
-0.419000 -179.257067 
-0.418000 -178.658515 
-0.417000 -178.052910 
-0.416000 -177.440276 
-0.415000 -176.820637 
-0.414000 -176.194017 
-0.413000 -175.560442 
-0.412000 -174.919935 
-0.411000 -174.272523 
-0.410000 -173.618231 
-0.409000 -172.957085 
-0.408000 -172.289111 
-0.407000 -171.614335 
-0.406000 -170.932784 
-0.405000 -170.244485 
-0.404000 -169.549465 
-0.403000 -168.847751 
-0.402000 -168.139372 
-0.401000 -167.424355 
-0.400000 -166.702728 
-0.399000 -165.974520 
-0.398000 -165.239760 
-0.397000 -164.498476 
-0.396000 -163.750698 
-0.395000 -162.996455 
-0.394000 -162.235778 
-0.393000 -161.468696 
-0.392000 -160.695239 
-0.391000 -159.915439 
-0.390000 -159.129325 
-0.389000 -158.336929 
-0.388000 -157.538283 
-0.387000 -156.733416 
-0.386000 -155.922363 
-0.385000 -155.105153 
-0.384000 -154.281821 
-0.383000 -153.452398 
-0.382000 -152.616916 
-0.381000 -151.775410 
-0.380000 -150.927912 
-0.379000 -150.074455 
-0.378000 -149.215074 
-0.377000 -148.349802 
-0.376000 -147.478673 
-0.375000 -146.601722 
-0.374000 -145.718984 
-0.373000 -144.830493 
-0.372000 -143.936284 
-0.371000 -143.036393 
-0.370000 -142.130855 
-0.369000 -141.219706 
-0.368000 -140.302982 
-0.367000 -139.380718 
-0.366000 -138.452953 
-0.365000 -137.519721 
-0.364000 -136.581061 
-0.363000 -135.637008 
-0.362000 -134.687601 
-0.361000 -133.732876 
-0.360000 -132.772872 
-0.359000 -131.807627 
-0.358000 -130.837177 
-0.357000 -129.861563 
-0.356000 -128.880822 
-0.355000 -127.894993 
-0.354000 -126.904114 
-0.353000 -125.908226 
-0.352000 -124.907367 
-0.351000 -123.901577 
-0.350000 -122.890896 
-0.349000 -121.875363 
-0.348000 -120.855019 
-0.347000 -119.829903 
-0.346000 -118.800057 
-0.345000 -117.765521 
-0.344000 -116.726335 
-0.343000 -115.682542 
-0.342000 -114.634181 
-0.341000 -113.581295 
-0.340000 -112.523925 
-0.339000 -111.462113 
-0.338000 -110.395900 
-0.337000 -109.325330 
-0.336000 -108.250443 
-0.335000 -107.171282 
-0.334000 -106.087891 
-0.333000 -105.000312 
-0.332000 -103.908587 
-0.331000 -102.812760 
-0.330000 -101.712874 
-0.329000 -100.608973 
-0.328000 -99.501100 
-0.327000 -98.389299 
-0.326000 -97.273613 
-0.325000 -96.154088 
-0.324000 -95.030766 
-0.323000 -93.903693 
-0.322000 -92.772912 
-0.321000 -91.638470 
-0.320000 -90.500409 
-0.319000 -89.358775 
-0.318000 -88.213614 
-0.317000 -87.064970 
-0.316000 -85.912890 
-0.315000 -84.757417 
-0.314000 -83.598598 
-0.313000 -82.436479 
-0.312000 -81.271106 
-0.311000 -80.102524 
-0.310000 -78.930780 
-0.309000 -77.755919 
-0.308000 -76.577990 
-0.307000 -75.397036 
-0.306000 -74.213107 
-0.305000 -73.026247 
-0.304000 -71.836505 
-0.303000 -70.643927 
-0.302000 -69.448559 
-0.301000 -68.250450 
-0.300000 -67.049647 
-0.299000 -65.846196 
-0.298000 -64.640147 
-0.297000 -63.431545 
-0.296000 -62.220439 
-0.295000 -61.006876 
-0.294000 -59.790906 
-0.293000 -58.572575 
-0.292000 -57.351931 
-0.291000 -56.129023 
-0.290000 -54.903900 
-0.289000 -53.676609 
-0.288000 -52.447198 
-0.287000 -51.215718 
-0.286000 -49.982215 
-0.285000 -48.746739 
-0.284000 -47.509339 
-0.283000 -46.270063 
-0.282000 -45.028961 
-0.281000 -43.786081 
-0.280000 -42.541472 
-0.279000 -41.295184 
-0.278000 -40.047265 
-0.277000 -38.797766 
-0.276000 -37.546735 
-0.275000 -36.294221 
-0.274000 -35.040275 
-0.273000 -33.784945 
-0.272000 -32.528282 
-0.271000 -31.270334 
-0.270000 -30.011152 
-0.269000 -28.750786 
-0.268000 -27.489284 
-0.267000 -26.226697 
-0.266000 -24.963074 
-0.265000 -23.698466 
-0.264000 -22.432923 
-0.263000 -21.166493 
-0.262000 -19.899229 
-0.261000 -18.631178 
-0.260000 -17.362392 
-0.259000 -16.092921 
-0.258000 -14.822815 
-0.257000 -13.552123 
-0.256000 -12.280896 
-0.255000 -11.009184 
-0.254000 -9.737038 
-0.253000 -8.464507 
-0.252000 -7.191642 
-0.251000 -5.918494 
-0.250000 -4.645111 
-0.249000 -3.371545 
-0.248000 -2.097846 
-0.247000 -0.824065 
-0.246000 0.449749 
-0.245000 1.723546 
-0.244000 2.997274 
-0.243000 4.270885 
-0.242000 5.544326 
-0.241000 6.817549 
-0.240000 8.090502 
-0.239000 9.363136 
-0.238000 10.635401 
-0.237000 11.907245 
-0.236000 13.178620 
-0.235000 14.449474 
-0.234000 15.719758 
-0.233000 16.989421 
-0.232000 18.258414 
-0.231000 19.526685 
-0.230000 20.794186 
-0.229000 22.060866 
-0.228000 23.326675 
-0.227000 24.591563 
-0.226000 25.855480 
-0.225000 27.118377 
-0.224000 28.380203 
-0.223000 29.640908 
-0.222000 30.900444 
-0.221000 32.158759 
-0.220000 33.415805 
-0.219000 34.671532 
-0.218000 35.925889 
-0.217000 37.178829 
-0.216000 38.430301 
-0.215000 39.680256 
-0.214000 40.928644 
-0.213000 42.175416 
-0.212000 43.420524 
-0.211000 44.663917 
-0.210000 45.905547 
-0.209000 47.145364 
-0.208000 48.383321 
-0.207000 49.619367 
-0.206000 50.853455 
-0.205000 52.085535 
-0.204000 53.315558 
-0.203000 54.543477 
-0.202000 55.769243 
-0.201000 56.992806 
-0.200000 58.214120 
-0.199000 59.433136 
-0.198000 60.649805 
-0.197000 61.864080 
-0.196000 63.075913 
-0.195000 64.285256 
-0.194000 65.492060 
-0.193000 66.696280 
-0.192000 67.897866 
-0.191000 69.096772 
-0.190000 70.292949 
-0.189000 71.486352 
-0.188000 72.676933 
-0.187000 73.864644 
-0.186000 75.049440 
-0.185000 76.231272 
-0.184000 77.410096 
-0.183000 78.585863 
-0.182000 79.758527 
-0.181000 80.928043 
-0.180000 82.094364 
-0.179000 83.257444 
-0.178000 84.417238 
-0.177000 85.573698 
-0.176000 86.726781 
-0.175000 87.876439 
-0.174000 89.022628 
-0.173000 90.165303 
-0.172000 91.304418 
-0.171000 92.439929 
-0.170000 93.571790 
-0.169000 94.699958 
-0.168000 95.824386 
-0.167000 96.945032 
-0.166000 98.061850 
-0.165000 99.174797 
-0.164000 100.283829 
-0.163000 101.388902 
-0.162000 102.489972 
-0.161000 103.586996 
-0.160000 104.679931 
-0.159000 105.768733 
-0.158000 106.853360 
-0.157000 107.933768 
-0.156000 109.009915 
-0.155000 110.081758 
-0.154000 111.149256 
-0.153000 112.212366 
-0.152000 113.271045 
-0.151000 114.325253 
-0.150000 115.374948 
-0.149000 116.420088 
-0.148000 117.460632 
-0.147000 118.496538 
-0.146000 119.527767 
-0.145000 120.554277 
-0.144000 121.576027 
-0.143000 122.592978 
-0.142000 123.605089 
-0.141000 124.612321 
-0.140000 125.614633 
-0.139000 126.611986 
-0.138000 127.604340 
-0.137000 128.591657 
-0.136000 129.573898 
-0.135000 130.551023 
-0.134000 131.522994 
-0.133000 132.489772 
-0.132000 133.451321 
-0.131000 134.407600 
-0.130000 135.358574 
-0.129000 136.304204 
-0.128000 137.244453 
-0.127000 138.179284 
-0.126000 139.108659 
-0.125000 140.032543 
-0.124000 140.950899 
-0.123000 141.863690 
-0.122000 142.770880 
-0.121000 143.672435 
-0.120000 144.568317 
-0.119000 145.458492 
-0.118000 146.342924 
-0.117000 147.221580 
-0.116000 148.094423 
-0.115000 148.961419 
-0.114000 149.822535 
-0.113000 150.677736 
-0.112000 151.526989 
-0.111000 152.370259 
-0.110000 153.207515 
-0.109000 154.038721 
-0.108000 154.863847 
-0.107000 155.682859 
-0.106000 156.495725 
-0.105000 157.302413 
-0.104000 158.102890 
-0.103000 158.897126 
-0.102000 159.685089 
-0.101000 160.466748 
-0.100000 161.242072 
-0.099000 162.011031 
-0.098000 162.773593 
-0.097000 163.529730 
-0.096000 164.279410 
-0.095000 165.022605 
-0.094000 165.759286 
-0.093000 166.489422 
-0.092000 167.212986 
-0.091000 167.929948 
-0.090000 168.640281 
-0.089000 169.343956 
-0.088000 170.040946 
-0.087000 170.731223 
-0.086000 171.414760 
-0.085000 172.091529 
-0.084000 172.761505 
-0.083000 173.424660 
-0.082000 174.080969 
-0.081000 174.730405 
-0.080000 175.372944 
-0.079000 176.008559 
-0.078000 176.637225 
-0.077000 177.258918 
-0.076000 177.873613 
-0.075000 178.481286 
-0.074000 179.081913 
-0.073000 179.675470 
-0.072000 180.261934 
-0.071000 180.841281 
-0.070000 181.413489 
-0.069000 181.978536 
-0.068000 182.536397 
-0.067000 183.087053 
-0.066000 183.630481 
-0.065000 184.166659 
-0.064000 184.695567 
-0.063000 185.217183 
-0.062000 185.731488 
-0.061000 186.238459 
-0.060000 186.738079 
-0.059000 187.230326 
-0.058000 187.715182 
-0.057000 188.192627 
-0.056000 188.662643 
-0.055000 189.125211 
-0.054000 189.580312 
-0.053000 190.027929 
-0.052000 190.468044 
-0.051000 190.900640 
-0.050000 191.325699 
-0.049000 191.743205 
-0.048000 192.153141 
-0.047000 192.555491 
-0.046000 192.950240 
-0.045000 193.337371 
-0.044000 193.716870 
-0.043000 194.088721 
-0.042000 194.452910 
-0.041000 194.809422 
-0.040000 195.158243 
-0.039000 195.499360 
-0.038000 195.832759 
-0.037000 196.158427 
-0.036000 196.476350 
-0.035000 196.786518 
-0.034000 197.088916 
-0.033000 197.383534 
-0.032000 197.670359 
-0.031000 197.949381 
-0.030000 198.220587 
-0.029000 198.483969 
-0.028000 198.739515 
-0.027000 198.987214 
-0.026000 199.227059 
-0.025000 199.459038 
-0.024000 199.683142 
-0.023000 199.899364 
-0.022000 200.107694 
-0.021000 200.308123 
-0.020000 200.500646 
-0.019000 200.685252 
-0.018000 200.861936 
-0.017000 201.030690 
-0.016000 201.191508 
-0.015000 201.344384 
-0.014000 201.489310 
-0.013000 201.626282 
-0.012000 201.755294 
-0.011000 201.876342 
-0.010000 201.989419 
-0.009000 202.094522 
-0.008000 202.191647 
-0.007000 202.280790 
-0.006000 202.361947 
-0.005000 202.435116 
-0.004000 202.500292 
-0.003000 202.557474 
-0.002000 202.606659 
-0.001000 202.647846 
-0.000000 202.681033 
0.001000 202.706218 
0.002000 202.723401 
0.003000 202.732580 
0.004000 202.733756 
0.005000 202.726928 
0.006000 202.712098 
0.007000 202.689264 
0.008000 202.658428 
0.009000 202.619592 
0.010000 202.572757 
0.011000 202.517925 
0.012000 202.455097 
0.013000 202.384277 
0.014000 202.305467 
0.015000 202.218671 
0.016000 202.123891 
0.017000 202.021132 
0.018000 201.910397 
0.019000 201.791691 
0.020000 201.665019 
0.021000 201.530386 
0.022000 201.387796 
0.023000 201.237256 
0.024000 201.078771 
0.025000 200.912348 
0.026000 200.737994 
0.027000 200.555715 
0.028000 200.365518 
0.029000 200.167411 
0.030000 199.961402 
0.031000 199.747498 
0.032000 199.525709 
0.033000 199.296043 
0.034000 199.058509 
0.035000 198.813117 
0.036000 198.559876 
0.037000 198.298796 
0.038000 198.029887 
0.039000 197.753161 
0.040000 197.468628 
0.041000 197.176299 
0.042000 196.876185 
0.043000 196.568300 
0.044000 196.252654 
0.045000 195.929261 
0.046000 195.598132 
0.047000 195.259282 
0.048000 194.912723 
0.049000 194.558470 
0.050000 194.196535 
0.051000 193.826934 
0.052000 193.449681 
0.053000 193.064791 
0.054000 192.672280 
0.055000 192.272161 
0.056000 191.864453 
0.057000 191.449169 
0.058000 191.026328 
0.059000 190.595945 
0.060000 190.158038 
0.061000 189.712624 
0.062000 189.259720 
0.063000 188.799344 
0.064000 188.331515 
0.065000 187.856252 
0.066000 187.373571 
0.067000 186.883494 
0.068000 186.386039 
0.069000 185.881225 
0.070000 185.369074 
0.071000 184.849604 
0.072000 184.322837 
0.073000 183.788793 
0.074000 183.247493 
0.075000 182.698959 
0.076000 182.143212 
0.077000 181.580275 
0.078000 181.010169 
0.079000 180.432917 
0.080000 179.848542 
0.081000 179.257067 
0.082000 178.658515 
0.083000 178.052910 
0.084000 177.440276 
0.085000 176.820637 
0.086000 176.194017 
0.087000 175.560442 
0.088000 174.919935 
0.089000 174.272523 
0.090000 173.618231 
0.091000 172.957085 
0.092000 172.289111 
0.093000 171.614335 
0.094000 170.932784 
0.095000 170.244485 
0.096000 169.549465 
0.097000 168.847751 
0.098000 168.139372 
0.099000 167.424355 
0.100000 166.702728 
0.101000 165.974520 
0.102000 165.239760 
0.103000 164.498476 
0.104000 163.750698 
0.105000 162.996455 
0.106000 162.235778 
0.107000 161.468696 
0.108000 160.695239 
0.109000 159.915439 
0.110000 159.129325 
0.111000 158.336929 
0.112000 157.538283 
0.113000 156.733416 
0.114000 155.922363 
0.115000 155.105153 
0.116000 154.281821 
0.117000 153.452398 
0.118000 152.616916 
0.119000 151.775410 
0.120000 150.927912 
0.121000 150.074455 
0.122000 149.215074 
0.123000 148.349802 
0.124000 147.478673 
0.125000 146.601722 
0.126000 145.718984 
0.127000 144.830493 
0.128000 143.936284 
0.129000 143.036393 
0.130000 142.130855 
0.131000 141.219706 
0.132000 140.302982 
0.133000 139.380718 
0.134000 138.452953 
0.135000 137.519721 
0.136000 136.581061 
0.137000 135.637008 
0.138000 134.687601 
0.139000 133.732876 
0.140000 132.772872 
0.141000 131.807627 
0.142000 130.837177 
0.143000 129.861563 
0.144000 128.880822 
0.145000 127.894993 
0.146000 126.904114 
0.147000 125.908226 
0.148000 124.907367 
0.149000 123.901577 
0.150000 122.890896 
0.151000 121.875363 
0.152000 120.855019 
0.153000 119.829903 
0.154000 118.800057 
0.155000 117.765521 
0.156000 116.726335 
0.157000 115.682542 
0.158000 114.634181 
0.159000 113.581295 
0.160000 112.523925 
0.161000 111.462113 
0.162000 110.395900 
0.163000 109.325330 
0.164000 108.250443 
0.165000 107.171282 
0.166000 106.087891 
0.167000 105.000312 
0.168000 103.908587 
0.169000 102.812760 
0.170000 101.712874 
0.171000 100.608973 
0.172000 99.501100 
0.173000 98.389299 
0.174000 97.273613 
0.175000 96.154088 
0.176000 95.030766 
0.177000 93.903693 
0.178000 92.772912 
0.179000 91.638470 
0.180000 90.500409 
0.181000 89.358775 
0.182000 88.213614 
0.183000 87.064970 
0.184000 85.912890 
0.185000 84.757417 
0.186000 83.598598 
0.187000 82.436479 
0.188000 81.271106 
0.189000 80.102524 
0.190000 78.930780 
0.191000 77.755919 
0.192000 76.577990 
0.193000 75.397036 
0.194000 74.213107 
0.195000 73.026247 
0.196000 71.836505 
0.197000 70.643927 
0.198000 69.448559 
0.199000 68.250450 
0.200000 67.049647 
0.201000 65.846196 
0.202000 64.640147 
0.203000 63.431545 
0.204000 62.220439 
0.205000 61.006876 
0.206000 59.790906 
0.207000 58.572575 
0.208000 57.351931 
0.209000 56.129023 
0.210000 54.903900 
0.211000 53.676609 
0.212000 52.447198 
0.213000 51.215718 
0.214000 49.982215 
0.215000 48.746739 
0.216000 47.509339 
0.217000 46.270063 
0.218000 45.028961 
0.219000 43.786081 
0.220000 42.541472 
0.221000 41.295184 
0.222000 40.047265 
0.223000 38.797766 
0.224000 37.546735 
0.225000 36.294221 
0.226000 35.040275 
0.227000 33.784945 
0.228000 32.528282 
0.229000 31.270334 
0.230000 30.011152 
0.231000 28.750786 
0.232000 27.489284 
0.233000 26.226697 
0.234000 24.963074 
0.235000 23.698466 
0.236000 22.432923 
0.237000 21.166493 
0.238000 19.899229 
0.239000 18.631178 
0.240000 17.362392 
0.241000 16.092921 
0.242000 14.822815 
0.243000 13.552123 
0.244000 12.280896 
0.245000 11.009184 
0.246000 9.737038 
0.247000 8.464507 
0.248000 7.191642 
0.249000 5.918494 
0.250000 4.645111 
0.251000 3.371545 
0.252000 2.097846 
0.253000 0.824065 
0.254000 -0.449749 
0.255000 -1.723546 
0.256000 -2.997274 
0.257000 -4.270885 
0.258000 -5.544326 
0.259000 -6.817549 
0.260000 -8.090502 
0.261000 -9.363136 
0.262000 -10.635401 
0.263000 -11.907245 
0.264000 -13.178620 
0.265000 -14.449474 
0.266000 -15.719758 
0.267000 -16.989421 
0.268000 -18.258414 
0.269000 -19.526685 
0.270000 -20.794186 
0.271000 -22.060866 
0.272000 -23.326675 
0.273000 -24.591563 
0.274000 -25.855480 
0.275000 -27.118377 
0.276000 -28.380203 
0.277000 -29.640908 
0.278000 -30.900444 
0.279000 -32.158759 
0.280000 -33.415805 
0.281000 -34.671532 
0.282000 -35.925889 
0.283000 -37.178829 
0.284000 -38.430301 
0.285000 -39.680256 
0.286000 -40.928644 
0.287000 -42.175416 
0.288000 -43.420524 
0.289000 -44.663917 
0.290000 -45.905547 
0.291000 -47.145364 
0.292000 -48.383321 
0.293000 -49.619367 
0.294000 -50.853455 
0.295000 -52.085535 
0.296000 -53.315558 
0.297000 -54.543477 
0.298000 -55.769243 
0.299000 -56.992806 
0.300000 -58.214120 
0.301000 -59.433136 
0.302000 -60.649805 
0.303000 -61.864080 
0.304000 -63.075913 
0.305000 -64.285256 
0.306000 -65.492060 
0.307000 -66.696280 
0.308000 -67.897866 
0.309000 -69.096772 
0.310000 -70.292949 
0.311000 -71.486352 
0.312000 -72.676933 
0.313000 -73.864644 
0.314000 -75.049440 
0.315000 -76.231272 
0.316000 -77.410096 
0.317000 -78.585863 
0.318000 -79.758527 
0.319000 -80.928043 
0.320000 -82.094364 
0.321000 -83.257444 
0.322000 -84.417238 
0.323000 -85.573698 
0.324000 -86.726781 
0.325000 -87.876439 
0.326000 -89.022628 
0.327000 -90.165303 
0.328000 -91.304418 
0.329000 -92.439929 
0.330000 -93.571790 
0.331000 -94.699958 
0.332000 -95.824386 
0.333000 -96.945032 
0.334000 -98.061850 
0.335000 -99.174797 
0.336000 -100.283829 
0.337000 -101.388902 
0.338000 -102.489972 
0.339000 -103.586996 
0.340000 -104.679931 
0.341000 -105.768733 
0.342000 -106.853360 
0.343000 -107.933768 
0.344000 -109.009915 
0.345000 -110.081758 
0.346000 -111.149256 
0.347000 -112.212366 
0.348000 -113.271045 
0.349000 -114.325253 
0.350000 -115.374948 
0.351000 -116.420088 
0.352000 -117.460632 
0.353000 -118.496538 
0.354000 -119.527767 
0.355000 -120.554277 
0.356000 -121.576027 
0.357000 -122.592978 
0.358000 -123.605089 
0.359000 -124.612321 
0.360000 -125.614633 
0.361000 -126.611986 
0.362000 -127.604340 
0.363000 -128.591657 
0.364000 -129.573898 
0.365000 -130.551023 
0.366000 -131.522994 
0.367000 -132.489772 
0.368000 -133.451321 
0.369000 -134.407600 
0.370000 -135.358574 
0.371000 -136.304204 
0.372000 -137.244453 
0.373000 -138.179284 
0.374000 -139.108659 
0.375000 -140.032543 
0.376000 -140.950899 
0.377000 -141.863690 
0.378000 -142.770880 
0.379000 -143.672435 
0.380000 -144.568317 
0.381000 -145.458492 
0.382000 -146.342924 
0.383000 -147.221580 
0.384000 -148.094423 
0.385000 -148.961419 
0.386000 -149.822535 
0.387000 -150.677736 
0.388000 -151.526989 
0.389000 -152.370259 
0.390000 -153.207515 
0.391000 -154.038721 
0.392000 -154.863847 
0.393000 -155.682859 
0.394000 -156.495725 
0.395000 -157.302413 
0.396000 -158.102890 
0.397000 -158.897126 
0.398000 -159.685089 
0.399000 -160.466748 
0.400000 -161.242072 
0.401000 -162.011031 
0.402000 -162.773593 
0.403000 -163.529730 
0.404000 -164.279410 
0.405000 -165.022605 
0.406000 -165.759286 
0.407000 -166.489422 
0.408000 -167.212986 
0.409000 -167.929948 
0.410000 -168.640281 
0.411000 -169.343956 
0.412000 -170.040946 
0.413000 -170.731223 
0.414000 -171.414760 
0.415000 -172.091529 
0.416000 -172.761505 
0.417000 -173.424660 
0.418000 -174.080969 
0.419000 -174.730405 
0.420000 -175.372944 
0.421000 -176.008559 
0.422000 -176.637225 
0.423000 -177.258918 
0.424000 -177.873613 
0.425000 -178.481286 
0.426000 -179.081913 
0.427000 -179.675470 
0.428000 -180.261934 
0.429000 -180.841281 
0.430000 -181.413489 
0.431000 -181.978536 
0.432000 -182.536397 
0.433000 -183.087053 
0.434000 -183.630481 
0.435000 -184.166659 
0.436000 -184.695567 
0.437000 -185.217183 
0.438000 -185.731488 
0.439000 -186.238459 
0.440000 -186.738079 
0.441000 -187.230326 
0.442000 -187.715182 
0.443000 -188.192627 
0.444000 -188.662643 
0.445000 -189.125211 
0.446000 -189.580312 
0.447000 -190.027929 
0.448000 -190.468044 
0.449000 -190.900640 
0.450000 -191.325699 
0.451000 -191.743205 
0.452000 -192.153141 
0.453000 -192.555491 
0.454000 -192.950240 
0.455000 -193.337371 
0.456000 -193.716870 
0.457000 -194.088721 
0.458000 -194.452910 
0.459000 -194.809422 
0.460000 -195.158243 
0.461000 -195.499360 
0.462000 -195.832759 
0.463000 -196.158427 
0.464000 -196.476350 
0.465000 -196.786518 
0.466000 -197.088916 
0.467000 -197.383534 
0.468000 -197.670359 
0.469000 -197.949381 
0.470000 -198.220587 
0.471000 -198.483969 
0.472000 -198.739515 
0.473000 -198.987214 
0.474000 -199.227059 
0.475000 -199.459038 
0.476000 -199.683142 
0.477000 -199.899364 
0.478000 -200.107694 
0.479000 -200.308123 
0.480000 -200.500646 
0.481000 -200.685252 
0.482000 -200.861936 
0.483000 -201.030690 
0.484000 -201.191508 
0.485000 -201.344384 
0.486000 -201.489310 
0.487000 -201.626282 
0.488000 -201.755294 
0.489000 -201.876342 
0.490000 -201.989419 
0.491000 -202.094522 
0.492000 -202.191647 
0.493000 -202.280790 
0.494000 -202.361947 
0.495000 -202.435116 
0.496000 -202.500292 
0.497000 -202.557474 
0.498000 -202.606659 
0.499000 -202.647846 
0.500000 -202.681033 
0.501000 -202.706218 
0.502000 -202.723401 
0.503000 -202.732580 
0.504000 -202.733756 
0.505000 -202.726928 
0.506000 -202.712098 
0.507000 -202.689264 
0.508000 -202.658428 
0.509000 -202.619592 
0.510000 -202.572757 
0.511000 -202.517925 
0.512000 -202.455097 
0.513000 -202.384277 
0.514000 -202.305467 
0.515000 -202.218671 
0.516000 -202.123891 
0.517000 -202.021132 
0.518000 -201.910397 
0.519000 -201.791691 
0.520000 -201.665019 
0.521000 -201.530386 
0.522000 -201.387796 
0.523000 -201.237256 
0.524000 -201.078771 
0.525000 -200.912348 
0.526000 -200.737994 
0.527000 -200.555715 
0.528000 -200.365518 
0.529000 -200.167411 
0.530000 -199.961402 
0.531000 -199.747498 
0.532000 -199.525709 
0.533000 -199.296043 
0.534000 -199.058509 
0.535000 -198.813117 
0.536000 -198.559876 
0.537000 -198.298796 
0.538000 -198.029887 
0.539000 -197.753161 
0.540000 -197.468628 
0.541000 -197.176299 
0.542000 -196.876185 
0.543000 -196.568300 
0.544000 -196.252654 
0.545000 -195.929261 
0.546000 -195.598132 
0.547000 -195.259282 
0.548000 -194.912723 
0.549000 -194.558470 
0.550000 -194.196535 
0.551000 -193.826934 
0.552000 -193.449681 
0.553000 -193.064791 
0.554000 -192.672280 
0.555000 -192.272161 
0.556000 -191.864453 
0.557000 -191.449169 
0.558000 -191.026328 
0.559000 -190.595945 
0.560000 -190.158038 
0.561000 -189.712624 
0.562000 -189.259720 
0.563000 -188.799344 
0.564000 -188.331515 
0.565000 -187.856252 
0.566000 -187.373571 
0.567000 -186.883494 
0.568000 -186.386039 
0.569000 -185.881225 
0.570000 -185.369074 
0.571000 -184.849604 
0.572000 -184.322837 
0.573000 -183.788793 
0.574000 -183.247493 
0.575000 -182.698959 
0.576000 -182.143212 
0.577000 -181.580275 
0.578000 -181.010169 
0.579000 -180.432917 
0.580000 -179.848542 
0.581000 -179.257067 
0.582000 -178.658515 
0.583000 -178.052910 
0.584000 -177.440276 
0.585000 -176.820637 
0.586000 -176.194017 
0.587000 -175.560442 
0.588000 -174.919935 
0.589000 -174.272523 
0.590000 -173.618231 
0.591000 -172.957085 
0.592000 -172.289111 
0.593000 -171.614335 
0.594000 -170.932784 
0.595000 -170.244485 
0.596000 -169.549465 
0.597000 -168.847751 
0.598000 -168.139372 
0.599000 -167.424355 
0.600000 -166.702728 
0.601000 -165.974520 
0.602000 -165.239760 
0.603000 -164.498476 
0.604000 -163.750698 
0.605000 -162.996455 
0.606000 -162.235778 
0.607000 -161.468696 
0.608000 -160.695239 
0.609000 -159.915439 
0.610000 -159.129325 
0.611000 -158.336929 
0.612000 -157.538283 
0.613000 -156.733416 
0.614000 -155.922363 
0.615000 -155.105153 
0.616000 -154.281821 
0.617000 -153.452398 
0.618000 -152.616916 
0.619000 -151.775410 
0.620000 -150.927912 
0.621000 -150.074455 
0.622000 -149.215074 
0.623000 -148.349802 
0.624000 -147.478673 
0.625000 -146.601722 
0.626000 -145.718984 
0.627000 -144.830493 
0.628000 -143.936284 
0.629000 -143.036393 
0.630000 -142.130855 
0.631000 -141.219706 
0.632000 -140.302982 
0.633000 -139.380718 
0.634000 -138.452953 
0.635000 -137.519721 
0.636000 -136.581061 
0.637000 -135.637008 
0.638000 -134.687601 
0.639000 -133.732876 
0.640000 -132.772872 
0.641000 -131.807627 
0.642000 -130.837177 
0.643000 -129.861563 
0.644000 -128.880822 
0.645000 -127.894993 
0.646000 -126.904114 
0.647000 -125.908226 
0.648000 -124.907367 
0.649000 -123.901577 
0.650000 -122.890896 
0.651000 -121.875363 
0.652000 -120.855019 
0.653000 -119.829903 
0.654000 -118.800057 
0.655000 -117.765521 
0.656000 -116.726335 
0.657000 -115.682542 
0.658000 -114.634181 
0.659000 -113.581295 
0.660000 -112.523925 
0.661000 -111.462113 
0.662000 -110.395900 
0.663000 -109.325330 
0.664000 -108.250443 
0.665000 -107.171282 
0.666000 -106.087891 
0.667000 -105.000312 
0.668000 -103.908587 
0.669000 -102.812760 
0.670000 -101.712874 
0.671000 -100.608973 
0.672000 -99.501100 
0.673000 -98.389299 
0.674000 -97.273613 
0.675000 -96.154088 
0.676000 -95.030766 
0.677000 -93.903693 
0.678000 -92.772912 
0.679000 -91.638470 
0.680000 -90.500409 
0.681000 -89.358775 
0.682000 -88.213614 
0.683000 -87.064970 
0.684000 -85.912890 
0.685000 -84.757417 
0.686000 -83.598598 
0.687000 -82.436479 
0.688000 -81.271106 
0.689000 -80.102524 
0.690000 -78.930780 
0.691000 -77.755919 
0.692000 -76.577990 
0.693000 -75.397036 
0.694000 -74.213107 
0.695000 -73.026247 
0.696000 -71.836505 
0.697000 -70.643927 
0.698000 -69.448559 
0.699000 -68.250450 
0.700000 -67.049647 
0.701000 -65.846196 
0.702000 -64.640147 
0.703000 -63.431545 
0.704000 -62.220439 
0.705000 -61.006876 
0.706000 -59.790906 
0.707000 -58.572575 
0.708000 -57.351931 
0.709000 -56.129023 
0.710000 -54.903900 
0.711000 -53.676609 
0.712000 -52.447198 
0.713000 -51.215718 
0.714000 -49.982215 
0.715000 -48.746739 
0.716000 -47.509339 
0.717000 -46.270063 
0.718000 -45.028961 
0.719000 -43.786081 
0.720000 -42.541472 
0.721000 -41.295184 
0.722000 -40.047265 
0.723000 -38.797766 
0.724000 -37.546735 
0.725000 -36.294221 
0.726000 -35.040275 
0.727000 -33.784945 
0.728000 -32.528282 
0.729000 -31.270334 
0.730000 -30.011152 
0.731000 -28.750786 
0.732000 -27.489284 
0.733000 -26.226697 
0.734000 -24.963074 
0.735000 -23.698466 
0.736000 -22.432923 
0.737000 -21.166493 
0.738000 -19.899229 
0.739000 -18.631178 
0.740000 -17.362392 
0.741000 -16.092921 
0.742000 -14.822815 
0.743000 -13.552123 
0.744000 -12.280896 
0.745000 -11.009184 
0.746000 -9.737038 
0.747000 -8.464507 
0.748000 -7.191642 
0.749000 -5.918494 
0.750000 -4.645111 
0.751000 -3.371545 
0.752000 -2.097846 
0.753000 -0.824065 
0.754000 0.449749 
0.755000 1.723546 
0.756000 2.997274 
0.757000 4.270885 
0.758000 5.544326 
0.759000 6.817549 
0.760000 8.090502 
0.761000 9.363136 
0.762000 10.635401 
0.763000 11.907245 
0.764000 13.178620 
0.765000 14.449474 
0.766000 15.719758 
0.767000 16.989421 
0.768000 18.258414 
0.769000 19.526685 
0.770000 20.794186 
0.771000 22.060866 
0.772000 23.326675 
0.773000 24.591563 
0.774000 25.855480 
0.775000 27.118377 
0.776000 28.380203 
0.777000 29.640908 
0.778000 30.900444 
0.779000 32.158759 
0.780000 33.415805 
0.781000 34.671532 
0.782000 35.925889 
0.783000 37.178829 
0.784000 38.430301 
0.785000 39.680256 
0.786000 40.928644 
0.787000 42.175416 
0.788000 43.420524 
0.789000 44.663917 
0.790000 45.905547 
0.791000 47.145364 
0.792000 48.383321 
0.793000 49.619367 
0.794000 50.853455 
0.795000 52.085535 
0.796000 53.315558 
0.797000 54.543477 
0.798000 55.769243 
0.799000 56.992806 
0.800000 58.214120 
0.801000 59.433136 
0.802000 60.649805 
0.803000 61.864080 
0.804000 63.075913 
0.805000 64.285256 
0.806000 65.492060 
0.807000 66.696280 
0.808000 67.897866 
0.809000 69.096772 
0.810000 70.292949 
0.811000 71.486352 
0.812000 72.676933 
0.813000 73.864644 
0.814000 75.049440 
0.815000 76.231272 
0.816000 77.410096 
0.817000 78.585863 
0.818000 79.758527 
0.819000 80.928043 
0.820000 82.094364 
0.821000 83.257444 
0.822000 84.417238 
0.823000 85.573698 
0.824000 86.726781 
0.825000 87.876439 
0.826000 89.022628 
0.827000 90.165303 
0.828000 91.304418 
0.829000 92.439929 
0.830000 93.571790 
0.831000 94.699958 
0.832000 95.824386 
0.833000 96.945032 
0.834000 98.061850 
0.835000 99.174797 
0.836000 100.283829 
0.837000 101.388902 
0.838000 102.489972 
0.839000 103.586996 
0.840000 104.679931 
0.841000 105.768733 
0.842000 106.853360 
0.843000 107.933768 
0.844000 109.009915 
0.845000 110.081758 
0.846000 111.149256 
0.847000 112.212366 
0.848000 113.271045 
0.849000 114.325253 
0.850000 115.374948 
0.851000 116.420088 
0.852000 117.460632 
0.853000 118.496538 
0.854000 119.527767 
0.855000 120.554277 
0.856000 121.576027 
0.857000 122.592978 
0.858000 123.605089 
0.859000 124.612321 
0.860000 125.614633 
0.861000 126.611986 
0.862000 127.604340 
0.863000 128.591657 
0.864000 129.573898 
0.865000 130.551023 
0.866000 131.522994 
0.867000 132.489772 
0.868000 133.451321 
0.869000 134.407600 
0.870000 135.358574 
0.871000 136.304204 
0.872000 137.244453 
0.873000 138.179284 
0.874000 139.108659 
0.875000 140.032543 
0.876000 140.950899 
0.877000 141.863690 
0.878000 142.770880 
0.879000 143.672435 
0.880000 144.568317 
0.881000 145.458492 
0.882000 146.342924 
0.883000 147.221580 
0.884000 148.094423 
0.885000 148.961419 
0.886000 149.822535 
0.887000 150.677736 
0.888000 151.526989 
0.889000 152.370259 
0.890000 153.207515 
0.891000 154.038721 
0.892000 154.863847 
0.893000 155.682859 
0.894000 156.495725 
0.895000 157.302413 
0.896000 158.102890 
0.897000 158.897126 
0.898000 159.685089 
0.899000 160.466748 
0.900000 161.242072 
0.901000 162.011031 
0.902000 162.773593 
0.903000 163.529730 
0.904000 164.279410 
0.905000 165.022605 
0.906000 165.759286 
0.907000 166.489422 
0.908000 167.212986 
0.909000 167.929948 
0.910000 168.640281 
0.911000 169.343956 
0.912000 170.040946 
0.913000 170.731223 
0.914000 171.414760 
0.915000 172.091529 
0.916000 172.761505 
0.917000 173.424660 
0.918000 174.080969 
0.919000 174.730405 
0.920000 175.372944 
0.921000 176.008559 
0.922000 176.637225 
0.923000 177.258918 
0.924000 177.873613 
0.925000 178.481286 
0.926000 179.081913 
0.927000 179.675470 
0.928000 180.261934 
0.929000 180.841281 
0.930000 181.413489 
0.931000 181.978536 
0.932000 182.536397 
0.933000 183.087053 
0.934000 183.630481 
0.935000 184.166659 
0.936000 184.695567 
0.937000 185.217183 
0.938000 185.731488 
0.939000 186.238459 
0.940000 186.738079 
0.941000 187.230326 
0.942000 187.715182 
0.943000 188.192627 
0.944000 188.662643 
0.945000 189.125211 
0.946000 189.580312 
0.947000 190.027929 
0.948000 190.468044 
0.949000 190.900640 
0.950000 191.325699 
0.951000 191.743205 
0.952000 192.153141 
0.953000 192.555491 
0.954000 192.950240 
0.955000 193.337371 
0.956000 193.716870 
0.957000 194.088721 
0.958000 194.452910 
0.959000 194.809422 
0.960000 195.158243 
0.961000 195.499360 
0.962000 195.832759 
0.963000 196.158427 
0.964000 196.476350 
0.965000 196.786518 
0.966000 197.088916 
0.967000 197.383534 
0.968000 197.670359 
0.969000 197.949381 
0.970000 198.220587 
0.971000 198.483969 
0.972000 198.739515 
0.973000 198.987214 
0.974000 199.227059 
0.975000 199.459038 
0.976000 199.683142 
0.977000 199.899364 
0.978000 200.107694 
0.979000 200.308123 
0.980000 200.500646 
0.981000 200.685252 
0.982000 200.861936 
0.983000 201.030690 
0.984000 201.191508 
0.985000 201.344384 
0.986000 201.489310 
0.987000 201.626282 
0.988000 201.755294 
0.989000 201.876342 
0.990000 201.989419 
0.991000 202.094522 
0.992000 202.191647 
0.993000 202.280790 
0.994000 202.361947 
0.995000 202.435116 
0.996000 202.500292 
0.997000 202.557474 
0.998000 202.606659 
0.999000 202.647846 
1.000000 202.681033 
1.001000 202.706218 
1.002000 202.723401 
1.003000 202.732580 
1.004000 202.733756 
1.005000 202.726928 
1.006000 202.712098 
1.007000 202.689264 
1.008000 202.658428 
1.009000 202.619592 
1.010000 202.572757 
1.011000 202.517925 
1.012000 202.455097 
1.013000 202.384277 
1.014000 202.305467 
1.015000 202.218671 
1.016000 202.123891 
1.017000 202.021132 
1.018000 201.910397 
1.019000 201.791691 
1.020000 201.665019 
1.021000 201.530386 
1.022000 201.387796 
1.023000 201.237256 
1.024000 201.078771 
1.025000 200.912348 
1.026000 200.737994 
1.027000 200.555715 
1.028000 200.365518 
1.029000 200.167411 
1.030000 199.961402 
1.031000 199.747498 
1.032000 199.525709 
1.033000 199.296043 
1.034000 199.058509 
1.035000 198.813117 
1.036000 198.559876 
1.037000 198.298796 
1.038000 198.029887 
1.039000 197.753161 
1.040000 197.468628 
1.041000 197.176299 
1.042000 196.876185 
1.043000 196.568300 
1.044000 196.252654 
1.045000 195.929261 
1.046000 195.598132 
1.047000 195.259282 
1.048000 194.912723 
1.049000 194.558470 
1.050000 194.196535 
1.051000 193.826934 
1.052000 193.449681 
1.053000 193.064791 
1.054000 192.672280 
1.055000 192.272161 
1.056000 191.864453 
1.057000 191.449169 
1.058000 191.026328 
1.059000 190.595945 
1.060000 190.158038 
1.061000 189.712624 
1.062000 189.259720 
1.063000 188.799344 
1.064000 188.331515 
1.065000 187.856252 
1.066000 187.373571 
1.067000 186.883494 
1.068000 186.386039 
1.069000 185.881225 
1.070000 185.369074 
1.071000 184.849604 
1.072000 184.322837 
1.073000 183.788793 
1.074000 183.247493 
1.075000 182.698959 
1.076000 182.143212 
1.077000 181.580275 
1.078000 181.010169 
1.079000 180.432917 
1.080000 179.848542 
1.081000 179.257067 
1.082000 178.658515 
1.083000 178.052910 
1.084000 177.440276 
1.085000 176.820637 
1.086000 176.194017 
1.087000 175.560442 
1.088000 174.919935 
1.089000 174.272523 
1.090000 173.618231 
1.091000 172.957085 
1.092000 172.289111 
1.093000 171.614335 
1.094000 170.932784 
1.095000 170.244485 
1.096000 169.549465 
1.097000 168.847751 
1.098000 168.139372 
1.099000 167.424355 
1.100000 166.702728 
1.101000 165.974520 
1.102000 165.239760 
1.103000 164.498476 
1.104000 163.750698 
1.105000 162.996455 
1.106000 162.235778 
1.107000 161.468696 
1.108000 160.695239 
1.109000 159.915439 
1.110000 159.129325 
1.111000 158.336929 
1.112000 157.538283 
1.113000 156.733416 
1.114000 155.922363 
1.115000 155.105153 
1.116000 154.281821 
1.117000 153.452398 
1.118000 152.616916 
1.119000 151.775410 
1.120000 150.927912 
1.121000 150.074455 
1.122000 149.215074 
1.123000 148.349802 
1.124000 147.478673 
1.125000 146.601722 
1.126000 145.718984 
1.127000 144.830493 
1.128000 143.936284 
1.129000 143.036393 
1.130000 142.130855 
1.131000 141.219706 
1.132000 140.302982 
1.133000 139.380718 
1.134000 138.452953 
1.135000 137.519721 
1.136000 136.581061 
1.137000 135.637008 
1.138000 134.687601 
1.139000 133.732876 
1.140000 132.772872 
1.141000 131.807627 
1.142000 130.837177 
1.143000 129.861563 
1.144000 128.880822 
1.145000 127.894993 
1.146000 126.904114 
1.147000 125.908226 
1.148000 124.907367 
1.149000 123.901577 
1.150000 122.890896 
1.151000 121.875363 
1.152000 120.855019 
1.153000 119.829903 
1.154000 118.800057 
1.155000 117.765521 
1.156000 116.726335 
1.157000 115.682542 
1.158000 114.634181 
1.159000 113.581295 
1.160000 112.523925 
1.161000 111.462113 
1.162000 110.395900 
1.163000 109.325330 
1.164000 108.250443 
1.165000 107.171282 
1.166000 106.087891 
1.167000 105.000312 
1.168000 103.908587 
1.169000 102.812760 
1.170000 101.712874 
1.171000 100.608973 
1.172000 99.501100 
1.173000 98.389299 
1.174000 97.273613 
1.175000 96.154088 
1.176000 95.030766 
1.177000 93.903693 
1.178000 92.772912 
1.179000 91.638470 
1.180000 90.500409 
1.181000 89.358775 
1.182000 88.213614 
1.183000 87.064970 
1.184000 85.912890 
1.185000 84.757417 
1.186000 83.598598 
1.187000 82.436479 
1.188000 81.271106 
1.189000 80.102524 
1.190000 78.930780 
1.191000 77.755919 
1.192000 76.577990 
1.193000 75.397036 
1.194000 74.213107 
1.195000 73.026247 
1.196000 71.836505 
1.197000 70.643927 
1.198000 69.448559 
1.199000 68.250450 
1.200000 67.049647 
1.201000 65.846196 
1.202000 64.640147 
1.203000 63.431545 
1.204000 62.220439 
1.205000 61.006876 
1.206000 59.790906 
1.207000 58.572575 
1.208000 57.351931 
1.209000 56.129023 
1.210000 54.903900 
1.211000 53.676609 
1.212000 52.447198 
1.213000 51.215718 
1.214000 49.982215 
1.215000 48.746739 
1.216000 47.509339 
1.217000 46.270063 
1.218000 45.028961 
1.219000 43.786081 
1.220000 42.541472 
1.221000 41.295184 
1.222000 40.047265 
1.223000 38.797766 
1.224000 37.546735 
1.225000 36.294221 
1.226000 35.040275 
1.227000 33.784945 
1.228000 32.528282 
1.229000 31.270334 
1.230000 30.011152 
1.231000 28.750786 
1.232000 27.489284 
1.233000 26.226697 
1.234000 24.963074 
1.235000 23.698466 
1.236000 22.432923 
1.237000 21.166493 
1.238000 19.899229 
1.239000 18.631178 
1.240000 17.362392 
1.241000 16.092921 
1.242000 14.822815 
1.243000 13.552123 
1.244000 12.280896 
1.245000 11.009184 
1.246000 9.737038 
1.247000 8.464507 
1.248000 7.191642 
1.249000 5.918494 
1.250000 4.645111 
1.251000 3.371545 
1.252000 2.097846 
1.253000 0.824065 
1.254000 -0.449749 
1.255000 -1.723546 
1.256000 -2.997274 
1.257000 -4.270885 
1.258000 -5.544326 
1.259000 -6.817549 
1.260000 -8.090502 
1.261000 -9.363136 
1.262000 -10.635401 
1.263000 -11.907245 
1.264000 -13.178620 
1.265000 -14.449474 
1.266000 -15.719758 
1.267000 -16.989421 
1.268000 -18.258414 
1.269000 -19.526685 
1.270000 -20.794186 
1.271000 -22.060866 
1.272000 -23.326675 
1.273000 -24.591563 
1.274000 -25.855480 
1.275000 -27.118377 
1.276000 -28.380203 
1.277000 -29.640908 
1.278000 -30.900444 
1.279000 -32.158759 
1.280000 -33.415805 
1.281000 -34.671532 
1.282000 -35.925889 
1.283000 -37.178829 
1.284000 -38.430301 
1.285000 -39.680256 
1.286000 -40.928644 
1.287000 -42.175416 
1.288000 -43.420524 
1.289000 -44.663917 
1.290000 -45.905547 
1.291000 -47.145364 
1.292000 -48.383321 
1.293000 -49.619367 
1.294000 -50.853455 
1.295000 -52.085535 
1.296000 -53.315558 
1.297000 -54.543477 
1.298000 -55.769243 
1.299000 -56.992806 
1.300000 -58.214120 
1.301000 -59.433136 
1.302000 -60.649805 
1.303000 -61.864080 
1.304000 -63.075913 
1.305000 -64.285256 
1.306000 -65.492060 
1.307000 -66.696280 
1.308000 -67.897866 
1.309000 -69.096772 
1.310000 -70.292949 
1.311000 -71.486352 
1.312000 -72.676933 
1.313000 -73.864644 
1.314000 -75.049440 
1.315000 -76.231272 
1.316000 -77.410096 
1.317000 -78.585863 
1.318000 -79.758527 
1.319000 -80.928043 
1.320000 -82.094364 
1.321000 -83.257444 
1.322000 -84.417238 
1.323000 -85.573698 
1.324000 -86.726781 
1.325000 -87.876439 
1.326000 -89.022628 
1.327000 -90.165303 
1.328000 -91.304418 
1.329000 -92.439929 
1.330000 -93.571790 
1.331000 -94.699958 
1.332000 -95.824386 
1.333000 -96.945032 
1.334000 -98.061850 
1.335000 -99.174797 
1.336000 -100.283829 
1.337000 -101.388902 
1.338000 -102.489972 
1.339000 -103.586996 
1.340000 -104.679931 
1.341000 -105.768733 
1.342000 -106.853360 
1.343000 -107.933768 
1.344000 -109.009915 
1.345000 -110.081758 
1.346000 -111.149256 
1.347000 -112.212366 
1.348000 -113.271045 
1.349000 -114.325253 
1.350000 -115.374948 
1.351000 -116.420088 
1.352000 -117.460632 
1.353000 -118.496538 
1.354000 -119.527767 
1.355000 -120.554277 
1.356000 -121.576027 
1.357000 -122.592978 
1.358000 -123.605089 
1.359000 -124.612321 
1.360000 -125.614633 
1.361000 -126.611986 
1.362000 -127.604340 
1.363000 -128.591657 
1.364000 -129.573898 
1.365000 -130.551023 
1.366000 -131.522994 
1.367000 -132.489772 
1.368000 -133.451321 
1.369000 -134.407600 
1.370000 -135.358574 
1.371000 -136.304204 
1.372000 -137.244453 
1.373000 -138.179284 
1.374000 -139.108659 
1.375000 -140.032543 
1.376000 -140.950899 
1.377000 -141.863690 
1.378000 -142.770880 
1.379000 -143.672435 
1.380000 -144.568317 
1.381000 -145.458492 
1.382000 -146.342924 
1.383000 -147.221580 
1.384000 -148.094423 
1.385000 -148.961419 
1.386000 -149.822535 
1.387000 -150.677736 
1.388000 -151.526989 
1.389000 -152.370259 
1.390000 -153.207515 
1.391000 -154.038721 
1.392000 -154.863847 
1.393000 -155.682859 
1.394000 -156.495725 
1.395000 -157.302413 
1.396000 -158.102890 
1.397000 -158.897126 
1.398000 -159.685089 
1.399000 -160.466748 
1.400000 -161.242072 
1.401000 -162.011031 
1.402000 -162.773593 
1.403000 -163.529730 
1.404000 -164.279410 
1.405000 -165.022605 
1.406000 -165.759286 
1.407000 -166.489422 
1.408000 -167.212986 
1.409000 -167.929948 
1.410000 -168.640281 
1.411000 -169.343956 
1.412000 -170.040946 
1.413000 -170.731223 
1.414000 -171.414760 
1.415000 -172.091529 
1.416000 -172.761505 
1.417000 -173.424660 
1.418000 -174.080969 
1.419000 -174.730405 
1.420000 -175.372944 
1.421000 -176.008559 
1.422000 -176.637225 
1.423000 -177.258918 
1.424000 -177.873613 
1.425000 -178.481286 
1.426000 -179.081913 
1.427000 -179.675470 
1.428000 -180.261934 
1.429000 -180.841281 
1.430000 -181.413489 
1.431000 -181.978536 
1.432000 -182.536397 
1.433000 -183.087053 
1.434000 -183.630481 
1.435000 -184.166659 
1.436000 -184.695567 
1.437000 -185.217183 
1.438000 -185.731488 
1.439000 -186.238459 
1.440000 -186.738079 
1.441000 -187.230326 
1.442000 -187.715182 
1.443000 -188.192627 
1.444000 -188.662643 
1.445000 -189.125211 
1.446000 -189.580312 
1.447000 -190.027929 
1.448000 -190.468044 
1.449000 -190.900640 
1.450000 -191.325699 
1.451000 -191.743205 
1.452000 -192.153141 
1.453000 -192.555491 
1.454000 -192.950240 
1.455000 -193.337371 
1.456000 -193.716870 
1.457000 -194.088721 
1.458000 -194.452910 
1.459000 -194.809422 
1.460000 -195.158243 
1.461000 -195.499360 
1.462000 -195.832759 
1.463000 -196.158427 
1.464000 -196.476350 
1.465000 -196.786518 
1.466000 -197.088916 
1.467000 -197.383534 
1.468000 -197.670359 
1.469000 -197.949381 
1.470000 -198.220587 
1.471000 -198.483969 
1.472000 -198.739515 
1.473000 -198.987214 
1.474000 -199.227059 
1.475000 -199.459038 
1.476000 -199.683142 
1.477000 -199.899364 
1.478000 -200.107694 
1.479000 -200.308123 
1.480000 -200.500646 
1.481000 -200.685252 
1.482000 -200.861936 
1.483000 -201.030690 
1.484000 -201.191508 
1.485000 -201.344384 
1.486000 -201.489310 
1.487000 -201.626282 
1.488000 -201.755294 
1.489000 -201.876342 
1.490000 -201.989419 
1.491000 -202.094522 
1.492000 -202.191647 
1.493000 -202.280790 
1.494000 -202.361947 
1.495000 -202.435116 
1.496000 -202.500292 
1.497000 -202.557474 
1.498000 -202.606659 
1.499000 -202.647846 
