# epoch Tc_folded Tref_folded value value_err offset model full_model val_compare val_compare_err residuals residuals_err jitter jitter_flag offset_flag subset_flag 
57972.642391 -3.233032 0.610731 -3403.950745 2.539091 -3409.082380 1.548968 -3403.582835 1.181058 2.539091 -0.367910 2.539091 0.775965   0   0  -1 
57989.571677 -1.801736 0.795438 -3403.491118 4.308768 -3409.082380 3.033062 -3403.083331 2.625274 4.308768 -0.407787 4.308768 0.775965   0   0  -1 
57991.553196 0.179783 0.051151 -3392.727040 5.085907 -3409.082380 -0.463660 -3402.502096 9.311396 5.085907 9.775056 5.085907 0.775965   0   0  -1 
57991.656885 0.283472 0.064532 -3401.895347 5.279425 -3409.082380 -0.718926 -3414.055502 11.441229 5.279425 12.160155 5.279425 0.775965   0   0  -1 
57992.564895 1.191482 0.181710 -3414.435048 1.785553 -3409.082380 -2.554845 -3415.099955 -1.889938 1.785553 0.664907 1.785553 0.775965   0   0  -1 
57992.647092 1.273679 0.192318 -3407.356187 1.636293 -3409.082380 -2.664944 -3407.510491 -2.510640 1.636293 0.154304 1.636293 0.775965   0   0  -1 
57992.737182 1.363769 0.203944 -3417.465868 2.594756 -3409.082380 -2.771760 -3416.859757 -3.377871 2.594756 -0.606111 2.594756 0.775965   0   0  -1 
57993.569005 2.195592 0.311289 -3423.538827 1.597645 -3409.082380 -3.003189 -3421.718502 -4.823514 1.597645 -1.820325 1.597645 0.775965   0   0  -1 
57993.649707 2.276294 0.321704 -3430.623726 5.901415 -3409.082380 -2.951088 -3426.650003 -6.924810 5.901415 -3.973723 5.901415 0.775965   0   0  -1 
57994.540226 3.166813 0.436625 -3421.639748 1.379527 -3409.082380 -1.624601 -3421.771362 -1.492987 1.379527 0.131614 1.379527 0.775965   0   0  -1 
57994.614332 3.240919 0.446188 -3412.782905 10.883783 -3409.082380 -1.464994 -3415.045999 0.798101 10.883783 2.263094 10.883783 0.775965   0   0  -1 
57994.726301 3.352888 0.460637 -3423.971140 1.846029 -3409.082380 -1.214336 -3426.028497 0.843020 1.846029 2.057357 1.846029 0.775965   0   0  -1 
57995.521310 -3.601098 0.563232 -3418.160026 2.422678 -3409.082380 0.712400 -3415.112464 -2.335161 2.422678 -3.047562 2.422678 0.775965   0   0  -1 
57995.613168 -3.509240 0.575087 -3420.573246 1.865867 -3409.082380 0.930232 -3420.203709 0.560695 1.865867 -0.369537 1.865867 0.775965   0   0  -1 
57996.519648 -2.602760 0.692067 -3397.815330 6.174933 -3409.082380 2.630864 -3405.589093 10.404627 6.174933 7.773763 6.174933 0.775965   0   0  -1 
57996.586905 -2.535503 0.700746 -3399.385989 3.985312 -3409.082380 2.710630 -3401.352861 4.677502 3.985312 1.966872 3.985312 0.775965   0   0  -1 
57996.696770 -2.425638 0.714924 -3409.231371 3.762886 -3409.082380 2.823810 -3412.562165 6.154605 3.762886 3.330794 3.762886 0.775965   0   0  -1 
57997.518889 -1.603519 0.821018 -3416.192127 10.512481 -3409.082380 2.939924 -3409.826315 -3.425888 10.512481 -6.365812 10.512481 0.775965   0   0  -1 
57999.514325 0.391917 0.078527 -3420.186816 1.986259 -3409.082380 -0.980644 -3420.889203 -0.278257 1.986259 0.702387 1.986259 0.775965   0   0  -1 
57999.683151 0.560743 0.100314 -3410.126393 1.923508 -3409.082380 -1.372532 -3409.916746 -1.582179 1.923508 -0.209647 1.923508 0.775965   0   0  -1 
58000.517294 1.394886 0.207959 -3411.448860 2.158012 -3409.082380 -2.805183 -3409.708718 -4.545325 2.158012 -1.740142 2.158012 0.775965   0   0  -1 
58000.587327 1.464919 0.216997 -3418.004900 2.210032 -3409.082380 -2.873720 -3417.771865 -3.106755 2.210032 -0.233035 2.210032 0.775965   0   0  -1 
58000.661400 1.538992 0.226556 -3425.541901 2.702821 -3409.082380 -2.935937 -3420.525794 -7.952043 2.702821 -5.016107 2.702821 0.775965   0   0  -1 
58001.483841 2.361433 0.332691 -3416.756314 1.574567 -3409.082380 -2.882334 -3417.634536 -2.004112 1.574567 0.878222 1.574567 0.775965   0   0  -1 
58001.659262 2.536854 0.355329 -3405.159578 1.746470 -3409.082380 -2.697643 -3406.528296 -1.328925 1.746470 1.368718 1.746470 0.775965   0   0  -1 
58011.441099 -3.179298 0.617665 -3395.359033 2.361032 -3409.082380 1.661243 -3395.556953 1.859163 2.361032 0.197920 2.361032 0.775965   0   0  -1 
58011.463972 -3.156425 0.620617 -3398.194550 2.270627 -3409.082380 1.708094 -3396.934016 0.447560 2.270627 -1.260534 2.270627 0.775965   0   0  -1 
58011.492837 -3.127560 0.624342 -3400.505372 2.126682 -3409.082380 1.766384 -3400.307415 1.568427 2.126682 -0.197957 2.126682 0.775965   0   0  -1 
58011.514782 -3.105615 0.627174 -3403.093911 2.230855 -3409.082380 1.810058 -3403.291746 2.007893 2.230855 0.197835 2.230855 0.775965   0   0  -1 
58011.537045 -3.083352 0.630047 -3405.241656 2.085680 -3409.082380 1.853784 -3405.877711 2.489839 2.085680 0.636055 2.085680 0.775965   0   0  -1 
58011.559660 -3.060737 0.632965 -3404.004867 1.607452 -3409.082380 1.897588 -3407.392887 5.285608 1.607452 3.388020 1.607452 0.775965   0   0  -1 
58011.588087 -3.032310 0.636634 -3408.272196 2.359123 -3409.082380 1.951752 -3407.146549 0.826105 2.359123 -1.125647 2.359123 0.775965   0   0  -1 
58011.611718 -3.008679 0.639683 -3408.808471 1.755062 -3409.082380 1.995998 -3405.176779 -1.635694 1.755062 -3.631692 1.755062 0.775965   0   0  -1 
58011.634613 -2.985784 0.642638 -3403.524582 2.076258 -3409.082380 2.038175 -3402.250885 0.764478 2.076258 -1.273697 2.076258 0.775965   0   0  -1 
58019.530387 -2.839005 0.661580 -3416.808792 4.312076 -3409.082380 2.291502 -3416.303643 1.786354 4.312076 -0.505149 4.312076 0.775965   0   0  -1 
58019.576096 -2.793296 0.667478 -3419.493020 4.761156 -3409.082380 2.364020 -3415.329506 -1.799493 4.761156 -4.163514 4.761156 0.775965   0   0  -1 
58021.485174 -0.884218 0.913843 -3415.906900 3.276578 -3409.082380 2.004697 -3415.445126 1.542924 3.276578 -0.461774 3.276578 0.775965   0   0  -1 
58021.550035 -0.819357 0.922213 -3412.895741 4.662862 -3409.082380 1.880715 -3414.402329 3.387302 4.662862 1.506588 4.662862 0.775965   0   0  -1 
58022.507855 0.138463 0.045819 -3426.093967 2.137532 -3409.082380 -0.360988 -3425.549872 -0.905083 2.137532 -0.544095 2.137532 0.775965   0   0  -1 
58022.613117 0.243725 0.059403 -3413.354952 2.387842 -3409.082380 -0.621552 -3414.442478 0.465973 2.387842 1.087526 2.387842 0.775965   0   0  -1 
58025.440973 3.071581 0.424335 -3394.381850 1.198154 -3409.082380 -1.821263 -3394.540367 -1.662746 1.198154 0.158517 1.198154 0.775965   0   0  -1 
58025.604040 3.234648 0.445379 -3406.049107 1.440550 -3409.082380 -1.478706 -3405.337976 -2.189837 1.440550 -0.711131 1.440550 0.775965   0   0  -1 
58026.439462 -3.678924 0.553189 -3400.170009 2.651136 -3409.082380 0.524590 -3402.661474 3.016056 2.651136 2.491465 2.651136 0.775965   0   0  -1 
58026.524119 -3.594267 0.564114 -3391.749324 2.834279 -3409.082380 0.728753 -3393.345928 2.325357 2.834279 1.596604 2.834279 0.775965   0   0  -1 
58820.385845 -0.130002 0.011174 -3407.233581 5.604244 -3409.082380 0.309656 -3407.292678 0.368753 5.604244 0.059097 5.604244 0.775965   0   0  -1 
59416.667143 -0.521297 0.960678 -3416.016064 2.191666 -3409.082380 1.248219 -3415.599547 0.831702 2.191666 -0.416517 2.191666 0.775965   0   0  -1 
59428.721191 3.783756 0.516240 -3379.863485 1.928625 -3409.082380 -0.179715 -3380.378238 0.335038 1.928625 0.514753 1.928625 0.775965   0   0  -1 
59442.689993 2.254569 0.318900 -3394.128765 2.616052 -3409.082380 -2.966377 -3393.985013 -3.110129 2.616052 -0.143752 2.616052 0.775965   0   0  -1 
59459.571626 3.638212 0.497458 -3406.988796 1.986261 -3409.082380 -0.537352 -3407.398201 -0.127946 1.986261 0.409405 1.986261 0.775965   0   0  -1 
59473.565133 2.133730 0.303306 -3417.074562 3.502489 -3409.082380 -3.034354 -3415.547446 -4.561470 3.502489 -1.527116 3.502489 0.775965   0   0  -1 
57984.680256 1.055838 0.164205 -3384.100000 1.800000 -3381.183274 -2.348179 -3382.459167 -3.989013 1.800000 -1.640833 1.800000 1.168709   1   1  -1 
57984.751983 1.127565 0.173462 -3374.200000 1.700000 -3381.183274 -2.461226 -3373.807632 -2.853593 1.700000 -0.392368 1.700000 1.168709   1   1  -1 
57985.674925 2.050507 0.292566 -3368.400000 1.600000 -3381.183274 -3.064096 -3371.036993 -0.427103 1.600000 2.636993 1.600000 1.168709   1   1  -1 
57985.734244 2.109826 0.300221 -3378.400000 1.900000 -3381.183274 -3.044334 -3378.618051 -2.826283 1.900000 0.218051 1.900000 1.168709   1   1  -1 
57985.785126 2.160708 0.306788 -3381.500000 1.600000 -3381.183274 -3.021707 -3381.793110 -2.728597 1.600000 0.293110 1.600000 1.168709   1   1  -1 
57985.813252 2.188834 0.310417 -3378.400000 1.900000 -3381.183274 -3.006967 -3380.306558 -1.100409 1.900000 1.906558 1.900000 1.168709   1   1  -1 
57986.682822 3.058404 0.422634 -3380.000000 1.900000 -3381.183274 -1.847667 -3377.186759 -4.660907 1.900000 -2.813241 1.900000 1.168709   1   1  -1 
57986.754654 3.130236 0.431904 -3369.900000 1.600000 -3381.183274 -1.701316 -3369.722180 -1.879136 1.600000 -0.177820 1.600000 1.168709   1   1  -1 
57986.778833 3.154415 0.435025 -3367.500000 1.800000 -3381.183274 -1.650763 -3370.032762 0.881999 1.800000 2.532762 1.800000 1.168709   1   1  -1 
57986.826543 3.202125 0.441181 -3376.900000 1.900000 -3381.183274 -1.549223 -3375.026939 -3.422284 1.900000 -1.873061 1.900000 1.168709   1   1  -1 
57987.709214 -3.664199 0.555089 -3381.300000 1.600000 -3381.183274 0.560318 -3381.467839 0.728157 1.600000 0.167839 1.600000 1.168709   1   1  -1 
57987.734608 -3.638805 0.558366 -3383.700000 1.600000 -3381.183274 0.621729 -3383.179070 0.100799 1.600000 -0.520930 1.600000 1.168709   1   1  -1 
57987.781925 -3.591488 0.564473 -3381.600000 1.400000 -3381.183274 0.735401 -3381.281923 0.417324 1.400000 -0.318077 1.400000 1.168709   1   1  -1 
57987.806336 -3.567077 0.567623 -3377.700000 1.400000 -3381.183274 0.793617 -3378.288114 1.381731 1.400000 0.588114 1.400000 1.168709   1   1  -1 
57990.664452 -0.708961 0.936460 -3374.300000 2.500000 -3381.183274 1.657670 -3374.959452 2.317123 2.500000 0.659452 2.500000 1.168709   1   1  -1 
57990.695714 -0.677699 0.940494 -3373.500000 2.200000 -3381.183274 1.591953 -3374.202293 2.294245 2.200000 0.702293 2.200000 1.168709   1   1  -1 
57990.732741 -0.640672 0.945272 -3374.800000 2.100000 -3381.183274 1.512758 -3376.982518 3.695276 2.100000 2.182518 2.100000 1.168709   1   1  -1 
57990.800776 -0.572637 0.954052 -3389.700000 2.100000 -3381.183274 1.363627 -3385.298103 -3.038270 2.100000 -4.401897 2.100000 1.168709   1   1  -1 
57991.701381 0.327968 0.070274 -3383.100000 1.800000 -3381.183274 -0.827077 -3384.868686 0.941609 1.800000 1.768686 1.800000 1.168709   1   1  -1 
57991.772391 0.398978 0.079438 -3379.600000 1.500000 -3381.183274 -0.997448 -3376.175144 -4.422304 1.500000 -3.424856 1.500000 1.168709   1   1  -1 
57992.672127 1.298714 0.195548 -3380.000000 1.500000 -3381.183274 -2.696106 -3380.579932 -2.116173 1.500000 0.579932 1.500000 1.168709   1   1  -1 
57992.697220 1.323807 0.198786 -3385.800000 1.500000 -3381.183274 -2.726204 -3383.233994 -5.292210 1.500000 -2.566006 1.500000 1.168709   1   1  -1 
57992.743541 1.370128 0.204764 -3387.500000 2.000000 -3381.183274 -2.778737 -3389.808882 -0.469855 2.000000 2.308882 2.000000 1.168709   1   1  -1 
57992.771308 1.397895 0.208347 -3390.400000 1.900000 -3381.183274 -2.808318 -3392.576831 -0.631488 1.900000 2.176831 1.900000 1.168709   1   1  -1 
57992.826622 1.453209 0.215486 -3391.900000 2.000000 -3381.183274 -2.862911 -3391.559016 -3.203895 2.000000 -0.340984 2.000000 1.168709   1   1  -1 
