# epoch Tc_folded Tref_folded model 
2453642.573272 -0.133775 0.139498     0.000000
2453642.573486 -0.133561 0.139595     0.000000
2453642.573701 -0.133346 0.139692     0.000000
2453642.573915 -0.133132 0.139789     0.000000
2453642.574130 -0.132917 0.139885     0.000000
2453642.574345 -0.132702 0.139982     0.000000
2453642.574559 -0.132488 0.140079     0.000000
2453642.574774 -0.132273 0.140175     0.000000
2453642.574988 -0.132059 0.140272     0.000000
2453642.575203 -0.131844 0.140369     0.000000
2453642.575418 -0.131629 0.140466     0.000000
2453642.575632 -0.131415 0.140562     0.000000
2453642.575847 -0.131200 0.140659     0.000000
2453642.576061 -0.130986 0.140756     0.000000
2453642.576276 -0.130771 0.140853     0.000000
2453642.576491 -0.130556 0.140949     0.000000
2453642.576705 -0.130342 0.141046     0.000000
2453642.576920 -0.130127 0.141143     0.000000
2453642.577134 -0.129913 0.141239     0.000000
2453642.577349 -0.129698 0.141336     0.000000
2453642.577564 -0.129483 0.141433     0.000000
2453642.577778 -0.129269 0.141530     0.000000
2453642.577993 -0.129054 0.141626     0.000000
2453642.578207 -0.128840 0.141723     0.000000
2453642.578422 -0.128625 0.141820     0.000000
2453642.578637 -0.128411 0.141917     0.000000
2453642.578851 -0.128196 0.142013     0.000000
2453642.579066 -0.127981 0.142110     0.000000
2453642.579280 -0.127767 0.142207     0.000000
2453642.579495 -0.127552 0.142303     0.000000
2453642.579710 -0.127338 0.142400     0.000000
2453642.579924 -0.127123 0.142497     0.000000
2453642.580139 -0.126908 0.142594     0.000000
2453642.580353 -0.126694 0.142690     0.000000
2453642.580568 -0.126479 0.142787     0.000000
2453642.580782 -0.126265 0.142884     0.000000
2453642.580997 -0.126050 0.142981     0.000000
2453642.581212 -0.125835 0.143077     0.000000
2453642.581426 -0.125621 0.143174     0.000000
2453642.581641 -0.125406 0.143271     0.000000
2453642.581855 -0.125192 0.143367     0.000000
2453642.582070 -0.124977 0.143464     0.000000
2453642.582285 -0.124762 0.143561     0.000000
2453642.582499 -0.124548 0.143658     0.000000
2453642.582714 -0.124333 0.143754     0.000000
2453642.582928 -0.124119 0.143851     0.000000
2453642.583143 -0.123904 0.143948     0.000000
2453642.583358 -0.123689 0.144045     0.000000
2453642.583572 -0.123475 0.144141     0.000000
2453642.583787 -0.123260 0.144238     0.000000
2453642.584001 -0.123046 0.144335     0.000000
2453642.584216 -0.122831 0.144431     0.000000
2453642.584431 -0.122616 0.144528     0.000000
2453642.584645 -0.122402 0.144625     0.000000
2453642.584860 -0.122187 0.144722     0.000000
2453642.585074 -0.121973 0.144818     0.000000
2453642.585289 -0.121758 0.144915     0.000000
2453642.585504 -0.121544 0.145012     0.000000
2453642.585718 -0.121329 0.145108     0.000000
2453642.585933 -0.121114 0.145205     0.000000
2453642.586147 -0.120900 0.145302     0.000000
2453642.586362 -0.120685 0.145399     0.000000
2453642.586577 -0.120471 0.145495     0.000000
2453642.586791 -0.120256 0.145592     0.000000
2453642.587006 -0.120041 0.145689     0.000000
2453642.587220 -0.119827 0.145786     0.000000
2453642.587435 -0.119612 0.145882     0.000000
2453642.587649 -0.119398 0.145979     0.000000
2453642.587864 -0.119183 0.146076     0.000000
2453642.588079 -0.118968 0.146172     0.000000
2453642.588293 -0.118754 0.146269     0.000000
2453642.588508 -0.118539 0.146366     0.000000
2453642.588722 -0.118325 0.146463     0.000000
2453642.588937 -0.118110 0.146559     0.000000
2453642.589152 -0.117895 0.146656     0.000000
2453642.589366 -0.117681 0.146753     0.000000
2453642.589581 -0.117466 0.146850     0.000000
2453642.589795 -0.117252 0.146946     0.000000
2453642.590010 -0.117037 0.147043     0.000000
2453642.590225 -0.116822 0.147140     0.000000
2453642.590439 -0.116608 0.147236     0.000000
2453642.590654 -0.116393 0.147333     0.000000
2453642.590868 -0.116179 0.147430     0.000000
2453642.591083 -0.115964 0.147527     0.000000
2453642.591298 -0.115749 0.147623     0.000000
2453642.591512 -0.115535 0.147720     0.000000
2453642.591727 -0.115320 0.147817     0.000000
2453642.591941 -0.115106 0.147914     0.000000
2453642.592156 -0.114891 0.148010     0.000000
2453642.592371 -0.114677 0.148107     0.000000
2453642.592585 -0.114462 0.148204     0.000000
2453642.592800 -0.114247 0.148300     0.000000
2453642.593014 -0.114033 0.148397     0.000000
2453642.593229 -0.113818 0.148494     0.000000
2453642.593444 -0.113604 0.148591     0.000000
2453642.593658 -0.113389 0.148687     0.000000
2453642.593873 -0.113174 0.148784     0.000000
2453642.594087 -0.112960 0.148881     0.000000
2453642.594302 -0.112745 0.148978     0.000000
2453642.594517 -0.112531 0.149074     0.000000
2453642.594731 -0.112316 0.149171     0.000000
2453642.594946 -0.112101 0.149268     0.000000
2453642.595160 -0.111887 0.149364     0.000000
2453642.595375 -0.111672 0.149461     0.000000
2453642.595589 -0.111458 0.149558     0.000000
2453642.595804 -0.111243 0.149655     0.000000
2453642.596019 -0.111028 0.149751     0.000000
2453642.596233 -0.110814 0.149848     0.000000
2453642.596448 -0.110599 0.149945     0.000000
2453642.596662 -0.110385 0.150042     0.000000
2453642.596877 -0.110170 0.150138     0.000000
2453642.597092 -0.109955 0.150235     0.000000
2453642.597306 -0.109741 0.150332     0.000000
2453642.597521 -0.109526 0.150428     0.000000
2453642.597735 -0.109312 0.150525     0.000000
2453642.597950 -0.109097 0.150622     0.000000
2453642.598165 -0.108882 0.150719     0.000000
2453642.598379 -0.108668 0.150815     0.000000
2453642.598594 -0.108453 0.150912     0.000000
2453642.598808 -0.108239 0.151009     0.000000
2453642.599023 -0.108024 0.151106     0.000000
2453642.599238 -0.107809 0.151202     0.000000
2453642.599452 -0.107595 0.151299     0.000000
2453642.599667 -0.107380 0.151396     0.000000
2453642.599881 -0.107166 0.151492     0.000000
2453642.600096 -0.106951 0.151589     0.000000
2453642.600311 -0.106737 0.151686     0.000000
2453642.600525 -0.106522 0.151783     0.000000
2453642.600740 -0.106307 0.151879     0.000000
2453642.600954 -0.106093 0.151976     0.000000
2453642.601169 -0.105878 0.152073     0.000000
2453642.601384 -0.105664 0.152169     0.000000
2453642.601598 -0.105449 0.152266     0.000000
2453642.601813 -0.105234 0.152363     0.000000
2453642.602027 -0.105020 0.152460     0.000000
2453642.602242 -0.104805 0.152556     0.000000
2453642.602456 -0.104591 0.152653     0.000000
2453642.602671 -0.104376 0.152750     0.000000
2453642.602886 -0.104161 0.152847     0.000000
2453642.603100 -0.103947 0.152943     0.000000
2453642.603315 -0.103732 0.153040     0.000000
2453642.603529 -0.103518 0.153137     0.000000
2453642.603744 -0.103303 0.153233     0.000000
2453642.603959 -0.103088 0.153330     0.000000
2453642.604173 -0.102874 0.153427     0.000000
2453642.604388 -0.102659 0.153524     0.000000
2453642.604602 -0.102445 0.153620     0.000000
2453642.604817 -0.102230 0.153717     0.000000
2453642.605032 -0.102015 0.153814     0.000000
2453642.605246 -0.101801 0.153911     0.000000
2453642.605461 -0.101586 0.154007     0.000000
2453642.605675 -0.101372 0.154104     0.000000
2453642.605890 -0.101157 0.154201     0.000000
2453642.606105 -0.100942 0.154297     0.000000
2453642.606319 -0.100728 0.154394     0.000000
2453642.606534 -0.100513 0.154491     0.000000
2453642.606748 -0.100299 0.154588     0.000000
2453642.606963 -0.100084 0.154684     0.000000
2453642.607178 -0.099870 0.154781     0.000000
2453642.607392 -0.099655 0.154878     0.000000
2453642.607607 -0.099440 0.154975     0.000000
2453642.607821 -0.099226 0.155071     0.000000
2453642.608036 -0.099011 0.155168     0.000000
2453642.608251 -0.098797 0.155265     0.000000
2453642.608465 -0.098582 0.155361     0.000000
2453642.608680 -0.098367 0.155458     0.000000
2453642.608894 -0.098153 0.155555     0.000000
2453642.609109 -0.097938 0.155652     0.000000
2453642.609323 -0.097724 0.155748     0.000000
2453642.609538 -0.097509 0.155845     0.000000
2453642.609753 -0.097294 0.155942     0.000000
2453642.609967 -0.097080 0.156039     0.000000
2453642.610182 -0.096865 0.156135     0.000000
2453642.610396 -0.096651 0.156232     0.000000
2453642.610611 -0.096436 0.156329     0.000000
2453642.610826 -0.096221 0.156425     0.000000
2453642.611040 -0.096007 0.156522     0.000000
2453642.611255 -0.095792 0.156619     0.000000
2453642.611469 -0.095578 0.156716     0.000000
2453642.611684 -0.095363 0.156812     0.000000
2453642.611899 -0.095148 0.156909     0.000000
2453642.612113 -0.094934 0.157006     0.000000
2453642.612328 -0.094719 0.157103     0.000000
2453642.612542 -0.094505 0.157199     0.000000
2453642.612757 -0.094290 0.157296     0.000000
2453642.612972 -0.094075 0.157393     0.000000
2453642.613186 -0.093861 0.157489     0.000000
2453642.613401 -0.093646 0.157586     0.000000
2453642.613615 -0.093432 0.157683     0.000000
2453642.613830 -0.093217 0.157780     0.000000
2453642.614045 -0.093003 0.157876     0.000000
2453642.614259 -0.092788 0.157973     0.000000
2453642.614474 -0.092573 0.158070     0.000000
2453642.614688 -0.092359 0.158167     0.000000
2453642.614903 -0.092144 0.158263     0.000000
2453642.615118 -0.091930 0.158360     0.000000
2453642.615332 -0.091715 0.158457     0.000000
2453642.615547 -0.091500 0.158553     0.000000
2453642.615761 -0.091286 0.158650     0.000000
2453642.615976 -0.091071 0.158747     0.000000
2453642.616190 -0.090857 0.158844     0.000000
2453642.616405 -0.090642 0.158940     0.000000
2453642.616620 -0.090427 0.159037     0.000000
2453642.616834 -0.090213 0.159134     0.000000
2453642.617049 -0.089998 0.159231     0.000000
2453642.617263 -0.089784 0.159327     0.000000
2453642.617478 -0.089569 0.159424     0.000000
2453642.617693 -0.089354 0.159521     0.000000
2453642.617907 -0.089140 0.159617     0.000000
2453642.618122 -0.088925 0.159714     0.000000
2453642.618336 -0.088711 0.159811     0.000000
2453642.618551 -0.088496 0.159908     0.000000
2453642.618766 -0.088281 0.160004     0.000000
2453642.618980 -0.088067 0.160101     0.000000
2453642.619195 -0.087852 0.160198     0.000000
2453642.619409 -0.087638 0.160294     0.000000
2453642.619624 -0.087423 0.160391     0.000000
2453642.619839 -0.087208 0.160488     0.000000
2453642.620053 -0.086994 0.160585     0.000000
2453642.620268 -0.086779 0.160681     0.000000
2453642.620482 -0.086565 0.160778     0.000000
2453642.620697 -0.086350 0.160875     0.000000
2453642.620912 -0.086136 0.160972     0.000000
2453642.621126 -0.085921 0.161068     0.000000
2453642.621341 -0.085706 0.161165     0.000000
2453642.621555 -0.085492 0.161262     0.000000
2453642.621770 -0.085277 0.161358     0.000000
2453642.621985 -0.085063 0.161455     0.000000
2453642.622199 -0.084848 0.161552     0.000000
2453642.622414 -0.084633 0.161649     0.000000
2453642.622628 -0.084419 0.161745     0.000000
2453642.622843 -0.084204 0.161842     0.000000
2453642.623057 -0.083990 0.161939     0.000000
2453642.623272 -0.083775 0.162036     0.000000
2453642.623487 -0.083560 0.162132     0.000000
2453642.623701 -0.083346 0.162229     0.000000
2453642.623916 -0.083131 0.162326     0.000000
2453642.624130 -0.082917 0.162422     0.000000
2453642.624345 -0.082702 0.162519     0.000000
2453642.624560 -0.082487 0.162616     0.000000
2453642.624774 -0.082273 0.162713     0.000000
2453642.624989 -0.082058 0.162809     0.000000
2453642.625203 -0.081844 0.162906     0.000000
2453642.625418 -0.081629 0.163003     0.000000
2453642.625633 -0.081414 0.163100     0.000000
2453642.625847 -0.081200 0.163196     0.000000
2453642.626062 -0.080985 0.163293     0.000000
2453642.626276 -0.080771 0.163390     0.000000
2453642.626491 -0.080556 0.163486     0.000000
2453642.626706 -0.080341 0.163583     0.000000
2453642.626920 -0.080127 0.163680     0.000000
2453642.627135 -0.079912 0.163777     0.000000
2453642.627349 -0.079698 0.163873     0.000000
2453642.627564 -0.079483 0.163970     0.000000
2453642.627779 -0.079268 0.164067     0.000000
2453642.627993 -0.079054 0.164164     0.000000
2453642.628208 -0.078839 0.164260     0.000000
2453642.628422 -0.078625 0.164357     0.000000
2453642.628637 -0.078410 0.164454     0.000000
2453642.628852 -0.078196 0.164550     0.000000
2453642.629066 -0.077981 0.164647     0.000000
2453642.629281 -0.077766 0.164744     0.000000
2453642.629495 -0.077552 0.164841     0.000000
2453642.629710 -0.077337 0.164937     0.000000
2453642.629925 -0.077123 0.165034     0.000000
2453642.630139 -0.076908 0.165131     0.000000
2453642.630354 -0.076693 0.165228     0.000000
2453642.630568 -0.076479 0.165324     0.000000
2453642.630783 -0.076264 0.165421     0.000000
2453642.630997 -0.076050 0.165518     0.000000
2453642.631212 -0.075835 0.165614     0.000000
2453642.631427 -0.075620 0.165711     0.000000
2453642.631641 -0.075406 0.165808     0.000000
2453642.631856 -0.075191 0.165905     0.000000
2453642.632070 -0.074977 0.166001     0.000000
2453642.632285 -0.074762 0.166098     0.000000
2453642.632500 -0.074547 0.166195     0.000000
2453642.632714 -0.074333 0.166292     0.000000
2453642.632929 -0.074118 0.166388     0.000000
2453642.633143 -0.073904 0.166485     0.000000
2453642.633358 -0.073689 0.166582     0.000000
2453642.633573 -0.073474 0.166678     0.000000
2453642.633787 -0.073260 0.166775     0.000000
2453642.634002 -0.073045 0.166872     0.000000
2453642.634216 -0.072831 0.166969     0.000000
2453642.634431 -0.072616 0.167065     0.000000
2453642.634646 -0.072401 0.167162     0.000000
2453642.634860 -0.072187 0.167259     0.000000
2453642.635075 -0.071972 0.167355     0.000000
2453642.635289 -0.071758 0.167452     0.000000
2453642.635504 -0.071543 0.167549     0.000000
2453642.635719 -0.071329 0.167646     0.000000
2453642.635933 -0.071114 0.167742     0.000000
2453642.636148 -0.070899 0.167839     0.000000
2453642.636362 -0.070685 0.167936     0.000000
2453642.636577 -0.070470 0.168033     0.000000
2453642.636792 -0.070256 0.168129     0.000000
2453642.637006 -0.070041 0.168226     0.000000
2453642.637221 -0.069826 0.168323     0.000000
2453642.637435 -0.069612 0.168419     0.000000
2453642.637650 -0.069397 0.168516     0.000000
2453642.637864 -0.069183 0.168613     0.000000
2453642.638079 -0.068968 0.168710     0.000000
2453642.638294 -0.068753 0.168806     0.000000
2453642.638508 -0.068539 0.168903     0.000000
2453642.638723 -0.068324 0.169000     0.000000
2453642.638937 -0.068110 0.169097     0.000000
2453642.639152 -0.067895 0.169193     0.000000
2453642.639367 -0.067680 0.169290     0.000000
2453642.639581 -0.067466 0.169387     0.000000
2453642.639796 -0.067251 0.169483     0.000000
2453642.640010 -0.067037 0.169580     0.000000
2453642.640225 -0.066822 0.169677     0.000000
2453642.640440 -0.066607 0.169774     0.000000
2453642.640654 -0.066393 0.169870     0.000000
2453642.640869 -0.066178 0.169967     0.000000
2453642.641083 -0.065964 0.170064     0.000000
2453642.641298 -0.065749 0.170161     0.000000
2453642.641513 -0.065534 0.170257     0.000000
2453642.641727 -0.065320 0.170354     0.000000
2453642.641942 -0.065105 0.170451     0.000000
2453642.642156 -0.064891 0.170547     0.000000
2453642.642371 -0.064676 0.170644     0.000000
2453642.642586 -0.064462 0.170741     0.000000
2453642.642800 -0.064247 0.170838     0.000000
2453642.643015 -0.064032 0.170934     0.000000
2453642.643229 -0.063818 0.171031     0.000000
2453642.643444 -0.063603 0.171128     0.000000
2453642.643659 -0.063389 0.171225     0.000000
2453642.643873 -0.063174 0.171321     0.000000
2453642.644088 -0.062959 0.171418     0.000000
2453642.644302 -0.062745 0.171515     0.000000
2453642.644517 -0.062530 0.171611     0.000000
2453642.644731 -0.062316 0.171708     0.000000
2453642.644946 -0.062101 0.171805     0.000000
2453642.645161 -0.061886 0.171902     0.000000
2453642.645375 -0.061672 0.171998     0.000000
2453642.645590 -0.061457 0.172095     0.000000
2453642.645804 -0.061243 0.172192     0.000000
2453642.646019 -0.061028 0.172289     0.000000
2453642.646234 -0.060813 0.172385     0.000000
2453642.646448 -0.060599 0.172482     0.000000
2453642.646663 -0.060384 0.172579     0.000000
2453642.646877 -0.060170 0.172675     0.000000
2453642.647092 -0.059955 0.172772     0.000000
2453642.647307 -0.059740 0.172869     0.000000
2453642.647521 -0.059526 0.172966     0.000000
2453642.647736 -0.059311 0.173062     0.000000
2453642.647950 -0.059097 0.173159     0.000000
2453642.648165 -0.058882 0.173256     0.000000
2453642.648380 -0.058667 0.173353     0.000000
2453642.648594 -0.058453 0.173449     0.000000
2453642.648809 -0.058238 0.173546     0.000000
2453642.649023 -0.058024 0.173643     0.000000
2453642.649238 -0.057809 0.173739     0.000000
2453642.649453 -0.057595 0.173836     0.000000
2453642.649667 -0.057380 0.173933     0.000000
2453642.649882 -0.057165 0.174030     0.000000
2453642.650096 -0.056951 0.174126     0.000000
2453642.650311 -0.056736 0.174223     0.000000
2453642.650526 -0.056522 0.174320     0.000000
2453642.650740 -0.056307 0.174416     0.000000
2453642.650955 -0.056092 0.174513     0.000000
2453642.651169 -0.055878 0.174610     0.000000
2453642.651384 -0.055663 0.174707     0.000000
2453642.651598 -0.055449 0.174803     0.000000
2453642.651813 -0.055234 0.174900     0.000000
2453642.652028 -0.055019 0.174997     0.000000
2453642.652242 -0.054805 0.175094     0.000000
2453642.652457 -0.054590 0.175190     0.000000
2453642.652671 -0.054376 0.175287     0.000000
2453642.652886 -0.054161 0.175384     0.000000
2453642.653101 -0.053946 0.175480     0.000000
2453642.653315 -0.053732 0.175577     0.000000
2453642.653530 -0.053517 0.175674     0.000000
2453642.653744 -0.053303 0.175771     0.000000
2453642.653959 -0.053088 0.175867     0.000000
2453642.654174 -0.052873 0.175964     0.000000
2453642.654388 -0.052659 0.176061     0.000000
2453642.654603 -0.052444 0.176158     0.000000
2453642.654817 -0.052230 0.176254     0.000000
2453642.655032 -0.052015 0.176351     0.000000
2453642.655247 -0.051800 0.176448     0.000000
2453642.655461 -0.051586 0.176544     0.000000
2453642.655676 -0.051371 0.176641     0.000000
2453642.655890 -0.051157 0.176738     0.000000
2453642.656105 -0.050942 0.176835     0.000000
2453642.656320 -0.050728 0.176931     0.000000
2453642.656534 -0.050513 0.177028     0.000000
2453642.656749 -0.050298 0.177125     0.000000
2453642.656963 -0.050084 0.177222     0.000000
2453642.657178 -0.049869 0.177318     0.000000
2453642.657393 -0.049655 0.177415     0.000000
2453642.657607 -0.049440 0.177512     0.000000
2453642.657822 -0.049225 0.177608     0.000000
2453642.658036 -0.049011 0.177705     0.000000
2453642.658251 -0.048796 0.177802     0.000000
2453642.658465 -0.048582 0.177899     0.000000
2453642.658680 -0.048367 0.177995     0.000000
2453642.658895 -0.048152 0.178092     0.000000
2453642.659109 -0.047938 0.178189     0.000000
2453642.659324 -0.047723 0.178286     0.000000
2453642.659538 -0.047509 0.178382     0.000000
2453642.659753 -0.047294 0.178479     0.000000
2453642.659968 -0.047079 0.178576     0.000000
2453642.660182 -0.046865 0.178672     0.000000
2453642.660397 -0.046650 0.178769     0.000000
2453642.660611 -0.046436 0.178866     0.000000
2453642.660826 -0.046221 0.178963     0.000000
2453642.661041 -0.046006 0.179059     0.000000
2453642.661255 -0.045792 0.179156     0.000000
2453642.661470 -0.045577 0.179253    -0.000008
2453642.661684 -0.045363 0.179350    -0.000072
2453642.661899 -0.045148 0.179446    -0.000172
2453642.662114 -0.044933 0.179543    -0.000300
2453642.662328 -0.044719 0.179640    -0.000453
2453642.662543 -0.044504 0.179736    -0.000628
2453642.662757 -0.044290 0.179833    -0.000823
2453642.662972 -0.044075 0.179930    -0.001037
2453642.663187 -0.043860 0.180027    -0.001268
2453642.663401 -0.043646 0.180123    -0.001515
2453642.663616 -0.043431 0.180220    -0.001778
2453642.663830 -0.043217 0.180317    -0.002055
2453642.664045 -0.043002 0.180414    -0.002347
2453642.664260 -0.042788 0.180510    -0.002651
2453642.664474 -0.042573 0.180607    -0.002969
2453642.664689 -0.042358 0.180704    -0.003298
2453642.664903 -0.042144 0.180800    -0.003639
2453642.665118 -0.041929 0.180897    -0.003990
2453642.665333 -0.041715 0.180994    -0.004352
2453642.665547 -0.041500 0.181091    -0.004724
2453642.665762 -0.041285 0.181187    -0.005105
2453642.665976 -0.041071 0.181284    -0.005495
2453642.666191 -0.040856 0.181381    -0.005893
2453642.666405 -0.040642 0.181477    -0.006299
2453642.666620 -0.040427 0.181574    -0.006712
2453642.666835 -0.040212 0.181671    -0.007132
2453642.667049 -0.039998 0.181768    -0.007559
2453642.667264 -0.039783 0.181864    -0.007991
2453642.667478 -0.039569 0.181961    -0.008429
2453642.667693 -0.039354 0.182058    -0.008872
2453642.667908 -0.039139 0.182155    -0.009319
2453642.668122 -0.038925 0.182251    -0.009770
2453642.668337 -0.038710 0.182348    -0.010224
2453642.668551 -0.038496 0.182445    -0.010681
2453642.668766 -0.038281 0.182541    -0.011140
2453642.668981 -0.038066 0.182638    -0.011601
2453642.669195 -0.037852 0.182735    -0.012063
2453642.669410 -0.037637 0.182832    -0.012526
2453642.669624 -0.037423 0.182928    -0.012988
2453642.669839 -0.037208 0.183025    -0.013450
2453642.670054 -0.036993 0.183122    -0.013910
2453642.670268 -0.036779 0.183219    -0.014367
2453642.670483 -0.036564 0.183315    -0.014822
2453642.670697 -0.036350 0.183412    -0.015272
2453642.670912 -0.036135 0.183509    -0.015718
2453642.671127 -0.035921 0.183605    -0.016158
2453642.671341 -0.035706 0.183702    -0.016591
2453642.671556 -0.035491 0.183799    -0.017017
2453642.671770 -0.035277 0.183896    -0.017432
2453642.671985 -0.035062 0.183992    -0.017837
2453642.672200 -0.034848 0.184089    -0.018230
2453642.672414 -0.034633 0.184186    -0.018607
2453642.672629 -0.034418 0.184283    -0.018968
2453642.672843 -0.034204 0.184379    -0.019308
2453642.673058 -0.033989 0.184476    -0.019623
2453642.673272 -0.033775 0.184573    -0.019906
2453642.673487 -0.033560 0.184669    -0.020135
2453642.673702 -0.033345 0.184766    -0.020308
2453642.673916 -0.033131 0.184863    -0.020472
2453642.674131 -0.032916 0.184960    -0.020628
2453642.674345 -0.032702 0.185056    -0.020778
2453642.674560 -0.032487 0.185153    -0.020923
2453642.674775 -0.032272 0.185250    -0.021063
2453642.674989 -0.032058 0.185347    -0.021198
2453642.675204 -0.031843 0.185443    -0.021329
2453642.675418 -0.031629 0.185540    -0.021457
2453642.675633 -0.031414 0.185637    -0.021581
2453642.675848 -0.031199 0.185733    -0.021702
2453642.676062 -0.030985 0.185830    -0.021819
2453642.676277 -0.030770 0.185927    -0.021934
2453642.676491 -0.030556 0.186024    -0.022046
2453642.676706 -0.030341 0.186120    -0.022155
2453642.676921 -0.030126 0.186217    -0.022262
2453642.677135 -0.029912 0.186314    -0.022367
2453642.677350 -0.029697 0.186411    -0.022469
2453642.677564 -0.029483 0.186507    -0.022569
2453642.677779 -0.029268 0.186604    -0.022666
2453642.677994 -0.029054 0.186701    -0.022762
2453642.678208 -0.028839 0.186797    -0.022856
2453642.678423 -0.028624 0.186894    -0.022948
2453642.678637 -0.028410 0.186991    -0.023038
2453642.678852 -0.028195 0.187088    -0.023127
2453642.679067 -0.027981 0.187184    -0.023214
2453642.679281 -0.027766 0.187281    -0.023299
2453642.679496 -0.027551 0.187378    -0.023382
2453642.679710 -0.027337 0.187475    -0.023464
2453642.679925 -0.027122 0.187571    -0.023545
2453642.680139 -0.026908 0.187668    -0.023624
2453642.680354 -0.026693 0.187765    -0.023701
2453642.680569 -0.026478 0.187861    -0.023778
2453642.680783 -0.026264 0.187958    -0.023852
2453642.680998 -0.026049 0.188055    -0.023926
2453642.681212 -0.025835 0.188152    -0.023998
2453642.681427 -0.025620 0.188248    -0.024069
2453642.681642 -0.025405 0.188345    -0.024139
2453642.681856 -0.025191 0.188442    -0.024208
2453642.682071 -0.024976 0.188538    -0.024276
2453642.682285 -0.024762 0.188635    -0.024342
2453642.682500 -0.024547 0.188732    -0.024407
2453642.682715 -0.024332 0.188829    -0.024472
2453642.682929 -0.024118 0.188925    -0.024535
2453642.683144 -0.023903 0.189022    -0.024597
2453642.683358 -0.023689 0.189119    -0.024658
2453642.683573 -0.023474 0.189216    -0.024718
2453642.683788 -0.023259 0.189312    -0.024777
2453642.684002 -0.023045 0.189409    -0.024835
2453642.684217 -0.022830 0.189506    -0.024893
2453642.684431 -0.022616 0.189602    -0.024949
2453642.684646 -0.022401 0.189699    -0.025005
2453642.684861 -0.022187 0.189796    -0.025059
2453642.685075 -0.021972 0.189893    -0.025113
2453642.685290 -0.021757 0.189989    -0.025166
2453642.685504 -0.021543 0.190086    -0.025218
2453642.685719 -0.021328 0.190183    -0.025269
2453642.685934 -0.021114 0.190280    -0.025319
2453642.686148 -0.020899 0.190376    -0.025369
2453642.686363 -0.020684 0.190473    -0.025417
2453642.686577 -0.020470 0.190570    -0.025465
2453642.686792 -0.020255 0.190666    -0.025513
2453642.687006 -0.020041 0.190763    -0.025559
2453642.687221 -0.019826 0.190860    -0.025605
2453642.687436 -0.019611 0.190957    -0.025650
2453642.687650 -0.019397 0.191053    -0.025694
2453642.687865 -0.019182 0.191150    -0.025738
2453642.688079 -0.018968 0.191247    -0.025781
2453642.688294 -0.018753 0.191344    -0.025823
2453642.688509 -0.018538 0.191440    -0.025864
2453642.688723 -0.018324 0.191537    -0.025905
2453642.688938 -0.018109 0.191634    -0.025945
2453642.689152 -0.017895 0.191730    -0.025985
2453642.689367 -0.017680 0.191827    -0.026024
2453642.689582 -0.017465 0.191924    -0.026062
2453642.689796 -0.017251 0.192021    -0.026100
2453642.690011 -0.017036 0.192117    -0.026137
2453642.690225 -0.016822 0.192214    -0.026173
2453642.690440 -0.016607 0.192311    -0.026209
2453642.690655 -0.016392 0.192408    -0.026244
2453642.690869 -0.016178 0.192504    -0.026279
2453642.691084 -0.015963 0.192601    -0.026313
2453642.691298 -0.015749 0.192698    -0.026346
2453642.691513 -0.015534 0.192794    -0.026379
2453642.691728 -0.015320 0.192891    -0.026411
2453642.691942 -0.015105 0.192988    -0.026443
2453642.692157 -0.014890 0.193085    -0.026474
2453642.692371 -0.014676 0.193181    -0.026504
2453642.692586 -0.014461 0.193278    -0.026534
2453642.692801 -0.014247 0.193375    -0.026564
2453642.693015 -0.014032 0.193472    -0.026593
2453642.693230 -0.013817 0.193568    -0.026621
2453642.693444 -0.013603 0.193665    -0.026649
2453642.693659 -0.013388 0.193762    -0.026677
2453642.693874 -0.013174 0.193858    -0.026704
2453642.694088 -0.012959 0.193955    -0.026730
2453642.694303 -0.012744 0.194052    -0.026756
2453642.694517 -0.012530 0.194149    -0.026781
2453642.694732 -0.012315 0.194245    -0.026806
2453642.694946 -0.012101 0.194342    -0.026830
2453642.695161 -0.011886 0.194439    -0.026854
2453642.695376 -0.011671 0.194536    -0.026877
2453642.695590 -0.011457 0.194632    -0.026900
2453642.695805 -0.011242 0.194729    -0.026923
2453642.696019 -0.011028 0.194826    -0.026945
2453642.696234 -0.010813 0.194922    -0.026966
2453642.696449 -0.010598 0.195019    -0.026987
2453642.696663 -0.010384 0.195116    -0.027008
2453642.696878 -0.010169 0.195213    -0.027028
2453642.697092 -0.009955 0.195309    -0.027047
2453642.697307 -0.009740 0.195406    -0.027066
2453642.697522 -0.009525 0.195503    -0.027085
2453642.697736 -0.009311 0.195599    -0.027103
2453642.697951 -0.009096 0.195696    -0.027121
2453642.698165 -0.008882 0.195793    -0.027138
2453642.698380 -0.008667 0.195890    -0.027155
2453642.698595 -0.008452 0.195986    -0.027172
2453642.698809 -0.008238 0.196083    -0.027187
2453642.699024 -0.008023 0.196180    -0.027203
2453642.699238 -0.007809 0.196277    -0.027218
2453642.699453 -0.007594 0.196373    -0.027233
2453642.699668 -0.007380 0.196470    -0.027247
2453642.699882 -0.007165 0.196567    -0.027261
2453642.700097 -0.006950 0.196663    -0.027274
2453642.700311 -0.006736 0.196760    -0.027287
2453642.700526 -0.006521 0.196857    -0.027300
2453642.700741 -0.006307 0.196954    -0.027312
2453642.700955 -0.006092 0.197050    -0.027324
2453642.701170 -0.005877 0.197147    -0.027335
2453642.701384 -0.005663 0.197244    -0.027346
2453642.701599 -0.005448 0.197341    -0.027356
2453642.701813 -0.005234 0.197437    -0.027366
2453642.702028 -0.005019 0.197534    -0.027376
2453642.702243 -0.004804 0.197631    -0.027385
2453642.702457 -0.004590 0.197727    -0.027394
2453642.702672 -0.004375 0.197824    -0.027402
2453642.702886 -0.004161 0.197921    -0.027410
2453642.703101 -0.003946 0.198018    -0.027418
2453642.703316 -0.003731 0.198114    -0.027425
2453642.703530 -0.003517 0.198211    -0.027432
2453642.703745 -0.003302 0.198308    -0.027438
2453642.703959 -0.003088 0.198405    -0.027444
2453642.704174 -0.002873 0.198501    -0.027449
2453642.704389 -0.002658 0.198598    -0.027455
2453642.704603 -0.002444 0.198695    -0.027459
2453642.704818 -0.002229 0.198791    -0.027464
2453642.705032 -0.002015 0.198888    -0.027468
2453642.705247 -0.001800 0.198985    -0.027471
2453642.705462 -0.001585 0.199082    -0.027474
2453642.705676 -0.001371 0.199178    -0.027477
2453642.705891 -0.001156 0.199275    -0.027479
2453642.706105 -0.000942 0.199372    -0.027481
2453642.706320 -0.000727 0.199469    -0.027483
2453642.706535 -0.000513 0.199565    -0.027484
2453642.706749 -0.000298 0.199662    -0.027485
2453642.706964 -0.000083 0.199759    -0.027485
2453642.707178 0.000131 0.199855    -0.027485
2453642.707393 0.000346 0.199952    -0.027485
2453642.707608 0.000560 0.200049    -0.027484
2453642.707822 0.000775 0.200146    -0.027483
2453642.708037 0.000990 0.200242    -0.027481
2453642.708251 0.001204 0.200339    -0.027479
2453642.708466 0.001419 0.200436    -0.027476
2453642.708680 0.001633 0.200533    -0.027474
2453642.708895 0.001848 0.200629    -0.027470
2453642.709110 0.002063 0.200726    -0.027467
2453642.709324 0.002277 0.200823    -0.027463
2453642.709539 0.002492 0.200919    -0.027458
2453642.709753 0.002706 0.201016    -0.027453
2453642.709968 0.002921 0.201113    -0.027448
2453642.710183 0.003136 0.201210    -0.027443
2453642.710397 0.003350 0.201306    -0.027437
2453642.710612 0.003565 0.201403    -0.027430
2453642.710826 0.003779 0.201500    -0.027423
2453642.711041 0.003994 0.201597    -0.027416
2453642.711256 0.004209 0.201693    -0.027408
2453642.711470 0.004423 0.201790    -0.027400
2453642.711685 0.004638 0.201887    -0.027392
2453642.711899 0.004852 0.201983    -0.027383
2453642.712114 0.005067 0.202080    -0.027374
2453642.712329 0.005282 0.202177    -0.027364
2453642.712543 0.005496 0.202274    -0.027354
2453642.712758 0.005711 0.202370    -0.027343
2453642.712972 0.005925 0.202467    -0.027332
2453642.713187 0.006140 0.202564    -0.027321
2453642.713402 0.006354 0.202660    -0.027309
2453642.713616 0.006569 0.202757    -0.027297
2453642.713831 0.006784 0.202854    -0.027284
2453642.714045 0.006998 0.202951    -0.027271
2453642.714260 0.007213 0.203047    -0.027258
2453642.714475 0.007427 0.203144    -0.027244
2453642.714689 0.007642 0.203241    -0.027230
2453642.714904 0.007857 0.203338    -0.027215
2453642.715118 0.008071 0.203434    -0.027200
2453642.715333 0.008286 0.203531    -0.027184
2453642.715547 0.008500 0.203628    -0.027168
2453642.715762 0.008715 0.203724    -0.027151
2453642.715977 0.008930 0.203821    -0.027134
2453642.716191 0.009144 0.203918    -0.027117
2453642.716406 0.009359 0.204015    -0.027099
2453642.716620 0.009573 0.204111    -0.027081
2453642.716835 0.009788 0.204208    -0.027062
2453642.717050 0.010003 0.204305    -0.027043
2453642.717264 0.010217 0.204402    -0.027023
2453642.717479 0.010432 0.204498    -0.027003
2453642.717693 0.010646 0.204595    -0.026982
2453642.717908 0.010861 0.204692    -0.026961
2453642.718123 0.011076 0.204788    -0.026940
2453642.718337 0.011290 0.204885    -0.026918
2453642.718552 0.011505 0.204982    -0.026895
2453642.718766 0.011719 0.205079    -0.026872
2453642.718981 0.011934 0.205175    -0.026849
2453642.719196 0.012149 0.205272    -0.026825
2453642.719410 0.012363 0.205369    -0.026800
2453642.719625 0.012578 0.205466    -0.026775
2453642.719839 0.012792 0.205562    -0.026750
2453642.720054 0.013007 0.205659    -0.026724
2453642.720269 0.013221 0.205756    -0.026698
2453642.720483 0.013436 0.205852    -0.026671
2453642.720698 0.013651 0.205949    -0.026643
2453642.720912 0.013865 0.206046    -0.026615
2453642.721127 0.014080 0.206143    -0.026587
2453642.721342 0.014294 0.206239    -0.026557
2453642.721556 0.014509 0.206336    -0.026528
2453642.721771 0.014724 0.206433    -0.026498
2453642.721985 0.014938 0.206530    -0.026467
2453642.722200 0.015153 0.206626    -0.026436
2453642.722414 0.015367 0.206723    -0.026404
2453642.722629 0.015582 0.206820    -0.026371
2453642.722844 0.015797 0.206916    -0.026339
2453642.723058 0.016011 0.207013    -0.026305
2453642.723273 0.016226 0.207110    -0.026271
2453642.723487 0.016440 0.207207    -0.026236
2453642.723702 0.016655 0.207303    -0.026201
2453642.723917 0.016870 0.207400    -0.026165
2453642.724131 0.017084 0.207497    -0.026128
2453642.724346 0.017299 0.207594    -0.026091
2453642.724560 0.017513 0.207690    -0.026054
2453642.724775 0.017728 0.207787    -0.026015
2453642.724990 0.017943 0.207884    -0.025976
2453642.725204 0.018157 0.207980    -0.025937
2453642.725419 0.018372 0.208077    -0.025896
2453642.725633 0.018586 0.208174    -0.025855
2453642.725848 0.018801 0.208271    -0.025814
2453642.726063 0.019016 0.208367    -0.025771
2453642.726277 0.019230 0.208464    -0.025728
2453642.726492 0.019445 0.208561    -0.025684
2453642.726706 0.019659 0.208658    -0.025640
2453642.726921 0.019874 0.208754    -0.025595
2453642.727136 0.020089 0.208851    -0.025549
2453642.727350 0.020303 0.208948    -0.025502
2453642.727565 0.020518 0.209044    -0.025455
2453642.727779 0.020732 0.209141    -0.025407
2453642.727994 0.020947 0.209238    -0.025358
2453642.728209 0.021161 0.209335    -0.025308
2453642.728423 0.021376 0.209431    -0.025257
2453642.728638 0.021591 0.209528    -0.025206
2453642.728852 0.021805 0.209625    -0.025154
2453642.729067 0.022020 0.209721    -0.025101
2453642.729282 0.022234 0.209818    -0.025047
2453642.729496 0.022449 0.209915    -0.024992
2453642.729711 0.022664 0.210012    -0.024937
2453642.729925 0.022878 0.210108    -0.024880
2453642.730140 0.023093 0.210205    -0.024823
2453642.730354 0.023307 0.210302    -0.024764
2453642.730569 0.023522 0.210399    -0.024705
2453642.730784 0.023737 0.210495    -0.024644
2453642.730998 0.023951 0.210592    -0.024583
2453642.731213 0.024166 0.210689    -0.024521
2453642.731427 0.024380 0.210785    -0.024457
2453642.731642 0.024595 0.210882    -0.024393
2453642.731857 0.024810 0.210979    -0.024327
2453642.732071 0.025024 0.211076    -0.024261
2453642.732286 0.025239 0.211172    -0.024193
2453642.732500 0.025453 0.211269    -0.024124
2453642.732715 0.025668 0.211366    -0.024054
2453642.732930 0.025883 0.211463    -0.023982
2453642.733144 0.026097 0.211559    -0.023910
2453642.733359 0.026312 0.211656    -0.023836
2453642.733573 0.026526 0.211753    -0.023761
2453642.733788 0.026741 0.211849    -0.023684
2453642.734003 0.026956 0.211946    -0.023606
2453642.734217 0.027170 0.212043    -0.023527
2453642.734432 0.027385 0.212140    -0.023446
2453642.734646 0.027599 0.212236    -0.023364
2453642.734861 0.027814 0.212333    -0.023280
2453642.735076 0.028028 0.212430    -0.023194
2453642.735290 0.028243 0.212527    -0.023107
2453642.735505 0.028458 0.212623    -0.023018
2453642.735719 0.028672 0.212720    -0.022928
2453642.735934 0.028887 0.212817    -0.022835
2453642.736149 0.029101 0.212913    -0.022741
2453642.736363 0.029316 0.213010    -0.022645
2453642.736578 0.029531 0.213107    -0.022546
2453642.736792 0.029745 0.213204    -0.022446
2453642.737007 0.029960 0.213300    -0.022343
2453642.737221 0.030174 0.213397    -0.022238
2453642.737436 0.030389 0.213494    -0.022131
2453642.737651 0.030604 0.213591    -0.022021
2453642.737865 0.030818 0.213687    -0.021909
2453642.738080 0.031033 0.213784    -0.021793
2453642.738294 0.031247 0.213881    -0.021675
2453642.738509 0.031462 0.213977    -0.021553
2453642.738724 0.031677 0.214074    -0.021429
2453642.738938 0.031891 0.214171    -0.021300
2453642.739153 0.032106 0.214268    -0.021168
2453642.739367 0.032320 0.214364    -0.021032
2453642.739582 0.032535 0.214461    -0.020891
2453642.739797 0.032750 0.214558    -0.020745
2453642.740011 0.032964 0.214655    -0.020594
2453642.740226 0.033179 0.214751    -0.020436
2453642.740440 0.033393 0.214848    -0.020271
2453642.740655 0.033608 0.214945    -0.020092
2453642.740870 0.033823 0.215041    -0.019846
2453642.741084 0.034037 0.215138    -0.019555
2453642.741299 0.034252 0.215235    -0.019234
2453642.741513 0.034466 0.215332    -0.018889
2453642.741728 0.034681 0.215428    -0.018524
2453642.741943 0.034895 0.215525    -0.018143
2453642.742157 0.035110 0.215622    -0.017748
2453642.742372 0.035325 0.215719    -0.017340
2453642.742586 0.035539 0.215815    -0.016922
2453642.742801 0.035754 0.215912    -0.016495
2453642.743016 0.035968 0.216009    -0.016061
2453642.743230 0.036183 0.216105    -0.015619
2453642.743445 0.036398 0.216202    -0.015172
2453642.743659 0.036612 0.216299    -0.014721
2453642.743874 0.036827 0.216396    -0.014265
2453642.744088 0.037041 0.216492    -0.013807
2453642.744303 0.037256 0.216589    -0.013347
2453642.744518 0.037471 0.216686    -0.012885
2453642.744732 0.037685 0.216782    -0.012423
2453642.744947 0.037900 0.216879    -0.011960
2453642.745161 0.038114 0.216976    -0.011498
2453642.745376 0.038329 0.217073    -0.011038
2453642.745591 0.038544 0.217169    -0.010579
2453642.745805 0.038758 0.217266    -0.010122
2453642.746020 0.038973 0.217363    -0.009669
2453642.746234 0.039187 0.217460    -0.009219
2453642.746449 0.039402 0.217556    -0.008773
2453642.746664 0.039617 0.217653    -0.008331
2453642.746878 0.039831 0.217750    -0.007894
2453642.747093 0.040046 0.217846    -0.007463
2453642.747307 0.040260 0.217943    -0.007038
2453642.747522 0.040475 0.218040    -0.006619
2453642.747737 0.040690 0.218137    -0.006208
2453642.747951 0.040904 0.218233    -0.005803
2453642.748166 0.041119 0.218330    -0.005407
2453642.748380 0.041333 0.218427    -0.005019
2453642.748595 0.041548 0.218524    -0.004640
2453642.748810 0.041762 0.218620    -0.004271
2453642.749024 0.041977 0.218717    -0.003911
2453642.749239 0.042192 0.218814    -0.003562
2453642.749453 0.042406 0.218910    -0.003223
2453642.749668 0.042621 0.219007    -0.002897
2453642.749883 0.042835 0.219104    -0.002582
2453642.750097 0.043050 0.219201    -0.002280
2453642.750312 0.043265 0.219297    -0.001992
2453642.750526 0.043479 0.219394    -0.001718
2453642.750741 0.043694 0.219491    -0.001458
2453642.750955 0.043908 0.219588    -0.001215
2453642.751170 0.044123 0.219684    -0.000987
2453642.751385 0.044338 0.219781    -0.000778
2453642.751599 0.044552 0.219878    -0.000587
2453642.751814 0.044767 0.219974    -0.000417
2453642.752028 0.044981 0.220071    -0.000269
2453642.752243 0.045196 0.220168    -0.000147
2453642.752458 0.045411 0.220265    -0.000054
2453642.752672 0.045625 0.220361    -0.000001
2453642.752887 0.045840 0.220458     0.000000
2453642.753101 0.046054 0.220555     0.000000
2453642.753316 0.046269 0.220652     0.000000
2453642.753531 0.046484 0.220748     0.000000
2453642.753745 0.046698 0.220845     0.000000
2453642.753960 0.046913 0.220942     0.000000
2453642.754174 0.047127 0.221038     0.000000
2453642.754389 0.047342 0.221135     0.000000
2453642.754604 0.047557 0.221232     0.000000
2453642.754818 0.047771 0.221329     0.000000
2453642.755033 0.047986 0.221425     0.000000
2453642.755247 0.048200 0.221522     0.000000
2453642.755462 0.048415 0.221619     0.000000
2453642.755677 0.048629 0.221716     0.000000
2453642.755891 0.048844 0.221812     0.000000
2453642.756106 0.049059 0.221909     0.000000
2453642.756320 0.049273 0.222006     0.000000
2453642.756535 0.049488 0.222102     0.000000
2453642.756750 0.049702 0.222199     0.000000
2453642.756964 0.049917 0.222296     0.000000
2453642.757179 0.050132 0.222393     0.000000
2453642.757393 0.050346 0.222489     0.000000
2453642.757608 0.050561 0.222586     0.000000
2453642.757822 0.050775 0.222683     0.000000
2453642.758037 0.050990 0.222780     0.000000
2453642.758252 0.051205 0.222876     0.000000
2453642.758466 0.051419 0.222973     0.000000
2453642.758681 0.051634 0.223070     0.000000
2453642.758895 0.051848 0.223166     0.000000
2453642.759110 0.052063 0.223263     0.000000
2453642.759325 0.052278 0.223360     0.000000
2453642.759539 0.052492 0.223457     0.000000
2453642.759754 0.052707 0.223553     0.000000
2453642.759968 0.052921 0.223650     0.000000
2453642.760183 0.053136 0.223747     0.000000
2453642.760398 0.053351 0.223843     0.000000
2453642.760612 0.053565 0.223940     0.000000
2453642.760827 0.053780 0.224037     0.000000
2453642.761041 0.053994 0.224134     0.000000
2453642.761256 0.054209 0.224230     0.000000
2453642.761471 0.054424 0.224327     0.000000
2453642.761685 0.054638 0.224424     0.000000
2453642.761900 0.054853 0.224521     0.000000
2453642.762114 0.055067 0.224617     0.000000
2453642.762329 0.055282 0.224714     0.000000
2453642.762544 0.055497 0.224811     0.000000
2453642.762758 0.055711 0.224907     0.000000
2453642.762973 0.055926 0.225004     0.000000
2453642.763187 0.056140 0.225101     0.000000
2453642.763402 0.056355 0.225198     0.000000
2453642.763617 0.056569 0.225294     0.000000
2453642.763831 0.056784 0.225391     0.000000
2453642.764046 0.056999 0.225488     0.000000
2453642.764260 0.057213 0.225585     0.000000
2453642.764475 0.057428 0.225681     0.000000
2453642.764690 0.057642 0.225778     0.000000
2453642.764904 0.057857 0.225875     0.000000
2453642.765119 0.058072 0.225971     0.000000
2453642.765333 0.058286 0.226068     0.000000
2453642.765548 0.058501 0.226165     0.000000
2453642.765762 0.058715 0.226262     0.000000
2453642.765977 0.058930 0.226358     0.000000
2453642.766192 0.059145 0.226455     0.000000
2453642.766406 0.059359 0.226552     0.000000
2453642.766621 0.059574 0.226649     0.000000
2453642.766835 0.059788 0.226745     0.000000
2453642.767050 0.060003 0.226842     0.000000
2453642.767265 0.060218 0.226939     0.000000
2453642.767479 0.060432 0.227035     0.000000
2453642.767694 0.060647 0.227132     0.000000
2453642.767908 0.060861 0.227229     0.000000
2453642.768123 0.061076 0.227326     0.000000
2453642.768338 0.061291 0.227422     0.000000
2453642.768552 0.061505 0.227519     0.000000
2453642.768767 0.061720 0.227616     0.000000
2453642.768981 0.061934 0.227713     0.000000
2453642.769196 0.062149 0.227809     0.000000
2453642.769411 0.062364 0.227906     0.000000
2453642.769625 0.062578 0.228003     0.000000
2453642.769840 0.062793 0.228099     0.000000
2453642.770054 0.063007 0.228196     0.000000
2453642.770269 0.063222 0.228293     0.000000
2453642.770484 0.063436 0.228390     0.000000
2453642.770698 0.063651 0.228486     0.000000
2453642.770913 0.063866 0.228583     0.000000
2453642.771127 0.064080 0.228680     0.000000
2453642.771342 0.064295 0.228777     0.000000
2453642.771557 0.064509 0.228873     0.000000
2453642.771771 0.064724 0.228970     0.000000
2453642.771986 0.064939 0.229067     0.000000
2453642.772200 0.065153 0.229163     0.000000
2453642.772415 0.065368 0.229260     0.000000
2453642.772629 0.065582 0.229357     0.000000
2453642.772844 0.065797 0.229454     0.000000
2453642.773059 0.066012 0.229550     0.000000
2453642.773273 0.066226 0.229647     0.000000
2453642.773488 0.066441 0.229744     0.000000
2453642.773702 0.066655 0.229841     0.000000
2453642.773917 0.066870 0.229937     0.000000
2453642.774132 0.067085 0.230034     0.000000
2453642.774346 0.067299 0.230131     0.000000
2453642.774561 0.067514 0.230227     0.000000
2453642.774775 0.067728 0.230324     0.000000
2453642.774990 0.067943 0.230421     0.000000
2453642.775205 0.068158 0.230518     0.000000
2453642.775419 0.068372 0.230614     0.000000
2453642.775634 0.068587 0.230711     0.000000
2453642.775848 0.068801 0.230808     0.000000
2453642.776063 0.069016 0.230904     0.000000
2453642.776278 0.069231 0.231001     0.000000
2453642.776492 0.069445 0.231098     0.000000
2453642.776707 0.069660 0.231195     0.000000
2453642.776921 0.069874 0.231291     0.000000
2453642.777136 0.070089 0.231388     0.000000
2453642.777351 0.070303 0.231485     0.000000
2453642.777565 0.070518 0.231582     0.000000
2453642.777780 0.070733 0.231678     0.000000
2453642.777994 0.070947 0.231775     0.000000
2453642.778209 0.071162 0.231872     0.000000
2453642.778424 0.071376 0.231968     0.000000
2453642.778638 0.071591 0.232065     0.000000
2453642.778853 0.071806 0.232162     0.000000
2453642.779067 0.072020 0.232259     0.000000
2453642.779282 0.072235 0.232355     0.000000
2453642.779496 0.072449 0.232452     0.000000
2453642.779711 0.072664 0.232549     0.000000
2453642.779926 0.072879 0.232646     0.000000
2453642.780140 0.073093 0.232742     0.000000
2453642.780355 0.073308 0.232839     0.000000
2453642.780569 0.073522 0.232936     0.000000
2453642.780784 0.073737 0.233032     0.000000
2453642.780999 0.073952 0.233129     0.000000
2453642.781213 0.074166 0.233226     0.000000
2453642.781428 0.074381 0.233323     0.000000
2453642.781642 0.074595 0.233419     0.000000
2453642.781857 0.074810 0.233516     0.000000
2453642.782072 0.075025 0.233613     0.000000
2453642.782286 0.075239 0.233710     0.000000
2453642.782501 0.075454 0.233806     0.000000
2453642.782715 0.075668 0.233903     0.000000
2453642.782930 0.075883 0.234000     0.000000
2453642.783145 0.076098 0.234096     0.000000
2453642.783359 0.076312 0.234193     0.000000
2453642.783574 0.076527 0.234290     0.000000
2453642.783788 0.076741 0.234387     0.000000
2453642.784003 0.076956 0.234483     0.000000
2453642.784218 0.077170 0.234580     0.000000
2453642.784432 0.077385 0.234677     0.000000
2453642.784647 0.077600 0.234774     0.000000
2453642.784861 0.077814 0.234870     0.000000
2453642.785076 0.078029 0.234967     0.000000
2453642.785291 0.078243 0.235064     0.000000
2453642.785505 0.078458 0.235160     0.000000
2453642.785720 0.078673 0.235257     0.000000
2453642.785934 0.078887 0.235354     0.000000
2453642.786149 0.079102 0.235451     0.000000
2453642.786363 0.079316 0.235547     0.000000
2453642.786578 0.079531 0.235644     0.000000
2453642.786793 0.079746 0.235741     0.000000
