# epoch Tc_folded Tref_folded value value_err offset model full_model val_compare val_compare_err residuals residuals_err jitter jitter_flag offset_flag subset_flag 
57972.642391 0.000000 0.000000 -3403.950745 2.539091 -3413.661613 10.734956 -3404.825440 11.609651 2.539091 0.874695 2.539091 4.356054   0   0  -1 
57989.571677 0.000000 0.000000 -3403.491118 4.308768 -3413.661613 -2.380917 -3406.484535 0.612500 4.308768 2.993417 4.308768 4.356054   0   0  -1 
57991.553196 0.000000 0.000000 -3392.727040 5.085907 -3413.661613 4.597559 -3405.553815 17.424334 5.085907 12.826775 5.085907 4.356054   0   0  -1 
57991.656885 0.000000 0.000000 -3401.895347 5.279425 -3413.661613 4.781632 -3416.933809 19.820094 5.279425 15.038462 5.279425 4.356054   0   0  -1 
57992.564895 0.000000 0.000000 -3414.435048 1.785553 -3413.661613 2.382586 -3418.155230 6.102768 1.785553 3.720182 1.785553 4.356054   0   0  -1 
57992.647092 0.000000 0.000000 -3407.356187 1.636293 -3413.661613 1.869231 -3410.632994 5.146038 1.636293 3.276807 1.636293 4.356054   0   0  -1 
57992.737182 0.000000 0.000000 -3417.465868 2.594756 -3413.661613 1.270566 -3419.544246 3.348944 2.594756 2.078378 2.594756 4.356054   0   0  -1 
57993.569005 0.000000 0.000000 -3423.538827 1.597645 -3413.661613 -4.814008 -3422.647839 -5.704996 1.597645 -0.890988 1.597645 4.356054   0   0  -1 
57993.649707 0.000000 0.000000 -3430.623726 5.901415 -3413.661613 -5.342241 -3427.360983 -8.604984 5.901415 -3.262743 5.901415 4.356054   0   0  -1 
57994.540226 0.000000 0.000000 -3421.639748 1.379527 -3413.661613 -8.439444 -3422.742053 -7.337139 1.379527 1.102305 1.379527 4.356054   0   0  -1 
57994.614332 0.000000 0.000000 -3412.782905 10.883783 -3413.661613 -8.413031 -3416.252327 -4.943609 10.883783 3.469422 10.883783 4.356054   0   0  -1 
57994.726301 0.000000 0.000000 -3423.971140 1.846029 -3413.661613 -8.283261 -3426.997637 -5.256764 1.846029 3.026497 1.846029 4.356054   0   0  -1 
57995.521310 0.000000 0.000000 -3418.160026 2.422678 -3413.661613 -4.685143 -3416.430658 -6.414511 2.422678 -1.729368 2.422678 4.356054   0   0  -1 
57995.613168 0.000000 0.000000 -3420.573246 1.865867 -3413.661613 -4.056259 -3421.330700 -3.298805 1.865867 0.757454 1.865867 4.356054   0   0  -1 
57996.519648 0.000000 0.000000 -3397.815330 6.174933 -3413.661613 2.283321 -3406.204306 10.672297 6.174933 8.388976 6.174933 4.356054   0   0  -1 
57996.586905 0.000000 0.000000 -3399.385989 3.985312 -3413.661613 2.698686 -3401.968797 5.281494 3.985312 2.582808 3.985312 4.356054   0   0  -1 
57996.696770 0.000000 0.000000 -3409.231371 3.762886 -3413.661613 3.354547 -3412.645359 6.768535 3.762886 3.413988 3.762886 4.356054   0   0  -1 
57997.518889 0.000000 0.000000 -3416.192127 10.512481 -3413.661613 7.750116 -3406.562947 -1.879064 10.512481 -9.629180 10.512481 4.356054   0   0  -1 
57999.514325 0.000000 0.000000 -3420.186816 1.986259 -3413.661613 11.148902 -3411.308966 2.271052 1.986259 -8.877850 1.986259 4.356054   0   0  -1 
57999.683151 0.000000 0.000000 -3410.126393 1.923508 -3413.661613 10.343866 -3401.731043 1.948516 1.923508 -8.395350 1.923508 4.356054   0   0  -1 
58000.517294 0.000000 0.000000 -3411.448860 2.158012 -3413.661613 6.389097 -3406.529658 1.469895 2.158012 -4.919202 2.158012 4.356054   0   0  -1 
58000.587327 0.000000 0.000000 -3418.004900 2.210032 -3413.661613 6.151848 -3414.679635 2.826583 2.210032 -3.325265 2.210032 4.356054   0   0  -1 
58000.661400 0.000000 0.000000 -3425.541901 2.702821 -3413.661613 5.921726 -3417.669508 -1.950667 2.702821 -7.872393 2.702821 4.356054   0   0  -1 
58001.483841 0.000000 0.000000 -3416.756314 1.574567 -3413.661613 4.072205 -3418.220933 5.536825 1.574567 1.464619 1.574567 4.356054   0   0  -1 
58001.659262 0.000000 0.000000 -3405.159578 1.746470 -3413.661613 3.584504 -3408.298290 6.723216 1.746470 3.138712 1.746470 4.356054   0   0  -1 
58011.441099 0.000000 0.000000 -3395.359033 2.361032 -3413.661613 9.864779 -3395.486089 9.991835 2.361032 0.127056 2.361032 4.356054   0   0  -1 
58011.463972 0.000000 0.000000 -3398.194550 2.270627 -3413.661613 9.976746 -3396.742558 8.524754 2.270627 -1.451992 2.270627 4.356054   0   0  -1 
58011.492837 0.000000 0.000000 -3400.505372 2.126682 -3413.661613 10.116662 -3399.913090 9.524380 2.126682 -0.592282 2.126682 4.356054   0   0  -1 
58011.514782 0.000000 0.000000 -3403.093911 2.230855 -3413.661613 10.221901 -3402.727621 9.855611 2.230855 -0.366290 2.230855 4.356054   0   0  -1 
58011.537045 0.000000 0.000000 -3405.241656 2.085680 -3413.661613 10.327570 -3405.150199 10.236113 2.085680 -0.091457 2.085680 4.356054   0   0  -1 
58011.559660 0.000000 0.000000 -3404.004867 1.607452 -3413.661613 10.433691 -3406.526888 12.955712 1.607452 2.522021 1.607452 4.356054   0   0  -1 
58011.588087 0.000000 0.000000 -3408.272196 2.359123 -3413.661613 10.565199 -3406.161577 8.454581 2.359123 -2.110619 2.359123 4.356054   0   0  -1 
58011.611718 0.000000 0.000000 -3408.808471 1.755062 -3413.661613 10.672793 -3404.138201 6.002523 1.755062 -4.670270 1.755062 4.356054   0   0  -1 
58011.634613 0.000000 0.000000 -3403.524582 2.076258 -3413.661613 10.775428 -3401.185564 8.436410 2.076258 -2.339018 2.076258 4.356054   0   0  -1 
58019.530387 0.000000 0.000000 -3416.808792 4.312076 -3413.661613 2.304732 -3403.804801 -10.699258 4.312076 -13.003991 4.312076 4.356054   0   0  -1 
58019.576096 0.000000 0.000000 -3419.493020 4.761156 -3413.661613 2.027234 -3403.017915 -14.447871 4.761156 -16.475105 4.761156 4.356054   0   0  -1 
58021.485174 0.000000 0.000000 -3415.906900 3.276578 -3413.661613 -8.434539 -3415.449119 -8.892320 3.276578 -0.457781 3.276578 4.356054   0   0  -1 
58021.550035 0.000000 0.000000 -3412.895741 4.662862 -3413.661613 -8.430015 -3414.598651 -6.727105 4.662862 1.702910 4.662862 4.356054   0   0  -1 
58022.507855 0.000000 0.000000 -3426.093967 2.137532 -3413.661613 -4.643036 -3425.776810 -4.960193 2.137532 -0.317157 2.137532 4.356054   0   0  -1 
58022.613117 0.000000 0.000000 -3413.354952 2.387842 -3413.661613 -3.925661 -3414.933194 -2.347419 2.387842 1.578242 2.387842 4.356054   0   0  -1 
58025.440973 0.000000 0.000000 -3394.381850 1.198154 -3413.661613 11.862331 -3396.457927 13.938408 1.198154 2.076077 1.198154 4.356054   0   0  -1 
58025.604040 0.000000 0.000000 -3406.049107 1.440550 -3413.661613 12.265870 -3407.322655 13.539418 1.440550 1.273548 1.440550 4.356054   0   0  -1 
58026.439462 0.000000 0.000000 -3400.170009 2.651136 -3413.661613 11.236614 -3406.776739 17.843344 2.651136 6.606730 2.651136 4.356054   0   0  -1 
58026.524119 0.000000 0.000000 -3391.749324 2.834279 -3413.661613 10.874686 -3397.835080 16.960442 2.834279 6.085756 2.834279 4.356054   0   0  -1 
58820.385845 0.000000 0.000000 -3407.233581 5.604244 -3413.661613 2.967821 -3409.829850 5.564090 5.604244 2.596269 5.604244 4.356054   0   0  -1 
59416.667143 0.000000 0.000000 -3416.016064 2.191666 -3413.661613 0.220774 -3407.371449 -8.423841 2.191666 -8.644615 2.191666 4.356054   0   0  -1 
59428.721191 0.000000 0.000000 -3379.863485 1.928625 -3413.661613 18.048237 -3390.172294 28.357046 1.928625 10.308809 1.928625 4.356054   0   0  -1 
59442.689993 0.000000 0.000000 -3394.128765 2.616052 -3413.661613 15.275917 -3402.706170 23.853322 2.616052 8.577405 2.616052 4.356054   0   0  -1 
59459.571626 0.000000 0.000000 -3406.988796 1.986261 -3413.661613 1.881457 -3405.555490 0.448151 1.986261 -1.433306 1.986261 4.356054   0   0  -1 
59473.565133 0.000000 0.000000 -3417.074562 3.502489 -3413.661613 2.635691 -3410.602280 -3.836591 3.502489 -6.472282 3.502489 4.356054   0   0  -1 
57984.680256 0.000000 0.000000 -3384.100000 1.800000 -3383.472898 11.083299 -3382.715644 9.698944 1.800000 -1.384356 1.800000 0.292814   1   1  -1 
57984.751983 0.000000 0.000000 -3374.200000 1.700000 -3383.472898 11.387190 -3374.170534 11.357724 1.700000 -0.029466 1.700000 0.292814   1   1  -1 
57985.674925 0.000000 0.000000 -3368.400000 1.600000 -3383.472898 12.440337 -3370.033500 14.073837 1.600000 1.633500 1.600000 0.292814   1   1  -1 
57985.734244 0.000000 0.000000 -3378.400000 1.900000 -3383.472898 12.286416 -3377.421875 11.308291 1.900000 -0.978125 1.900000 0.292814   1   1  -1 
57985.785126 0.000000 0.000000 -3381.500000 1.600000 -3383.472898 12.134416 -3380.536931 11.171347 1.600000 -0.963069 1.600000 0.292814   1   1  -1 
57985.813252 0.000000 0.000000 -3378.400000 1.900000 -3383.472898 12.042846 -3379.112483 12.755329 1.900000 0.712483 1.900000 0.292814   1   1  -1 
57986.682822 0.000000 0.000000 -3380.000000 1.900000 -3383.472898 7.846981 -3377.658321 5.505302 1.900000 -2.341679 1.900000 0.292814   1   1  -1 
57986.754654 0.000000 0.000000 -3369.900000 1.600000 -3383.472898 7.505266 -3370.511498 8.116763 1.600000 0.611498 1.600000 0.292814   1   1  -1 
57986.778833 0.000000 0.000000 -3367.500000 1.800000 -3383.472898 7.393997 -3370.846938 10.740935 1.800000 3.346938 1.800000 0.292814   1   1  -1 
57986.826543 0.000000 0.000000 -3376.900000 1.900000 -3383.472898 7.180450 -3375.761942 6.042391 1.900000 -1.138058 1.900000 0.292814   1   1  -1 
57987.709214 0.000000 0.000000 -3381.300000 1.600000 -3383.472898 4.640774 -3381.578325 4.919100 1.600000 0.278325 1.600000 0.292814   1   1  -1 
57987.734608 0.000000 0.000000 -3383.700000 1.600000 -3383.472898 4.588923 -3383.200551 4.089474 1.600000 -0.499449 1.600000 0.292814   1   1  -1 
57987.781925 0.000000 0.000000 -3381.600000 1.400000 -3383.472898 4.490941 -3381.278687 4.169628 1.400000 -0.321313 1.400000 0.292814   1   1  -1 
57987.806336 0.000000 0.000000 -3377.700000 1.400000 -3383.472898 4.439434 -3378.328504 5.067938 1.400000 0.628504 1.400000 0.292814   1   1  -1 
57990.664452 0.000000 0.000000 -3374.300000 2.500000 -3383.472898 0.312351 -3375.669601 1.681952 2.500000 1.369601 2.500000 0.292814   1   1  -1 
57990.695714 0.000000 0.000000 -3373.500000 2.200000 -3383.472898 0.495078 -3374.898136 1.893213 2.200000 1.398136 2.200000 0.292814   1   1  -1 
57990.732741 0.000000 0.000000 -3374.800000 2.100000 -3383.472898 0.713367 -3377.560941 3.474308 2.100000 2.760941 2.100000 0.292814   1   1  -1 
57990.800776 0.000000 0.000000 -3389.700000 2.100000 -3383.472898 1.117287 -3385.576836 -3.005877 2.100000 -4.123164 2.100000 0.292814   1   1  -1 
57991.701381 0.000000 0.000000 -3383.100000 1.800000 -3383.472898 4.831354 -3385.557672 7.289026 1.800000 2.457672 1.800000 0.292814   1   1  -1 
57991.772391 0.000000 0.000000 -3379.600000 1.500000 -3383.472898 4.873423 -3377.208229 2.481652 1.500000 -2.391771 1.500000 0.292814   1   1  -1 
57992.672127 0.000000 0.000000 -3380.000000 1.500000 -3383.472898 1.706381 -3381.338513 3.044893 1.500000 1.338513 1.500000 0.292814   1   1  -1 
57992.697220 0.000000 0.000000 -3385.800000 1.500000 -3383.472898 1.540363 -3383.869644 -0.389993 1.500000 -1.930356 1.500000 0.292814   1   1  -1 
57992.743541 0.000000 0.000000 -3387.500000 2.000000 -3383.472898 1.227055 -3390.166851 3.893906 2.000000 2.666851 2.000000 0.292814   1   1  -1 
57992.771308 0.000000 0.000000 -3390.400000 1.900000 -3383.472898 1.035308 -3392.798641 3.433949 1.900000 2.398641 1.900000 0.292814   1   1  -1 
57992.826622 0.000000 0.000000 -3391.900000 2.000000 -3383.472898 0.645484 -3391.687404 0.432888 2.000000 -0.212596 2.000000 0.292814   1   1  -1 
