# epoch Tc_folded Tref_folded value value_err offset model full_model val_compare val_compare_err residuals residuals_err jitter jitter_flag offset_flag subset_flag 
57972.642391 0.000000 0.000000 0.964871 0.004742 0.845678 0.065031 0.910709 0.119193 0.004742 0.054162 0.004742 0.037801   0   0  -1 
57989.571677 0.000000 0.000000 0.874531 0.009364 0.845678 0.044635 0.890313 0.028853 0.009364 -0.015782 0.009364 0.037801   0   0  -1 
57991.553196 0.000000 0.000000 0.810638 0.011946 0.845678 0.027653 0.873330 -0.035040 0.011946 -0.062692 0.011946 0.037801   0   0  -1 
57991.656885 0.000000 0.000000 0.832026 0.011940 0.845678 0.028514 0.874192 -0.013652 0.011940 -0.042166 0.011940 0.037801   0   0  -1 
57992.564895 0.000000 0.000000 0.881372 0.002851 0.845678 0.033236 0.878913 0.035694 0.002851 0.002459 0.002851 0.037801   0   0  -1 
57992.647092 0.000000 0.000000 0.896795 0.002471 0.845678 0.033021 0.878699 0.051117 0.002471 0.018096 0.002471 0.037801   0   0  -1 
57992.737182 0.000000 0.000000 0.914596 0.005090 0.845678 0.032612 0.878290 0.068918 0.005090 0.036306 0.005090 0.037801   0   0  -1 
57993.569005 0.000000 0.000000 0.871157 0.002383 0.845678 0.020051 0.865729 0.025479 0.002383 0.005428 0.002383 0.037801   0   0  -1 
57993.649707 0.000000 0.000000 0.809401 0.013110 0.845678 0.018080 0.863758 -0.036277 0.013110 -0.054357 0.013110 0.037801   0   0  -1 
57994.540226 0.000000 0.000000 0.865481 0.001878 0.845678 -0.007355 0.838323 0.019803 0.001878 0.027158 0.001878 0.037801   0   0  -1 
57994.614332 0.000000 0.000000 0.602191 0.025302 0.845678 -0.009432 0.836246 -0.243487 0.025302 -0.234055 0.025302 0.037801   0   0  -1 
57994.726301 0.000000 0.000000 0.863229 0.003107 0.845678 -0.012451 0.833227 0.017551 0.003107 0.030002 0.003107 0.037801   0   0  -1 
57995.521310 0.000000 0.000000 0.833968 0.004522 0.845678 -0.026988 0.818689 -0.011710 0.004522 0.015279 0.004522 0.037801   0   0  -1 
57995.613168 0.000000 0.000000 0.853869 0.003030 0.845678 -0.027664 0.818014 0.008191 0.003030 0.035855 0.003030 0.037801   0   0  -1 
57996.519648 0.000000 0.000000 0.835600 0.015522 0.845678 -0.022767 0.822911 -0.010078 0.015522 0.012689 0.015522 0.037801   0   0  -1 
57996.586905 0.000000 0.000000 0.849624 0.008973 0.845678 -0.021690 0.823987 0.003946 0.008973 0.025637 0.008973 0.037801   0   0  -1 
57996.696770 0.000000 0.000000 0.789533 0.008434 0.845678 -0.019769 0.825909 -0.056145 0.008434 -0.036376 0.008434 0.037801   0   0  -1 
57997.518889 0.000000 0.000000 0.807452 0.027200 0.845678 -0.000298 0.845380 -0.038226 0.027200 -0.037928 0.027200 0.037801   0   0  -1 
57999.514325 0.000000 0.000000 0.908041 0.003418 0.845678 0.061642 0.907320 0.062363 0.003418 0.000721 0.003418 0.037801   0   0  -1 
57999.683151 0.000000 0.000000 0.925416 0.003334 0.845678 0.064904 0.910582 0.079738 0.003334 0.014834 0.003334 0.037801   0   0  -1 
58000.517294 0.000000 0.000000 0.946337 0.003954 0.845678 0.071812 0.917490 0.100659 0.003954 0.028847 0.003954 0.037801   0   0  -1 
58000.587327 0.000000 0.000000 0.945060 0.003987 0.845678 0.071837 0.917515 0.099382 0.003987 0.027545 0.003987 0.037801   0   0  -1 
58000.661400 0.000000 0.000000 0.954369 0.005398 0.845678 0.071801 0.917478 0.108691 0.005398 0.036891 0.005398 0.037801   0   0  -1 
58001.483841 0.000000 0.000000 0.923993 0.002437 0.845678 0.068521 0.914199 0.078315 0.002437 0.009794 0.002437 0.037801   0   0  -1 
58001.659262 0.000000 0.000000 0.922085 0.002722 0.845678 0.067247 0.912925 0.076407 0.002722 0.009160 0.002722 0.037801   0   0  -1 
58011.441099 0.000000 0.000000 0.843410 0.004551 0.845678 0.012340 0.858018 -0.002268 0.004551 -0.014608 0.004551 0.037801   0   0  -1 
58011.463972 0.000000 0.000000 0.827437 0.004251 0.845678 0.013075 0.858752 -0.018241 0.004251 -0.031315 0.004251 0.037801   0   0  -1 
58011.492837 0.000000 0.000000 0.873935 0.003829 0.845678 0.014007 0.859685 0.028257 0.003829 0.014250 0.003829 0.037801   0   0  -1 
58011.514782 0.000000 0.000000 0.901522 0.004086 0.845678 0.014720 0.860398 0.055844 0.004086 0.041124 0.004086 0.037801   0   0  -1 
58011.537045 0.000000 0.000000 0.853424 0.003652 0.845678 0.015446 0.861124 0.007746 0.003652 -0.007700 0.003652 0.037801   0   0  -1 
58011.559660 0.000000 0.000000 0.837663 0.002454 0.845678 0.016188 0.861866 -0.008015 0.002454 -0.024203 0.002454 0.037801   0   0  -1 
58011.588087 0.000000 0.000000 0.829160 0.004313 0.845678 0.017126 0.862803 -0.016518 0.004313 -0.033643 0.004313 0.037801   0   0  -1 
58011.611718 0.000000 0.000000 0.858276 0.002850 0.845678 0.017909 0.863586 0.012598 0.002850 -0.005310 0.002850 0.037801   0   0  -1 
58011.634613 0.000000 0.000000 0.832793 0.003679 0.845678 0.018670 0.864348 -0.012885 0.003679 -0.031555 0.003679 0.037801   0   0  -1 
58019.530387 0.000000 0.000000 0.913799 0.009888 0.845678 0.033047 0.878725 0.068121 0.009888 0.035074 0.009888 0.037801   0   0  -1 
58019.576096 0.000000 0.000000 0.858885 0.011030 0.845678 0.032936 0.878614 0.013207 0.011030 -0.019729 0.011030 0.037801   0   0  -1 
58021.485174 0.000000 0.000000 0.835168 0.007016 0.845678 -0.006906 0.838771 -0.010510 0.007016 -0.003603 0.007016 0.037801   0   0  -1 
58021.550035 0.000000 0.000000 0.891193 0.010900 0.845678 -0.008737 0.836941 0.045515 0.010900 0.054252 0.010900 0.037801   0   0  -1 
58022.507855 0.000000 0.000000 0.856994 0.003694 0.845678 -0.027413 0.818265 0.011316 0.003694 0.038729 0.003694 0.037801   0   0  -1 
58022.613117 0.000000 0.000000 0.853093 0.004368 0.845678 -0.028139 0.817539 0.007415 0.004368 0.035554 0.004368 0.037801   0   0  -1 
58025.440973 0.000000 0.000000 0.879056 0.001515 0.845678 0.028822 0.874500 0.033378 0.001515 0.004556 0.001515 0.037801   0   0  -1 
58025.604040 0.000000 0.000000 0.854008 0.002034 0.845678 0.034373 0.880051 0.008330 0.002034 -0.026043 0.002034 0.037801   0   0  -1 
58026.439462 0.000000 0.000000 0.867987 0.005131 0.845678 0.058988 0.904666 0.022309 0.005131 -0.036679 0.005131 0.037801   0   0  -1 
58026.524119 0.000000 0.000000 0.890727 0.005587 0.845678 0.060808 0.906486 0.045049 0.005587 -0.015759 0.005587 0.037801   0   0  -1 
58820.385845 0.000000 0.000000 0.800365 0.011923 0.845678 -0.034728 0.810950 -0.045313 0.011923 -0.010585 0.011923 0.037801   0   0  -1 
59416.667143 0.000000 0.000000 0.918677 0.003744 0.845678 0.041692 0.887370 0.072999 0.003744 0.031307 0.003744 0.037801   0   0  -1 
59428.721191 0.000000 0.000000 0.832547 0.003071 0.845678 -0.003569 0.842109 -0.013131 0.003071 -0.009562 0.003071 0.037801   0   0  -1 
59442.689993 0.000000 0.000000 0.799907 0.004822 0.845678 0.024363 0.870041 -0.045771 0.004822 -0.070134 0.004822 0.037801   0   0  -1 
59459.571626 0.000000 0.000000 0.872783 0.003204 0.845678 -0.001504 0.844174 0.027105 0.003204 0.028609 0.003204 0.037801   0   0  -1 
59473.565133 0.000000 0.000000 0.847591 0.006885 0.845678 0.002892 0.848570 0.001913 0.006885 -0.000979 0.006885 0.037801   0   0  -1 
57984.680256 0.000000 0.000000 0.949000 0.018000 0.899819 0.020535 0.920354 0.049181 0.018000 0.028646 0.018000 0.057746   1   1  -1 
57984.751983 0.000000 0.000000 0.913000 0.017000 0.899819 0.022978 0.922797 0.013181 0.017000 -0.009797 0.017000 0.057746   1   1  -1 
57985.674925 0.000000 0.000000 0.970000 0.014000 0.899819 0.053531 0.953349 0.070181 0.014000 0.016651 0.014000 0.057746   1   1  -1 
57985.734244 0.000000 0.000000 0.964000 0.019000 0.899819 0.055190 0.955009 0.064181 0.019000 0.008991 0.019000 0.057746   1   1  -1 
57985.785126 0.000000 0.000000 0.958000 0.015000 0.899819 0.056561 0.956380 0.058181 0.015000 0.001620 0.015000 0.057746   1   1  -1 
57985.813252 0.000000 0.000000 1.217000 0.021000 0.899819 0.057297 0.957116 0.317181 0.021000 0.259884 0.021000 0.057746   1   1  -1 
57986.682822 0.000000 0.000000 0.971000 0.018000 0.899819 0.071232 0.971051 0.071181 0.018000 -0.000051 0.018000 0.057746   1   1  -1 
57986.754654 0.000000 0.000000 0.958000 0.015000 0.899819 0.071634 0.971452 0.058181 0.015000 -0.013452 0.015000 0.057746   1   1  -1 
57986.778833 0.000000 0.000000 0.988000 0.018000 0.899819 0.071747 0.971566 0.088181 0.018000 0.016434 0.018000 0.057746   1   1  -1 
57986.826543 0.000000 0.000000 0.959000 0.022000 0.899819 0.071940 0.971759 0.059181 0.022000 -0.012759 0.022000 0.057746   1   1  -1 
57987.709214 0.000000 0.000000 0.947000 0.015000 0.899819 0.070499 0.970317 0.047181 0.015000 -0.023317 0.015000 0.057746   1   1  -1 
57987.734608 0.000000 0.000000 1.011000 0.016000 0.899819 0.070366 0.970185 0.111181 0.016000 0.040815 0.016000 0.057746   1   1  -1 
57987.781925 0.000000 0.000000 0.966000 0.016000 0.899819 0.070109 0.969928 0.066181 0.016000 -0.003928 0.016000 0.057746   1   1  -1 
57987.806336 0.000000 0.000000 0.975000 0.015000 0.899819 0.069971 0.969790 0.075181 0.015000 0.005210 0.015000 0.057746   1   1  -1 
57990.664452 0.000000 0.000000 0.894000 0.026000 0.899819 0.025948 0.925767 -0.005819 0.026000 -0.031767 0.026000 0.057746   1   1  -1 
57990.695714 0.000000 0.000000 0.848000 0.022000 0.899819 0.025742 0.925561 -0.051819 0.022000 -0.077561 0.022000 0.057746   1   1  -1 
57990.732741 0.000000 0.000000 0.868000 0.020000 0.899819 0.025527 0.925346 -0.031819 0.020000 -0.057346 0.020000 0.057746   1   1  -1 
57990.800776 0.000000 0.000000 0.931000 0.022000 0.899819 0.025214 0.925033 0.031181 0.022000 0.005967 0.022000 0.057746   1   1  -1 
57991.701381 0.000000 0.000000 0.865000 0.016000 0.899819 0.028893 0.928712 -0.034819 0.016000 -0.063712 0.016000 0.057746   1   1  -1 
57991.772391 0.000000 0.000000 0.870000 0.015000 0.899819 0.029499 0.929318 -0.029819 0.015000 -0.059318 0.015000 0.057746   1   1  -1 
57992.672127 0.000000 0.000000 0.897000 0.014000 0.899819 0.032926 0.932745 -0.002819 0.014000 -0.035745 0.014000 0.057746   1   1  -1 
57992.697220 0.000000 0.000000 0.870000 0.014000 0.899819 0.032816 0.932635 -0.029819 0.014000 -0.062635 0.014000 0.057746   1   1  -1 
57992.743541 0.000000 0.000000 0.892000 0.021000 0.899819 0.032576 0.932395 -0.007819 0.021000 -0.040395 0.021000 0.057746   1   1  -1 
57992.771308 0.000000 0.000000 0.891000 0.020000 0.899819 0.032409 0.932227 -0.008819 0.020000 -0.041227 0.020000 0.057746   1   1  -1 
57992.826622 0.000000 0.000000 0.879000 0.023000 0.899819 0.032021 0.931840 -0.020819 0.023000 -0.052840 0.023000 0.057746   1   1  -1 
