# time Tc_folded Tref_folded value value_err offset model full_model val_compare val_compare_err residuals residuals_err jitter jitter_flag offset_flag subset_flag 
2276.259777 0.000000 0.000000 0.992618 0.003890 0.000000 -0.000101 0.991965 0.000553 0.003890 0.000653 0.003890 0.000222  -1  -1  -1 
2276.260388 0.000000 0.000000 0.989771 0.003884 0.000000 -0.000108 0.991924 -0.002262 0.003884 -0.002153 0.003884 0.000222  -1  -1  -1 
2276.260997 0.000000 0.000000 0.997810 0.003887 0.000000 -0.000114 0.991886 0.005809 0.003887 0.005924 0.003887 0.000222  -1  -1  -1 
2276.261607 0.000000 0.000000 0.990571 0.003889 0.000000 -0.000118 0.991851 -0.001398 0.003889 -0.001280 0.003889 0.000222  -1  -1  -1 
2276.262218 0.000000 0.000000 0.989450 0.003881 0.000000 -0.000110 0.991829 -0.002488 0.003881 -0.002379 0.003881 0.000222  -1  -1  -1 
2276.262827 0.000000 0.000000 0.984576 0.003878 0.000000 -0.000078 0.991830 -0.007332 0.003878 -0.007254 0.003878 0.000222  -1  -1  -1 
2276.263436 0.000000 0.000000 0.993393 0.003878 0.000000 -0.000020 0.991859 0.001515 0.003878 0.001534 0.003878 0.000222  -1  -1  -1 
2276.264055 0.000000 0.000000 0.986077 0.003876 0.000000 0.000057 0.991906 -0.005772 0.003876 -0.005829 0.003876 0.000222  -1  -1  -1 
2276.264664 0.000000 0.000000 0.995460 0.003881 0.000000 0.000139 0.991959 0.003640 0.003881 0.003501 0.003881 0.000222  -1  -1  -1 
2276.265273 0.000000 0.000000 0.998767 0.003877 0.000000 0.000206 0.991998 0.006975 0.003877 0.006769 0.003877 0.000222  -1  -1  -1 
2276.265886 0.000000 0.000000 0.990844 0.003876 0.000000 0.000245 0.992009 -0.000920 0.003876 -0.001165 0.003876 0.000222  -1  -1  -1 
2276.266495 0.000000 0.000000 0.993171 0.003872 0.000000 0.000253 0.991990 0.001434 0.003872 0.001181 0.003872 0.000222  -1  -1  -1 
2276.267103 0.000000 0.000000 0.997949 0.003877 0.000000 0.000229 0.991939 0.006239 0.003877 0.006010 0.003877 0.000222  -1  -1  -1 
2276.267760 0.000000 0.000000 0.991412 0.003867 0.000000 0.000167 0.991849 -0.000270 0.003867 -0.000437 0.003867 0.000222  -1  -1  -1 
2276.268405 0.000000 0.000000 0.990644 0.003864 0.000000 0.000080 0.991735 -0.001011 0.003864 -0.001091 0.003864 0.000222  -1  -1  -1 
2276.269013 0.000000 0.000000 0.990353 0.003867 0.000000 -0.000014 0.991616 -0.001277 0.003867 -0.001263 0.003867 0.000222  -1  -1  -1 
2276.269623 0.000000 0.000000 0.989129 0.003864 0.000000 -0.000116 0.991489 -0.002476 0.003864 -0.002360 0.003864 0.000222  -1  -1  -1 
2276.270232 0.000000 0.000000 0.994679 0.003863 0.000000 -0.000224 0.991357 0.003098 0.003863 0.003322 0.003863 0.000222  -1  -1  -1 
2276.270844 0.000000 0.000000 0.995305 0.003865 0.000000 -0.000342 0.991215 0.003748 0.003865 0.004090 0.003865 0.000222  -1  -1  -1 
2276.271454 0.000000 0.000000 0.989826 0.003862 0.000000 -0.000466 0.991068 -0.001708 0.003862 -0.001242 0.003862 0.000222  -1  -1  -1 
2276.272062 0.000000 0.000000 0.986835 0.003860 0.000000 -0.000583 0.990928 -0.004677 0.003860 -0.004093 0.003860 0.000222  -1  -1  -1 
2276.272673 0.000000 0.000000 0.987021 0.003867 0.000000 -0.000683 0.990807 -0.004468 0.003867 -0.003786 0.003867 0.000222  -1  -1  -1 
2276.273283 0.000000 0.000000 0.996874 0.003867 0.000000 -0.000761 0.990707 0.005406 0.003867 0.006167 0.003867 0.000222  -1  -1  -1 
2276.273892 0.000000 0.000000 0.984280 0.003859 0.000000 -0.000820 0.990626 -0.007166 0.003859 -0.006346 0.003859 0.000222  -1  -1  -1 
2276.274502 0.000000 0.000000 0.990850 0.003866 0.000000 -0.000853 0.990573 -0.000576 0.003866 0.000277 0.003866 0.000222  -1  -1  -1 
2276.275113 0.000000 0.000000 0.985832 0.003861 0.000000 -0.000858 0.990547 -0.005573 0.003861 -0.004715 0.003861 0.000222  -1  -1  -1 
2276.275722 0.000000 0.000000 0.993716 0.003860 0.000000 -0.000837 0.990549 0.002331 0.003860 0.003167 0.003860 0.000222  -1  -1  -1 
2276.276334 0.000000 0.000000 0.987237 0.003862 0.000000 -0.000795 0.990571 -0.004129 0.003862 -0.003334 0.003862 0.000222  -1  -1  -1 
2276.277014 0.000000 0.000000 0.990763 0.003858 0.000000 -0.000726 0.990619 -0.000582 0.003858 0.000144 0.003858 0.000222  -1  -1  -1 
2276.277659 0.000000 0.000000 0.987366 0.003853 0.000000 -0.000645 0.990680 -0.003960 0.003853 -0.003314 0.003853 0.000222  -1  -1  -1 
2276.278274 0.000000 0.000000 0.994830 0.003861 0.000000 -0.000559 0.990748 0.003522 0.003861 0.004082 0.003861 0.000222  -1  -1  -1 
2276.278885 0.000000 0.000000 0.990568 0.003856 0.000000 -0.000474 0.990816 -0.000722 0.003856 -0.000248 0.003856 0.000222  -1  -1  -1 
2276.279507 0.000000 0.000000 0.985803 0.003852 0.000000 -0.000389 0.990884 -0.005470 0.003852 -0.005081 0.003852 0.000222  -1  -1  -1 
2276.280117 0.000000 0.000000 1.001295 0.003859 0.000000 -0.000309 0.990947 0.010039 0.003859 0.010348 0.003859 0.000222  -1  -1  -1 
2276.280728 0.000000 0.000000 0.989479 0.003854 0.000000 -0.000241 0.991000 -0.001761 0.003854 -0.001521 0.003854 0.000222  -1  -1  -1 
2276.281337 0.000000 0.000000 0.989315 0.003856 0.000000 -0.000173 0.991052 -0.001910 0.003856 -0.001737 0.003856 0.000222  -1  -1  -1 
2276.281946 0.000000 0.000000 0.991181 0.003849 0.000000 -0.000095 0.991115 -0.000028 0.003849 0.000066 0.003849 0.000222  -1  -1  -1 
2276.282555 0.000000 0.000000 0.983078 0.003851 0.000000 0.000002 0.991197 -0.008117 0.003851 -0.008119 0.003851 0.000222  -1  -1  -1 
2276.283165 0.000000 0.000000 0.993625 0.003856 0.000000 0.000122 0.991302 0.002445 0.003856 0.002323 0.003856 0.000222  -1  -1  -1 
2276.283774 0.000000 0.000000 0.992728 0.003854 0.000000 0.000256 0.991422 0.001561 0.003854 0.001306 0.003854 0.000222  -1  -1  -1 
2276.284386 0.000000 0.000000 0.991489 0.003849 0.000000 0.000398 0.991551 0.000336 0.003849 -0.000062 0.003849 0.000222  -1  -1  -1 
2276.284996 0.000000 0.000000 0.989538 0.003853 0.000000 0.000544 0.991685 -0.001602 0.003853 -0.002147 0.003853 0.000222  -1  -1  -1 
2276.285604 0.000000 0.000000 0.995534 0.003855 0.000000 0.000691 0.991819 0.004406 0.003855 0.003715 0.003855 0.000222  -1  -1  -1 
2276.286212 0.000000 0.000000 0.993585 0.003851 0.000000 0.000833 0.991949 0.002469 0.003851 0.001636 0.003851 0.000222  -1  -1  -1 
2276.286823 0.000000 0.000000 0.990343 0.003849 0.000000 0.000969 0.992074 -0.000761 0.003849 -0.001731 0.003849 0.000222  -1  -1  -1 
2276.287432 0.000000 0.000000 0.988943 0.003846 0.000000 0.001102 0.992195 -0.002150 0.003846 -0.003252 0.003846 0.000222  -1  -1  -1 
2276.288043 0.000000 0.000000 0.990973 0.003845 0.000000 0.001228 0.992310 -0.000109 0.003845 -0.001337 0.003845 0.000222  -1  -1  -1 
2276.288651 0.000000 0.000000 1.002955 0.003853 0.000000 0.001334 0.992406 0.011883 0.003853 0.010549 0.003853 0.000222  -1  -1  -1 
2276.289260 0.000000 0.000000 0.992543 0.003848 0.000000 0.001406 0.992468 0.001481 0.003848 0.000075 0.003848 0.000222  -1  -1  -1 
2276.289873 0.000000 0.000000 0.995508 0.003847 0.000000 0.001445 0.992498 0.004455 0.003847 0.003010 0.003847 0.000222  -1  -1  -1 
2276.290483 0.000000 0.000000 0.994552 0.003845 0.000000 0.001457 0.992501 0.003508 0.003845 0.002051 0.003845 0.000222  -1  -1  -1 
2276.291093 0.000000 0.000000 0.994083 0.003846 0.000000 0.001450 0.992485 0.003048 0.003846 0.001598 0.003846 0.000222  -1  -1  -1 
2276.291703 0.000000 0.000000 0.991815 0.003846 0.000000 0.001436 0.992463 0.000788 0.003846 -0.000648 0.003846 0.000222  -1  -1  -1 
2276.292314 0.000000 0.000000 0.987966 0.003839 0.000000 0.001429 0.992448 -0.003053 0.003839 -0.004482 0.003839 0.000222  -1  -1  -1 
2276.292924 0.000000 0.000000 0.988814 0.003842 0.000000 0.001439 0.992451 -0.002198 0.003842 -0.003637 0.003842 0.000222  -1  -1  -1 
2276.293534 0.000000 0.000000 0.991027 0.003843 0.000000 0.001464 0.992469 0.000022 0.003843 -0.001442 0.003843 0.000222  -1  -1  -1 
2276.294144 0.000000 0.000000 0.994844 0.003843 0.000000 0.001493 0.992492 0.003845 0.003843 0.002352 0.003843 0.000222  -1  -1  -1 
2276.294753 0.000000 0.000000 1.000263 0.003847 0.000000 0.001507 0.992499 0.009270 0.003847 0.007764 0.003847 0.000222  -1  -1  -1 
2276.295363 0.000000 0.000000 0.991334 0.003844 0.000000 0.001493 0.992481 0.000347 0.003844 -0.001147 0.003844 0.000222  -1  -1  -1 
2276.295973 0.000000 0.000000 0.996789 0.003845 0.000000 0.001454 0.992436 0.005807 0.003845 0.004353 0.003845 0.000222  -1  -1  -1 
2276.296582 0.000000 0.000000 0.997503 0.003845 0.000000 0.001388 0.992366 0.006525 0.003845 0.005137 0.003845 0.000222  -1  -1  -1 
2276.297195 0.000000 0.000000 0.992924 0.003846 0.000000 0.001304 0.992277 0.001951 0.003846 0.000647 0.003846 0.000222  -1  -1  -1 
2276.297803 0.000000 0.000000 0.988872 0.003841 0.000000 0.001221 0.992190 -0.002097 0.003841 -0.003318 0.003841 0.000222  -1  -1  -1 
2276.298413 0.000000 0.000000 0.989940 0.003840 0.000000 0.001155 0.992121 -0.001026 0.003840 -0.002181 0.003840 0.000222  -1  -1  -1 
2276.299023 0.000000 0.000000 0.989564 0.003842 0.000000 0.001120 0.992083 -0.001399 0.003842 -0.002519 0.003842 0.000222  -1  -1  -1 
2276.299632 0.000000 0.000000 0.987102 0.003843 0.000000 0.001119 0.992079 -0.003858 0.003843 -0.004977 0.003843 0.000222  -1  -1  -1 
2276.300240 0.000000 0.000000 0.994475 0.003842 0.000000 0.001148 0.992106 0.003517 0.003842 0.002369 0.003842 0.000222  -1  -1  -1 
2276.300852 0.000000 0.000000 0.989622 0.003841 0.000000 0.001197 0.992153 -0.001335 0.003841 -0.002531 0.003841 0.000222  -1  -1  -1 
2276.301462 0.000000 0.000000 0.995427 0.003846 0.000000 0.001252 0.992207 0.004472 0.003846 0.003220 0.003846 0.000222  -1  -1  -1 
2276.302070 0.000000 0.000000 1.000012 0.003841 0.000000 0.001300 0.992255 0.009058 0.003841 0.007757 0.003841 0.000222  -1  -1  -1 
2276.302679 0.000000 0.000000 0.983743 0.003837 0.000000 0.001333 0.992287 -0.007211 0.003837 -0.008544 0.003837 0.000222  -1  -1  -1 
2276.303311 0.000000 0.000000 0.991842 0.003835 0.000000 0.001355 0.992309 0.000888 0.003835 -0.000467 0.003835 0.000222  -1  -1  -1 
2276.303921 0.000000 0.000000 0.998205 0.003840 0.000000 0.001351 0.992305 0.007251 0.003840 0.005900 0.003840 0.000222  -1  -1  -1 
2276.304530 0.000000 0.000000 0.996608 0.003834 0.000000 0.001302 0.992257 0.005653 0.003834 0.004351 0.003834 0.000222  -1  -1  -1 
2276.305141 0.000000 0.000000 0.991645 0.003832 0.000000 0.001200 0.992157 0.000689 0.003832 -0.000512 0.003832 0.000222  -1  -1  -1 
2276.305751 0.000000 0.000000 1.002085 0.003836 0.000000 0.001043 0.992001 0.011127 0.003836 0.010084 0.003836 0.000222  -1  -1  -1 
2276.306361 0.000000 0.000000 0.993945 0.003835 0.000000 0.000828 0.991788 0.002985 0.003835 0.002157 0.003835 0.000222  -1  -1  -1 
2276.306969 0.000000 0.000000 0.984434 0.003831 0.000000 0.000571 0.991533 -0.006529 0.003831 -0.007099 0.003831 0.000222  -1  -1  -1 
2276.307578 0.000000 0.000000 0.995971 0.003835 0.000000 0.000286 0.991252 0.005005 0.003835 0.004719 0.003835 0.000222  -1  -1  -1 
2276.308190 0.000000 0.000000 0.989760 0.003833 0.000000 -0.000023 0.990946 -0.001209 0.003833 -0.001186 0.003833 0.000222  -1  -1  -1 
2276.308798 0.000000 0.000000 0.991920 0.003829 0.000000 -0.000347 0.990626 0.000947 0.003829 0.001294 0.003829 0.000222  -1  -1  -1 
2276.309408 0.000000 0.000000 0.998512 0.003833 0.000000 -0.000682 0.990295 0.007535 0.003833 0.008217 0.003833 0.000222  -1  -1  -1 
2276.310016 0.000000 0.000000 0.982556 0.003828 0.000000 -0.001016 0.989966 -0.008426 0.003828 -0.007410 0.003828 0.000222  -1  -1  -1 
2276.310624 0.000000 0.000000 0.985238 0.003827 0.000000 -0.001322 0.989665 -0.005749 0.003827 -0.004427 0.003827 0.000222  -1  -1  -1 
2276.311234 0.000000 0.000000 0.986627 0.003827 0.000000 -0.001586 0.989407 -0.004366 0.003827 -0.002780 0.003827 0.000222  -1  -1  -1 
2276.311846 0.000000 0.000000 0.982432 0.003827 0.000000 -0.001800 0.989199 -0.008567 0.003827 -0.006767 0.003827 0.000222  -1  -1  -1 
2276.312455 0.000000 0.000000 0.992361 0.003829 0.000000 -0.001963 0.989042 0.001356 0.003829 0.003319 0.003829 0.000222  -1  -1  -1 
2276.313064 0.000000 0.000000 0.984986 0.003824 0.000000 -0.002083 0.988929 -0.006026 0.003824 -0.003943 0.003824 0.000222  -1  -1  -1 
2276.313674 0.000000 0.000000 0.986463 0.003821 0.000000 -0.002162 0.988857 -0.004556 0.003821 -0.002394 0.003821 0.000222  -1  -1  -1 
2276.314286 0.000000 0.000000 0.990278 0.003826 0.000000 -0.002203 0.988824 -0.000749 0.003826 0.001454 0.003826 0.000222  -1  -1  -1 
2276.314896 0.000000 0.000000 0.983738 0.003824 0.000000 -0.002210 0.988824 -0.007297 0.003824 -0.005086 0.003824 0.000222  -1  -1  -1 
2276.315518 0.000000 0.000000 0.990734 0.003825 0.000000 -0.002184 0.988859 -0.000309 0.003825 0.001875 0.003825 0.000222  -1  -1  -1 
2276.316127 0.000000 0.000000 0.986449 0.003824 0.000000 -0.002131 0.988921 -0.004603 0.003824 -0.002472 0.003824 0.000222  -1  -1  -1 
2276.316738 0.000000 0.000000 0.991281 0.003823 0.000000 -0.002051 0.989011 0.000219 0.003823 0.002270 0.003823 0.000222  -1  -1  -1 
2276.317350 0.000000 0.000000 0.986192 0.003872 0.000000 -0.001941 0.989131 -0.004880 0.003872 -0.002939 0.003872 0.000222  -1  -1  -1 
2276.317960 0.000000 0.000000 0.986666 0.003822 0.000000 -0.001797 0.989285 -0.004416 0.003822 -0.002619 0.003822 0.000222  -1  -1  -1 
2276.318569 0.000000 0.000000 0.980609 0.003818 0.000000 -0.001611 0.989482 -0.010484 0.003818 -0.008873 0.003818 0.000222  -1  -1  -1 
2276.319178 0.000000 0.000000 0.988758 0.003824 0.000000 -0.001385 0.989719 -0.002346 0.003824 -0.000961 0.003824 0.000222  -1  -1  -1 
2276.319788 0.000000 0.000000 0.992542 0.003824 0.000000 -0.001134 0.989982 0.001427 0.003824 0.002560 0.003824 0.000222  -1  -1  -1 
2276.321443 0.000000 0.000000 0.989325 0.003820 0.000000 -0.000451 0.990698 -0.001824 0.003820 -0.001373 0.003820 0.000222  -1  -1  -1 
2276.322054 0.000000 0.000000 0.996375 0.003822 0.000000 -0.000228 0.990934 0.005213 0.003822 0.005441 0.003822 0.000222  -1  -1  -1 
2276.322663 0.000000 0.000000 0.990233 0.003821 0.000000 -0.000040 0.991136 -0.000943 0.003821 -0.000903 0.003821 0.000222  -1  -1  -1 
2276.323273 0.000000 0.000000 0.995646 0.003823 0.000000 0.000112 0.991302 0.004456 0.003823 0.004344 0.003823 0.000222  -1  -1  -1 
2276.323883 0.000000 0.000000 0.991826 0.003819 0.000000 0.000225 0.991430 0.000621 0.003819 0.000396 0.003819 0.000222  -1  -1  -1 
2276.324492 0.000000 0.000000 0.989518 0.003821 0.000000 0.000302 0.991521 -0.001702 0.003821 -0.002003 0.003821 0.000222  -1  -1  -1 
2276.325102 0.000000 0.000000 0.996210 0.003819 0.000000 0.000345 0.991580 0.004975 0.003819 0.004630 0.003819 0.000222  -1  -1  -1 
2276.325710 0.000000 0.000000 0.992333 0.003819 0.000000 0.000353 0.991604 0.001082 0.003819 0.000729 0.003819 0.000222  -1  -1  -1 
2276.326318 0.000000 0.000000 0.987500 0.003816 0.000000 0.000329 0.991597 -0.003767 0.003816 -0.004097 0.003816 0.000222  -1  -1  -1 
2276.326926 0.000000 0.000000 0.994965 0.003820 0.000000 0.000279 0.991563 0.003681 0.003820 0.003402 0.003820 0.000222  -1  -1  -1 
2276.327537 0.000000 0.000000 0.991081 0.003817 0.000000 0.000196 0.991497 -0.000220 0.003817 -0.000416 0.003817 0.000222  -1  -1  -1 
2276.328146 0.000000 0.000000 0.997409 0.003821 0.000000 0.000077 0.991396 0.006090 0.003821 0.006013 0.003821 0.000222  -1  -1  -1 
2276.328756 0.000000 0.000000 0.993560 0.003816 0.000000 -0.000078 0.991259 0.002223 0.003816 0.002301 0.003816 0.000222  -1  -1  -1 
2276.330586 0.000000 0.000000 0.986414 0.003815 0.000000 -0.000648 0.990747 -0.004981 0.003815 -0.004333 0.003815 0.000222  -1  -1  -1 
2276.331852 0.000000 0.000000 0.985588 0.003815 0.000000 -0.000981 0.990455 -0.005849 0.003815 -0.004867 0.003815 0.000222  -1  -1  -1 
2276.333072 0.000000 0.000000 0.987739 0.003819 0.000000 -0.001184 0.990295 -0.003740 0.003819 -0.002556 0.003819 0.000222  -1  -1  -1 
2276.335513 0.000000 0.000000 0.991314 0.003814 0.000000 -0.001276 0.990294 -0.000256 0.003814 0.001020 0.003814 0.000222  -1  -1  -1 
2276.336121 0.000000 0.000000 0.985338 0.003814 0.000000 -0.001236 0.990358 -0.006256 0.003814 -0.005020 0.003814 0.000222  -1  -1  -1 
2276.336733 0.000000 0.000000 0.985798 0.003814 0.000000 -0.001161 0.990458 -0.005821 0.003814 -0.004660 0.003814 0.000222  -1  -1  -1 
2276.337342 0.000000 0.000000 0.998668 0.003816 0.000000 -0.001051 0.990593 0.007025 0.003816 0.008075 0.003816 0.000222  -1  -1  -1 
2276.337950 0.000000 0.000000 0.980159 0.003808 0.000000 -0.000912 0.990757 -0.011510 0.003808 -0.010598 0.003808 0.000222  -1  -1  -1 
2276.339169 0.000000 0.000000 0.988990 0.003811 0.000000 -0.000532 0.991189 -0.002731 0.003811 -0.002199 0.003811 0.000222  -1  -1  -1 
2276.339779 0.000000 0.000000 0.989306 0.003813 0.000000 -0.000310 0.991437 -0.002442 0.003813 -0.002131 0.003813 0.000222  -1  -1  -1 
2276.340389 0.000000 0.000000 0.998047 0.003813 0.000000 -0.000086 0.991689 0.006272 0.003813 0.006358 0.003813 0.000222  -1  -1  -1 
2276.340998 0.000000 0.000000 0.998003 0.003816 0.000000 0.000124 0.991927 0.006200 0.003816 0.006076 0.003816 0.000222  -1  -1  -1 
2276.341605 0.000000 0.000000 0.988440 0.003810 0.000000 0.000316 0.992147 -0.003392 0.003810 -0.003707 0.003810 0.000222  -1  -1  -1 
2276.342222 0.000000 0.000000 0.992325 0.003814 0.000000 0.000504 0.992365 0.000464 0.003814 -0.000040 0.003814 0.000222  -1  -1  -1 
2276.342833 0.000000 0.000000 0.992519 0.003815 0.000000 0.000689 0.992579 0.000629 0.003815 -0.000060 0.003815 0.000222  -1  -1  -1 
2276.343442 0.000000 0.000000 0.990377 0.003814 0.000000 0.000872 0.992792 -0.001543 0.003814 -0.002415 0.003814 0.000222  -1  -1  -1 
2276.344052 0.000000 0.000000 0.994763 0.003813 0.000000 0.001054 0.993005 0.002812 0.003813 0.001758 0.003813 0.000222  -1  -1  -1 
2276.344662 0.000000 0.000000 0.991163 0.003812 0.000000 0.001230 0.993212 -0.000819 0.003812 -0.002049 0.003812 0.000222  -1  -1  -1 
2276.345271 0.000000 0.000000 0.999913 0.003813 0.000000 0.001393 0.993407 0.007899 0.003813 0.006506 0.003813 0.000222  -1  -1  -1 
2276.345881 0.000000 0.000000 0.989323 0.003811 0.000000 0.001536 0.993582 -0.002723 0.003811 -0.004259 0.003811 0.000222  -1  -1  -1 
2276.346491 0.000000 0.000000 0.998898 0.003816 0.000000 0.001658 0.993737 0.006819 0.003816 0.005161 0.003816 0.000222  -1  -1  -1 
2276.347102 0.000000 0.000000 0.996116 0.003813 0.000000 0.001752 0.993864 0.004004 0.003813 0.002252 0.003813 0.000222  -1  -1  -1 
2276.347710 0.000000 0.000000 0.998583 0.003812 0.000000 0.001817 0.993962 0.006437 0.003812 0.004621 0.003812 0.000222  -1  -1  -1 
2276.348320 0.000000 0.000000 0.992599 0.003808 0.000000 0.001856 0.994037 0.000419 0.003808 -0.001438 0.003808 0.000222  -1  -1  -1 
2276.348930 0.000000 0.000000 0.991689 0.003809 0.000000 0.001882 0.994097 -0.000526 0.003809 -0.002408 0.003809 0.000222  -1  -1  -1 
2276.349538 0.000000 0.000000 0.996411 0.003810 0.000000 0.001899 0.994150 0.004160 0.003810 0.002261 0.003810 0.000222  -1  -1  -1 
2276.350147 0.000000 0.000000 0.992099 0.003810 0.000000 0.001907 0.994193 -0.000188 0.003810 -0.002094 0.003810 0.000222  -1  -1  -1 
2276.350757 0.000000 0.000000 0.997288 0.003809 0.000000 0.001902 0.994226 0.004964 0.003809 0.003062 0.003809 0.000222  -1  -1  -1 
2276.351366 0.000000 0.000000 0.992879 0.003811 0.000000 0.001879 0.994240 0.000518 0.003811 -0.001361 0.003811 0.000222  -1  -1  -1 
2276.351977 0.000000 0.000000 0.995136 0.003809 0.000000 0.001832 0.994231 0.002737 0.003809 0.000905 0.003809 0.000222  -1  -1  -1 
2276.352587 0.000000 0.000000 1.003682 0.003811 0.000000 0.001751 0.994189 0.011244 0.003811 0.009493 0.003811 0.000222  -1  -1  -1 
2276.353200 0.000000 0.000000 0.994752 0.003808 0.000000 0.001628 0.994105 0.002275 0.003808 0.000647 0.003808 0.000222  -1  -1  -1 
2276.353808 0.000000 0.000000 0.998722 0.003812 0.000000 0.001471 0.993988 0.006205 0.003812 0.004734 0.003812 0.000222  -1  -1  -1 
2276.354419 0.000000 0.000000 0.992174 0.003809 0.000000 0.001289 0.993847 -0.000384 0.003809 -0.001673 0.003809 0.000222  -1  -1  -1 
2276.355028 0.000000 0.000000 0.991551 0.003805 0.000000 0.001102 0.993701 -0.001048 0.003805 -0.002150 0.003805 0.000222  -1  -1  -1 
2276.355636 0.000000 0.000000 0.988449 0.003804 0.000000 0.000923 0.993564 -0.004192 0.003804 -0.005115 0.003804 0.000222  -1  -1  -1 
2276.356245 0.000000 0.000000 0.995472 0.003806 0.000000 0.000756 0.993439 0.002789 0.003806 0.002033 0.003806 0.000222  -1  -1  -1 
2276.356855 0.000000 0.000000 0.998905 0.003807 0.000000 0.000594 0.993321 0.006179 0.003807 0.005584 0.003807 0.000222  -1  -1  -1 
2276.357464 0.000000 0.000000 0.990843 0.003807 0.000000 0.000437 0.993207 -0.001927 0.003807 -0.002364 0.003807 0.000222  -1  -1  -1 
2276.358073 0.000000 0.000000 0.994233 0.003804 0.000000 0.000292 0.993107 0.001418 0.003804 0.001126 0.003804 0.000222  -1  -1  -1 
2276.358685 0.000000 0.000000 0.986648 0.003800 0.000000 0.000167 0.993028 -0.006212 0.003800 -0.006380 0.003800 0.000222  -1  -1  -1 
2276.359295 0.000000 0.000000 0.993020 0.003803 0.000000 0.000070 0.992977 0.000113 0.003803 0.000043 0.003803 0.000222  -1  -1  -1 
2276.359904 0.000000 0.000000 0.989387 0.003802 0.000000 -0.000003 0.992950 -0.003566 0.003802 -0.003563 0.003802 0.000222  -1  -1  -1 
2276.360515 0.000000 0.000000 0.994756 0.003802 0.000000 -0.000062 0.992939 0.001755 0.003802 0.001817 0.003802 0.000222  -1  -1  -1 
2276.361123 0.000000 0.000000 0.994171 0.003802 0.000000 -0.000119 0.992931 0.001122 0.003802 0.001240 0.003802 0.000222  -1  -1  -1 
2276.361733 0.000000 0.000000 0.993584 0.003802 0.000000 -0.000184 0.992915 0.000485 0.003802 0.000669 0.003802 0.000222  -1  -1  -1 
2276.362344 0.000000 0.000000 0.998864 0.003804 0.000000 -0.000264 0.992885 0.005715 0.003804 0.005979 0.003804 0.000222  -1  -1  -1 
2276.362953 0.000000 0.000000 0.994053 0.003799 0.000000 -0.000362 0.992838 0.000853 0.003799 0.001215 0.003799 0.000222  -1  -1  -1 
2276.363563 0.000000 0.000000 0.993808 0.003804 0.000000 -0.000468 0.992783 0.000557 0.003804 0.001025 0.003804 0.000222  -1  -1  -1 
2276.364172 0.000000 0.000000 0.984839 0.003797 0.000000 -0.000567 0.992737 -0.008465 0.003797 -0.007898 0.003797 0.000222  -1  -1  -1 
2276.364781 0.000000 0.000000 0.994257 0.003802 0.000000 -0.000643 0.992714 0.000900 0.003802 0.001543 0.003802 0.000222  -1  -1  -1 
2276.365390 0.000000 0.000000 0.989500 0.003801 0.000000 -0.000694 0.992717 -0.003912 0.003801 -0.003217 0.003801 0.000222  -1  -1  -1 
2276.365999 0.000000 0.000000 0.992049 0.003801 0.000000 -0.000718 0.992749 -0.001418 0.003801 -0.000700 0.003801 0.000222  -1  -1  -1 
2276.366615 0.000000 0.000000 0.992086 0.003798 0.000000 -0.000716 0.992808 -0.001438 0.003798 -0.000722 0.003798 0.000222  -1  -1  -1 
2276.367224 0.000000 0.000000 0.994329 0.003801 0.000000 -0.000690 0.992891 0.000748 0.003801 0.001438 0.003801 0.000222  -1  -1  -1 
2276.367840 0.000000 0.000000 0.987510 0.003800 0.000000 -0.000639 0.993001 -0.006130 0.003800 -0.005491 0.003800 0.000222  -1  -1  -1 
2276.368448 0.000000 0.000000 0.989914 0.003799 0.000000 -0.000565 0.993134 -0.003785 0.003799 -0.003220 0.003799 0.000222  -1  -1  -1 
2276.369060 0.000000 0.000000 0.994125 0.003802 0.000000 -0.000474 0.993286 0.000365 0.003802 0.000839 0.003802 0.000222  -1  -1  -1 
2276.369669 0.000000 0.000000 1.000082 0.003805 0.000000 -0.000382 0.993440 0.006260 0.003805 0.006642 0.003805 0.000222  -1  -1  -1 
2276.370279 0.000000 0.000000 0.988443 0.003796 0.000000 -0.000301 0.993584 -0.005442 0.003796 -0.005141 0.003796 0.000222  -1  -1  -1 
2276.370890 0.000000 0.000000 0.997923 0.003803 0.000000 -0.000231 0.993718 0.003974 0.003803 0.004205 0.003803 0.000222  -1  -1  -1 
2276.371500 0.000000 0.000000 0.993977 0.003802 0.000000 -0.000179 0.993835 -0.000037 0.003802 0.000142 0.003802 0.000222  -1  -1  -1 
2276.372121 0.000000 0.000000 0.997679 0.003799 0.000000 -0.000145 0.993938 0.003597 0.003799 0.003741 0.003799 0.000222  -1  -1  -1 
2276.372730 0.000000 0.000000 0.992245 0.003801 0.000000 -0.000126 0.994024 -0.001905 0.003801 -0.001779 0.003801 0.000222  -1  -1  -1 
2276.373340 0.000000 0.000000 0.991928 0.003799 0.000000 -0.000115 0.994105 -0.002292 0.003799 -0.002177 0.003799 0.000222  -1  -1  -1 
2276.373952 0.000000 0.000000 0.993593 0.003805 0.000000 -0.000106 0.994185 -0.000699 0.003805 -0.000592 0.003805 0.000222  -1  -1  -1 
2276.374561 0.000000 0.000000 0.997242 0.003804 0.000000 -0.000099 0.994265 0.002877 0.003804 0.002977 0.003804 0.000222  -1  -1  -1 
2276.375172 0.000000 0.000000 0.995311 0.003802 0.000000 -0.000096 0.994343 0.000871 0.003802 0.000968 0.003802 0.000222  -1  -1  -1 
2276.375782 0.000000 0.000000 0.994382 0.003802 0.000000 -0.000091 0.994425 -0.000134 0.003802 -0.000043 0.003802 0.000222  -1  -1  -1 
2276.376390 0.000000 0.000000 0.993164 0.003800 0.000000 -0.000076 0.994518 -0.001431 0.003800 -0.001354 0.003800 0.000222  -1  -1  -1 
2276.376999 0.000000 0.000000 0.988800 0.003801 0.000000 -0.000042 0.994633 -0.005875 0.003801 -0.005833 0.003801 0.000222  -1  -1  -1 
2276.377621 0.000000 0.000000 0.994471 0.003803 0.000000 0.000017 0.994778 -0.000289 0.003803 -0.000307 0.003803 0.000222  -1  -1  -1 
2276.378229 0.000000 0.000000 0.994102 0.003803 0.000000 0.000093 0.994939 -0.000744 0.003803 -0.000837 0.003803 0.000222  -1  -1  -1 
2276.378839 0.000000 0.000000 1.001370 0.003805 0.000000 0.000177 0.995112 0.006435 0.003805 0.006258 0.003805 0.000222  -1  -1  -1 
2276.379449 0.000000 0.000000 0.993064 0.003801 0.000000 0.000262 0.995289 -0.001963 0.003801 -0.002225 0.003801 0.000222  -1  -1  -1 
2276.380057 0.000000 0.000000 0.994153 0.003804 0.000000 0.000350 0.995473 -0.000970 0.003804 -0.001320 0.003804 0.000222  -1  -1  -1 
2276.380667 0.000000 0.000000 0.996595 0.003804 0.000000 0.000444 0.995668 0.001371 0.003804 0.000927 0.003804 0.000222  -1  -1  -1 
2276.381280 0.000000 0.000000 0.993585 0.003804 0.000000 0.000542 0.995878 -0.001751 0.003804 -0.002293 0.003804 0.000222  -1  -1  -1 
2276.383004 0.000000 0.000000 0.998385 0.003807 0.000000 0.000802 0.996609 0.002578 0.003807 0.001776 0.003807 0.000222  -1  -1  -1 
2276.383620 0.000000 0.000000 0.999060 0.003809 0.000000 0.000862 0.996864 0.003058 0.003809 0.002196 0.003809 0.000222  -1  -1  -1 
2276.384228 0.000000 0.000000 0.998481 0.003810 0.000000 0.000892 0.997094 0.002278 0.003810 0.001387 0.003810 0.000222  -1  -1  -1 
2276.384838 0.000000 0.000000 1.003414 0.003812 0.000000 0.000888 0.997297 0.007005 0.003812 0.006117 0.003812 0.000222  -1  -1  -1 
2276.385448 0.000000 0.000000 1.003190 0.003813 0.000000 0.000848 0.997468 0.006570 0.003813 0.005722 0.003813 0.000222  -1  -1  -1 
2276.386059 0.000000 0.000000 0.994182 0.003808 0.000000 0.000787 0.997620 -0.002651 0.003808 -0.003438 0.003808 0.000222  -1  -1  -1 
2276.386669 0.000000 0.000000 0.991326 0.003810 0.000000 0.000726 0.997773 -0.005722 0.003810 -0.006447 0.003810 0.000222  -1  -1  -1 
2276.387278 0.000000 0.000000 1.001323 0.003813 0.000000 0.000680 0.997941 0.004061 0.003813 0.003382 0.003813 0.000222  -1  -1  -1 
2276.387888 0.000000 0.000000 0.992782 0.003808 0.000000 0.000650 0.998125 -0.004693 0.003808 -0.005343 0.003808 0.000222  -1  -1  -1 
2276.388497 0.000000 0.000000 1.000349 0.003814 0.000000 0.000640 0.998325 0.002663 0.003814 0.002024 0.003814 0.000222  -1  -1  -1 
2276.389107 0.000000 0.000000 0.998082 0.003809 0.000000 0.000644 0.998538 0.000188 0.003809 -0.000456 0.003809 0.000222  -1  -1  -1 
2276.389716 0.000000 0.000000 0.998734 0.003816 0.000000 0.000659 0.998757 0.000636 0.003816 -0.000023 0.003816 0.000222  -1  -1  -1 
2276.390327 0.000000 0.000000 1.002516 0.003814 0.000000 0.000682 0.998980 0.004218 0.003814 0.003536 0.003814 0.000222  -1  -1  -1 
2276.390937 0.000000 0.000000 0.995015 0.003814 0.000000 0.000711 0.999202 -0.003477 0.003814 -0.004187 0.003814 0.000222  -1  -1  -1 
2276.391547 0.000000 0.000000 1.003058 0.003817 0.000000 0.000747 0.999427 0.004378 0.003817 0.003631 0.003817 0.000222  -1  -1  -1 
2276.392157 0.000000 0.000000 0.997826 0.003816 0.000000 0.000790 0.999650 -0.001034 0.003816 -0.001824 0.003816 0.000222  -1  -1  -1 
2276.392766 0.000000 0.000000 1.003488 0.003819 0.000000 0.000840 0.999873 0.004455 0.003819 0.003615 0.003819 0.000222  -1  -1  -1 
2276.393374 0.000000 0.000000 0.999975 0.003816 0.000000 0.000897 1.000094 0.000778 0.003816 -0.000119 0.003816 0.000222  -1  -1  -1 
2276.393982 0.000000 0.000000 0.996101 0.003813 0.000000 0.000969 1.000320 -0.003250 0.003813 -0.004219 0.003813 0.000222  -1  -1  -1 
2276.394593 0.000000 0.000000 0.997220 0.003814 0.000000 0.001063 1.000559 -0.002276 0.003814 -0.003339 0.003814 0.000222  -1  -1  -1 
2276.395202 0.000000 0.000000 1.002178 0.003820 0.000000 0.001174 1.000803 0.002549 0.003820 0.001375 0.003820 0.000222  -1  -1  -1 
2276.395816 0.000000 0.000000 1.007418 0.003820 0.000000 0.001291 1.001041 0.007667 0.003820 0.006377 0.003820 0.000222  -1  -1  -1 
2276.396426 0.000000 0.000000 1.003513 0.003823 0.000000 0.001403 1.001261 0.003655 0.003823 0.002252 0.003823 0.000222  -1  -1  -1 
2276.397035 0.000000 0.000000 0.999706 0.003816 0.000000 0.001517 1.001467 -0.000245 0.003816 -0.001761 0.003816 0.000222  -1  -1  -1 
2276.397645 0.000000 0.000000 0.994445 0.003816 0.000000 0.001641 1.001667 -0.005581 0.003816 -0.007222 0.003816 0.000222  -1  -1  -1 
2276.398254 0.000000 0.000000 1.001823 0.003822 0.000000 0.001778 1.001861 0.001740 0.003822 -0.000038 0.003822 0.000222  -1  -1  -1 
2276.398862 0.000000 0.000000 1.006298 0.003824 0.000000 0.001915 1.002027 0.006186 0.003824 0.004271 0.003824 0.000222  -1  -1  -1 
2276.399472 0.000000 0.000000 1.002021 0.003817 0.000000 0.002033 1.002145 0.001909 0.003817 -0.000124 0.003817 0.000222  -1  -1  -1 
2276.400081 0.000000 0.000000 1.008178 0.003827 0.000000 0.002122 1.002233 0.008066 0.003827 0.005945 0.003827 0.000222  -1  -1  -1 
2276.400689 0.000000 0.000000 1.007842 0.003823 0.000000 0.002167 1.002279 0.007730 0.003823 0.005563 0.003823 0.000222  -1  -1  -1 
2276.401298 0.000000 0.000000 1.008348 0.003830 0.000000 0.002169 1.002281 0.008236 0.003830 0.006067 0.003830 0.000222  -1  -1  -1 
2276.401908 0.000000 0.000000 0.999987 0.003821 0.000000 0.002135 1.002247 -0.000125 0.003821 -0.002260 0.003821 0.000222  -1  -1  -1 
2276.402516 0.000000 0.000000 0.998321 0.003823 0.000000 0.002085 1.002197 -0.001791 0.003823 -0.003876 0.003823 0.000222  -1  -1  -1 
2276.403127 0.000000 0.000000 1.000659 0.003821 0.000000 0.002030 1.002142 0.000547 0.003821 -0.001483 0.003821 0.000222  -1  -1  -1 
2276.403739 0.000000 0.000000 1.010308 0.003827 0.000000 0.001970 1.002082 0.010196 0.003827 0.008226 0.003827 0.000222  -1  -1  -1 
2276.404361 0.000000 0.000000 1.001066 0.003823 0.000000 0.001898 1.002010 0.000954 0.003823 -0.000944 0.003823 0.000222  -1  -1  -1 
2276.404971 0.000000 0.000000 0.999205 0.003824 0.000000 0.001827 1.001939 -0.000907 0.003824 -0.002734 0.003824 0.000222  -1  -1  -1 
2276.405580 0.000000 0.000000 1.002806 0.003826 0.000000 0.001762 1.001874 0.002694 0.003826 0.000932 0.003826 0.000222  -1  -1  -1 
2276.406195 0.000000 0.000000 1.001657 0.003826 0.000000 0.001701 1.001813 0.001545 0.003826 -0.000156 0.003826 0.000222  -1  -1  -1 
2276.406806 0.000000 0.000000 0.999992 0.003823 0.000000 0.001645 1.001757 -0.000120 0.003823 -0.001765 0.003823 0.000222  -1  -1  -1 
2276.407418 0.000000 0.000000 1.000271 0.003825 0.000000 0.001589 1.001701 0.000159 0.003825 -0.001430 0.003825 0.000222  -1  -1  -1 
2276.408035 0.000000 0.000000 1.005199 0.003827 0.000000 0.001522 1.001634 0.005087 0.003827 0.003565 0.003827 0.000222  -1  -1  -1 
2276.408643 0.000000 0.000000 1.007630 0.003830 0.000000 0.001430 1.001542 0.007518 0.003830 0.006088 0.003830 0.000222  -1  -1  -1 
2276.409252 0.000000 0.000000 1.000897 0.003826 0.000000 0.001304 1.001416 0.000785 0.003826 -0.000519 0.003826 0.000222  -1  -1  -1 
2276.409860 0.000000 0.000000 1.009495 0.003826 0.000000 0.001147 1.001259 0.009383 0.003826 0.008236 0.003826 0.000222  -1  -1  -1 
2276.410471 0.000000 0.000000 0.996438 0.003826 0.000000 0.000959 1.001071 -0.003674 0.003826 -0.004633 0.003826 0.000222  -1  -1  -1 
2276.411080 0.000000 0.000000 1.003896 0.003826 0.000000 0.000759 1.000871 0.003784 0.003826 0.003025 0.003826 0.000222  -1  -1  -1 
2276.411691 0.000000 0.000000 0.997713 0.003833 0.000000 0.000552 1.000664 -0.002399 0.003833 -0.002951 0.003833 0.000222  -1  -1  -1 
2276.412303 0.000000 0.000000 1.001106 0.003833 0.000000 0.000351 1.000463 0.000994 0.003833 0.000643 0.003833 0.000222  -1  -1  -1 
2276.412911 0.000000 0.000000 1.001128 0.003829 0.000000 0.000162 1.000274 0.001016 0.003829 0.000854 0.003829 0.000222  -1  -1  -1 
2276.413521 0.000000 0.000000 1.001411 0.003827 0.000000 -0.000011 1.000101 0.001299 0.003827 0.001310 0.003827 0.000222  -1  -1  -1 
2276.414132 0.000000 0.000000 0.993988 0.003825 0.000000 -0.000157 0.999955 -0.006124 0.003825 -0.005967 0.003825 0.000222  -1  -1  -1 
2276.414742 0.000000 0.000000 0.999865 0.003829 0.000000 -0.000264 0.999848 -0.000247 0.003829 0.000017 0.003829 0.000222  -1  -1  -1 
2276.415352 0.000000 0.000000 0.992584 0.003826 0.000000 -0.000329 0.999783 -0.007528 0.003826 -0.007199 0.003826 0.000222  -1  -1  -1 
2276.415961 0.000000 0.000000 0.999825 0.003828 0.000000 -0.000351 0.999761 -0.000287 0.003828 0.000064 0.003828 0.000222  -1  -1  -1 
2276.416572 0.000000 0.000000 1.000020 0.003833 0.000000 -0.000344 0.999768 -0.000092 0.003833 0.000252 0.003833 0.000222  -1  -1  -1 
2276.417181 0.000000 0.000000 0.996974 0.003828 0.000000 -0.000318 0.999794 -0.003138 0.003828 -0.002820 0.003828 0.000222  -1  -1  -1 
2276.417789 0.000000 0.000000 1.005098 0.003830 0.000000 -0.000287 0.999825 0.004986 0.003830 0.005273 0.003830 0.000222  -1  -1  -1 
2276.418400 0.000000 0.000000 0.997505 0.003833 0.000000 -0.000263 0.999849 -0.002607 0.003833 -0.002344 0.003833 0.000222  -1  -1  -1 
2276.419009 0.000000 0.000000 1.005819 0.003831 0.000000 -0.000253 0.999859 0.005707 0.003831 0.005960 0.003831 0.000222  -1  -1  -1 
2276.419618 0.000000 0.000000 1.000910 0.003831 0.000000 -0.000264 0.999848 0.000798 0.003831 0.001062 0.003831 0.000222  -1  -1  -1 
2276.420229 0.000000 0.000000 0.995780 0.003830 0.000000 -0.000289 0.999823 -0.004332 0.003830 -0.004043 0.003830 0.000222  -1  -1  -1 
2276.420838 0.000000 0.000000 1.001505 0.003831 0.000000 -0.000323 0.999788 0.001393 0.003831 0.001717 0.003831 0.000222  -1  -1  -1 
2276.421447 0.000000 0.000000 1.002441 0.003830 0.000000 -0.000366 0.999746 0.002329 0.003830 0.002695 0.003830 0.000222  -1  -1  -1 
2276.422071 0.000000 0.000000 0.997328 0.003826 0.000000 -0.000416 0.999696 -0.002784 0.003826 -0.002368 0.003826 0.000222  -1  -1  -1 
2276.422680 0.000000 0.000000 0.998494 0.003825 0.000000 -0.000463 0.999648 -0.001618 0.003825 -0.001154 0.003825 0.000222  -1  -1  -1 
2276.423291 0.000000 0.000000 0.996299 0.003830 0.000000 -0.000505 0.999607 -0.003813 0.003830 -0.003308 0.003830 0.000222  -1  -1  -1 
2276.423900 0.000000 0.000000 0.997117 0.003831 0.000000 -0.000541 0.999571 -0.002995 0.003831 -0.002454 0.003831 0.000222  -1  -1  -1 
2276.424509 0.000000 0.000000 1.003476 0.003832 0.000000 -0.000579 0.999533 0.003364 0.003832 0.003943 0.003832 0.000222  -1  -1  -1 
2276.425128 0.000000 0.000000 1.004049 0.003832 0.000000 -0.000632 0.999480 0.003937 0.003832 0.004569 0.003832 0.000222  -1  -1  -1 
2276.425738 0.000000 0.000000 0.995707 0.003832 0.000000 -0.000702 0.999410 -0.004405 0.003832 -0.003703 0.003832 0.000222  -1  -1  -1 
2276.426359 0.000000 0.000000 1.001793 0.003828 0.000000 -0.000785 0.999327 0.001681 0.003828 0.002466 0.003828 0.000222  -1  -1  -1 
2276.426967 0.000000 0.000000 1.000484 0.003830 0.000000 -0.000875 0.999237 0.000372 0.003830 0.001247 0.003830 0.000222  -1  -1  -1 
2276.427576 0.000000 0.000000 0.995438 0.003827 0.000000 -0.000970 0.999142 -0.004674 0.003827 -0.003704 0.003827 0.000222  -1  -1  -1 
2276.428187 0.000000 0.000000 1.001740 0.003826 0.000000 -0.001061 0.999051 0.001628 0.003826 0.002689 0.003826 0.000222  -1  -1  -1 
2276.428796 0.000000 0.000000 0.997867 0.003827 0.000000 -0.001142 0.998970 -0.002245 0.003827 -0.001103 0.003827 0.000222  -1  -1  -1 
2276.429405 0.000000 0.000000 0.993683 0.003827 0.000000 -0.001205 0.998907 -0.006429 0.003827 -0.005224 0.003827 0.000222  -1  -1  -1 
2276.430016 0.000000 0.000000 1.001424 0.003826 0.000000 -0.001242 0.998870 0.001312 0.003826 0.002554 0.003826 0.000222  -1  -1  -1 
2276.430624 0.000000 0.000000 0.996143 0.003826 0.000000 -0.001252 0.998860 -0.003969 0.003826 -0.002717 0.003826 0.000222  -1  -1  -1 
2276.431235 0.000000 0.000000 0.996153 0.003827 0.000000 -0.001227 0.998884 -0.003959 0.003827 -0.002731 0.003827 0.000222  -1  -1  -1 
2276.431847 0.000000 0.000000 0.995382 0.003827 0.000000 -0.001165 0.998946 -0.004730 0.003827 -0.003564 0.003827 0.000222  -1  -1  -1 
2276.432460 0.000000 0.000000 0.996011 0.003828 0.000000 -0.001066 0.999046 -0.004101 0.003828 -0.003035 0.003828 0.000222  -1  -1  -1 
2276.433069 0.000000 0.000000 0.997379 0.003827 0.000000 -0.000938 0.999174 -0.002733 0.003827 -0.001795 0.003827 0.000222  -1  -1  -1 
2276.433678 0.000000 0.000000 1.001161 0.003828 0.000000 -0.000793 0.999319 0.001049 0.003828 0.001842 0.003828 0.000222  -1  -1  -1 
2276.434287 0.000000 0.000000 1.002971 0.003830 0.000000 -0.000646 0.999465 0.002859 0.003830 0.003506 0.003830 0.000222  -1  -1  -1 
2276.434897 0.000000 0.000000 0.997412 0.003826 0.000000 -0.000506 0.999605 -0.002700 0.003826 -0.002193 0.003826 0.000222  -1  -1  -1 
2276.435508 0.000000 0.000000 0.998979 0.003826 0.000000 -0.000375 0.999736 -0.001133 0.003826 -0.000757 0.003826 0.000222  -1  -1  -1 
2276.436123 0.000000 0.000000 1.003717 0.003831 0.000000 -0.000258 0.999854 0.003605 0.003831 0.003863 0.003831 0.000222  -1  -1  -1 
2276.436732 0.000000 0.000000 0.998466 0.003828 0.000000 -0.000163 0.999949 -0.001646 0.003828 -0.001483 0.003828 0.000222  -1  -1  -1 
2276.437343 0.000000 0.000000 0.999419 0.003828 0.000000 -0.000088 1.000023 -0.000693 0.003828 -0.000604 0.003828 0.000222  -1  -1  -1 
2276.437956 0.000000 0.000000 1.004773 0.003833 0.000000 -0.000039 1.000073 0.004661 0.003833 0.004700 0.003833 0.000222  -1  -1  -1 
2276.438574 0.000000 0.000000 1.001375 0.003832 0.000000 -0.000020 1.000092 0.001263 0.003832 0.001283 0.003832 0.000222  -1  -1  -1 
2276.439185 0.000000 0.000000 0.998783 0.003827 0.000000 -0.000027 1.000085 -0.001329 0.003827 -0.001302 0.003827 0.000222  -1  -1  -1 
2276.439795 0.000000 0.000000 1.004786 0.003834 0.000000 -0.000055 1.000057 0.004674 0.003834 0.004729 0.003834 0.000222  -1  -1  -1 
2276.440403 0.000000 0.000000 0.996089 0.003830 0.000000 -0.000099 1.000013 -0.004023 0.003830 -0.003924 0.003830 0.000222  -1  -1  -1 
2276.441014 0.000000 0.000000 0.996056 0.003826 0.000000 -0.000148 0.999964 -0.004056 0.003826 -0.003908 0.003826 0.000222  -1  -1  -1 
2276.441623 0.000000 0.000000 1.002790 0.003832 0.000000 -0.000198 0.999914 0.002678 0.003832 0.002876 0.003832 0.000222  -1  -1  -1 
2276.442231 0.000000 0.000000 0.999729 0.003833 0.000000 -0.000256 0.999856 -0.000383 0.003833 -0.000127 0.003833 0.000222  -1  -1  -1 
2276.442841 0.000000 0.000000 1.004074 0.003830 0.000000 -0.000323 0.999789 0.003962 0.003830 0.004285 0.003830 0.000222  -1  -1  -1 
2276.444377 0.000000 0.000000 0.996081 0.003828 0.000000 -0.000507 0.999605 -0.004031 0.003828 -0.003524 0.003828 0.000222  -1  -1  -1 
2276.444988 0.000000 0.000000 1.001066 0.003827 0.000000 -0.000557 0.999555 0.000954 0.003827 0.001511 0.003827 0.000222  -1  -1  -1 
2276.445599 0.000000 0.000000 0.997350 0.003832 0.000000 -0.000582 0.999530 -0.002762 0.003832 -0.002180 0.003832 0.000222  -1  -1  -1 
2276.446218 0.000000 0.000000 0.994682 0.003827 0.000000 -0.000573 0.999539 -0.005430 0.003827 -0.004857 0.003827 0.000222  -1  -1  -1 
2276.446833 0.000000 0.000000 1.000167 0.003827 0.000000 -0.000522 0.999590 0.000055 0.003827 0.000577 0.003827 0.000222  -1  -1  -1 
2276.447443 0.000000 0.000000 0.995132 0.003827 0.000000 -0.000433 0.999678 -0.004980 0.003827 -0.004546 0.003827 0.000222  -1  -1  -1 
2276.448052 0.000000 0.000000 0.991864 0.003827 0.000000 -0.000308 0.999804 -0.008248 0.003827 -0.007940 0.003827 0.000222  -1  -1  -1 
2276.448663 0.000000 0.000000 1.005204 0.003833 0.000000 -0.000156 0.999956 0.005092 0.003833 0.005248 0.003833 0.000222  -1  -1  -1 
2276.449272 0.000000 0.000000 1.003876 0.003828 0.000000 -0.000005 1.000107 0.003764 0.003828 0.003769 0.003828 0.000222  -1  -1  -1 
2276.449880 0.000000 0.000000 1.002125 0.003829 0.000000 0.000129 1.000241 0.002013 0.003829 0.001884 0.003829 0.000222  -1  -1  -1 
2276.450489 0.000000 0.000000 1.004969 0.003833 0.000000 0.000241 1.000353 0.004857 0.003833 0.004616 0.003833 0.000222  -1  -1  -1 
2276.451098 0.000000 0.000000 1.001698 0.003830 0.000000 0.000329 1.000441 0.001586 0.003830 0.001257 0.003830 0.000222  -1  -1  -1 
2276.451709 0.000000 0.000000 0.995935 0.003831 0.000000 0.000403 1.000515 -0.004177 0.003831 -0.004580 0.003831 0.000222  -1  -1  -1 
2276.452318 0.000000 0.000000 0.998011 0.003834 0.000000 0.000472 1.000584 -0.002101 0.003834 -0.002573 0.003834 0.000222  -1  -1  -1 
2276.452927 0.000000 0.000000 1.002590 0.003829 0.000000 0.000537 1.000649 0.002478 0.003829 0.001941 0.003829 0.000222  -1  -1  -1 
2276.453562 0.000000 0.000000 1.003172 0.003828 0.000000 0.000590 1.000702 0.003060 0.003828 0.002470 0.003828 0.000222  -1  -1  -1 
2276.454173 0.000000 0.000000 1.005676 0.003833 0.000000 0.000622 1.000734 0.005564 0.003833 0.004942 0.003833 0.000222  -1  -1  -1 
2276.454782 0.000000 0.000000 0.997969 0.003830 0.000000 0.000635 1.000747 -0.002143 0.003830 -0.002778 0.003830 0.000222  -1  -1  -1 
2276.455390 0.000000 0.000000 1.002092 0.003832 0.000000 0.000640 1.000752 0.001980 0.003832 0.001340 0.003832 0.000222  -1  -1  -1 
2276.456005 0.000000 0.000000 1.000082 0.003828 0.000000 0.000640 1.000752 -0.000030 0.003828 -0.000670 0.003828 0.000222  -1  -1  -1 
2276.456620 0.000000 0.000000 0.999202 0.003826 0.000000 0.000640 1.000752 -0.000910 0.003826 -0.001550 0.003826 0.000222  -1  -1  -1 
2276.457234 0.000000 0.000000 0.999742 0.003827 0.000000 0.000644 1.000756 -0.000370 0.003827 -0.001014 0.003827 0.000222  -1  -1  -1 
2276.457843 0.000000 0.000000 1.002473 0.003829 0.000000 0.000649 1.000761 0.002361 0.003829 0.001712 0.003829 0.000222  -1  -1  -1 
2276.458454 0.000000 0.000000 0.999830 0.003826 0.000000 0.000651 1.000763 -0.000282 0.003826 -0.000933 0.003826 0.000222  -1  -1  -1 
2276.459062 0.000000 0.000000 0.999487 0.003828 0.000000 0.000648 1.000760 -0.000625 0.003828 -0.001273 0.003828 0.000222  -1  -1  -1 
2276.459672 0.000000 0.000000 1.005946 0.003832 0.000000 0.000633 1.000745 0.005834 0.003832 0.005201 0.003832 0.000222  -1  -1  -1 
2276.460284 0.000000 0.000000 1.001998 0.003829 0.000000 0.000599 1.000711 0.001886 0.003829 0.001287 0.003829 0.000222  -1  -1  -1 
2276.460894 0.000000 0.000000 1.000543 0.003827 0.000000 0.000547 1.000659 0.000431 0.003827 -0.000116 0.003827 0.000222  -1  -1  -1 
2276.461504 0.000000 0.000000 1.003268 0.003827 0.000000 0.000482 1.000594 0.003156 0.003827 0.002674 0.003827 0.000222  -1  -1  -1 
2276.462114 0.000000 0.000000 1.001360 0.003828 0.000000 0.000407 1.000519 0.001248 0.003828 0.000841 0.003828 0.000222  -1  -1  -1 
2276.462723 0.000000 0.000000 0.999581 0.003824 0.000000 0.000332 1.000444 -0.000531 0.003824 -0.000863 0.003824 0.000222  -1  -1  -1 
2276.463335 0.000000 0.000000 0.998213 0.003826 0.000000 0.000267 1.000379 -0.001899 0.003826 -0.002166 0.003826 0.000222  -1  -1  -1 
2276.463945 0.000000 0.000000 0.998228 0.003824 0.000000 0.000223 1.000335 -0.001884 0.003824 -0.002107 0.003824 0.000222  -1  -1  -1 
2276.464554 0.000000 0.000000 0.995600 0.003822 0.000000 0.000203 1.000315 -0.004512 0.003822 -0.004715 0.003822 0.000222  -1  -1  -1 
2276.465183 0.000000 0.000000 1.002137 0.003828 0.000000 0.000206 1.000318 0.002025 0.003828 0.001819 0.003828 0.000222  -1  -1  -1 
2276.465838 0.000000 0.000000 1.003662 0.003827 0.000000 0.000222 1.000334 0.003550 0.003827 0.003328 0.003827 0.000222  -1  -1  -1 
2276.466448 0.000000 0.000000 0.999465 0.003824 0.000000 0.000241 1.000353 -0.000647 0.003824 -0.000888 0.003824 0.000222  -1  -1  -1 
2276.467058 0.000000 0.000000 1.003803 0.003828 0.000000 0.000264 1.000376 0.003691 0.003828 0.003427 0.003828 0.000222  -1  -1  -1 
2276.467667 0.000000 0.000000 0.993733 0.003825 0.000000 0.000292 1.000404 -0.006379 0.003825 -0.006671 0.003825 0.000222  -1  -1  -1 
2276.468278 0.000000 0.000000 1.004470 0.003828 0.000000 0.000332 1.000444 0.004358 0.003828 0.004026 0.003828 0.000222  -1  -1  -1 
2276.468889 0.000000 0.000000 0.997899 0.003822 0.000000 0.000379 1.000491 -0.002213 0.003822 -0.002592 0.003822 0.000222  -1  -1  -1 
2276.469502 0.000000 0.000000 0.998365 0.003822 0.000000 0.000431 1.000543 -0.001747 0.003822 -0.002178 0.003822 0.000222  -1  -1  -1 
2276.470114 0.000000 0.000000 1.003459 0.003825 0.000000 0.000484 1.000596 0.003347 0.003825 0.002863 0.003825 0.000222  -1  -1  -1 
2276.470724 0.000000 0.000000 1.001802 0.003822 0.000000 0.000528 1.000640 0.001690 0.003822 0.001162 0.003822 0.000222  -1  -1  -1 
2276.471335 0.000000 0.000000 0.999528 0.003826 0.000000 0.000557 1.000669 -0.000584 0.003826 -0.001141 0.003826 0.000222  -1  -1  -1 
2276.471945 0.000000 0.000000 1.008953 0.003824 0.000000 0.000567 1.000679 0.008841 0.003824 0.008274 0.003824 0.000222  -1  -1  -1 
2276.472555 0.000000 0.000000 0.999150 0.003819 0.000000 0.000554 1.000666 -0.000962 0.003819 -0.001516 0.003819 0.000222  -1  -1  -1 
2276.473165 0.000000 0.000000 1.000951 0.003824 0.000000 0.000529 1.000641 0.000839 0.003824 0.000310 0.003824 0.000222  -1  -1  -1 
2276.473774 0.000000 0.000000 0.998479 0.003824 0.000000 0.000500 1.000612 -0.001633 0.003824 -0.002133 0.003824 0.000222  -1  -1  -1 
2276.474385 0.000000 0.000000 1.000105 0.003824 0.000000 0.000475 1.000587 -0.000007 0.003824 -0.000482 0.003824 0.000222  -1  -1  -1 
2276.474996 0.000000 0.000000 0.999644 0.003820 0.000000 0.000456 1.000568 -0.000468 0.003820 -0.000924 0.003820 0.000222  -1  -1  -1 
2276.475605 0.000000 0.000000 0.996948 0.003816 0.000000 0.000445 1.000557 -0.003164 0.003816 -0.003609 0.003816 0.000222  -1  -1  -1 
2276.476216 0.000000 0.000000 1.002795 0.003826 0.000000 0.000437 1.000548 0.002683 0.003826 0.002247 0.003826 0.000222  -1  -1  -1 
2276.476827 0.000000 0.000000 1.004242 0.003824 0.000000 0.000420 1.000532 0.004130 0.003824 0.003710 0.003824 0.000222  -1  -1  -1 
2276.477437 0.000000 0.000000 1.004854 0.003822 0.000000 0.000388 1.000500 0.004742 0.003822 0.004354 0.003822 0.000222  -1  -1  -1 
2276.478047 0.000000 0.000000 0.998325 0.003823 0.000000 0.000343 1.000455 -0.001787 0.003823 -0.002130 0.003823 0.000222  -1  -1  -1 
2276.478659 0.000000 0.000000 0.998592 0.003818 0.000000 0.000295 1.000407 -0.001520 0.003818 -0.001815 0.003818 0.000222  -1  -1  -1 
2276.479284 0.000000 0.000000 1.001821 0.003822 0.000000 0.000250 1.000362 0.001709 0.003822 0.001459 0.003822 0.000222  -1  -1  -1 
2276.479894 0.000000 0.000000 0.997174 0.003821 0.000000 0.000212 1.000324 -0.002938 0.003821 -0.003150 0.003821 0.000222  -1  -1  -1 
2276.480503 0.000000 0.000000 1.000547 0.003822 0.000000 0.000184 1.000296 0.000435 0.003822 0.000251 0.003822 0.000222  -1  -1  -1 
2276.481114 0.000000 0.000000 1.002426 0.003822 0.000000 0.000163 1.000275 0.002314 0.003822 0.002151 0.003822 0.000222  -1  -1  -1 
2276.481728 0.000000 0.000000 0.997886 0.003815 0.000000 0.000149 1.000260 -0.002226 0.003815 -0.002374 0.003815 0.000222  -1  -1  -1 
2276.482346 0.000000 0.000000 0.997465 0.003818 0.000000 0.000142 1.000254 -0.002647 0.003818 -0.002789 0.003818 0.000222  -1  -1  -1 
2276.482959 0.000000 0.000000 0.999993 0.003820 0.000000 0.000140 1.000252 -0.000119 0.003820 -0.000259 0.003820 0.000222  -1  -1  -1 
2276.483568 0.000000 0.000000 1.003762 0.003822 0.000000 0.000134 1.000246 0.003650 0.003822 0.003516 0.003822 0.000222  -1  -1  -1 
2276.484178 0.000000 0.000000 1.002983 0.003823 0.000000 0.000112 1.000224 0.002871 0.003823 0.002759 0.003823 0.000222  -1  -1  -1 
2276.484881 0.000000 0.000000 1.002246 0.003819 0.000000 0.000064 1.000176 0.002134 0.003819 0.002070 0.003819 0.000222  -1  -1  -1 
2276.485492 0.000000 0.000000 0.999637 0.003822 0.000000 0.000006 1.000118 -0.000475 0.003822 -0.000481 0.003822 0.000222  -1  -1  -1 
2276.486102 0.000000 0.000000 1.002995 0.003822 0.000000 -0.000057 1.000055 0.002883 0.003822 0.002940 0.003822 0.000222  -1  -1  -1 
2276.486711 0.000000 0.000000 0.992519 0.003815 0.000000 -0.000118 0.999994 -0.007593 0.003815 -0.007475 0.003815 0.000222  -1  -1  -1 
2276.487425 0.000000 0.000000 1.002015 0.003818 0.000000 -0.000170 0.999942 0.001903 0.003818 0.002073 0.003818 0.000222  -1  -1  -1 
2276.488034 0.000000 0.000000 1.000874 0.003825 0.000000 -0.000201 0.999911 0.000762 0.003825 0.000963 0.003825 0.000222  -1  -1  -1 
2276.488644 0.000000 0.000000 0.997711 0.003821 0.000000 -0.000216 0.999896 -0.002401 0.003821 -0.002185 0.003821 0.000222  -1  -1  -1 
2276.489255 0.000000 0.000000 0.997958 0.003819 0.000000 -0.000211 0.999901 -0.002154 0.003819 -0.001943 0.003819 0.000222  -1  -1  -1 
2276.489865 0.000000 0.000000 0.998446 0.003817 0.000000 -0.000184 0.999928 -0.001666 0.003817 -0.001482 0.003817 0.000222  -1  -1  -1 
2276.490476 0.000000 0.000000 0.999651 0.003823 0.000000 -0.000137 0.999975 -0.000461 0.003823 -0.000324 0.003823 0.000222  -1  -1  -1 
2276.491087 0.000000 0.000000 0.999132 0.003818 0.000000 -0.000076 1.000036 -0.000980 0.003818 -0.000904 0.003818 0.000222  -1  -1  -1 
2276.491698 0.000000 0.000000 1.000797 0.003821 0.000000 -0.000005 1.000107 0.000685 0.003821 0.000690 0.003821 0.000222  -1  -1  -1 
2276.492306 0.000000 0.000000 0.999153 0.003816 0.000000 0.000067 1.000179 -0.000959 0.003816 -0.001026 0.003816 0.000222  -1  -1  -1 
2276.492920 0.000000 0.000000 1.000231 0.003821 0.000000 0.000136 1.000248 0.000119 0.003821 -0.000017 0.003821 0.000222  -1  -1  -1 
2276.493528 0.000000 0.000000 1.004332 0.003819 0.000000 0.000192 1.000304 0.004220 0.003819 0.004028 0.003819 0.000222  -1  -1  -1 
2276.494140 0.000000 0.000000 1.000034 0.003816 0.000000 0.000229 1.000341 -0.000078 0.003816 -0.000307 0.003816 0.000222  -1  -1  -1 
2276.494748 0.000000 0.000000 1.002418 0.003819 0.000000 0.000245 1.000357 0.002306 0.003819 0.002061 0.003819 0.000222  -1  -1  -1 
2276.495357 0.000000 0.000000 0.998655 0.003815 0.000000 0.000239 1.000351 -0.001457 0.003815 -0.001696 0.003815 0.000222  -1  -1  -1 
2276.495968 0.000000 0.000000 1.004720 0.003818 0.000000 0.000213 1.000325 0.004608 0.003818 0.004395 0.003818 0.000222  -1  -1  -1 
2276.496582 0.000000 0.000000 1.000237 0.003815 0.000000 0.000165 1.000277 0.000125 0.003815 -0.000040 0.003815 0.000222  -1  -1  -1 
2276.497192 0.000000 0.000000 0.997275 0.003812 0.000000 0.000102 1.000214 -0.002837 0.003812 -0.002939 0.003812 0.000222  -1  -1  -1 
2276.497802 0.000000 0.000000 1.005663 0.003815 0.000000 0.000029 1.000141 0.005551 0.003815 0.005522 0.003815 0.000222  -1  -1  -1 
2276.498414 0.000000 0.000000 0.995171 0.003816 0.000000 -0.000055 1.000057 -0.004941 0.003816 -0.004886 0.003816 0.000222  -1  -1  -1 
2276.499024 0.000000 0.000000 1.004965 0.003818 0.000000 -0.000139 0.999972 0.004853 0.003818 0.004993 0.003818 0.000222  -1  -1  -1 
2276.499669 0.000000 0.000000 0.998267 0.003815 0.000000 -0.000228 0.999884 -0.001845 0.003815 -0.001617 0.003815 0.000222  -1  -1  -1 
2276.500280 0.000000 0.000000 0.997345 0.003814 0.000000 -0.000299 0.999813 -0.002767 0.003814 -0.002468 0.003814 0.000222  -1  -1  -1 
2276.500890 0.000000 0.000000 0.995520 0.003817 0.000000 -0.000350 0.999762 -0.004592 0.003817 -0.004242 0.003817 0.000222  -1  -1  -1 
