# time Tc_folded Tref_folded value value_err offset model full_model val_compare val_compare_err residuals residuals_err jitter jitter_flag offset_flag subset_flag 
2276.259777 -0.043287 0.923471 0.992618 0.003890 0.000000 -0.008046 0.991965 -0.007392 0.003890 0.000653 0.003890 0.000222  -1  -1  -1 
2276.260388 -0.042676 0.923637 0.989771 0.003884 0.000000 -0.008078 0.991924 -0.010232 0.003884 -0.002153 0.003884 0.000222  -1  -1  -1 
2276.260997 -0.042067 0.923804 0.997810 0.003887 0.000000 -0.008110 0.991886 -0.002187 0.003887 0.005924 0.003887 0.000222  -1  -1  -1 
2276.261607 -0.041457 0.923971 0.990571 0.003889 0.000000 -0.008142 0.991851 -0.009422 0.003889 -0.001280 0.003889 0.000222  -1  -1  -1 
2276.262218 -0.040846 0.924137 0.989450 0.003881 0.000000 -0.008173 0.991829 -0.010551 0.003881 -0.002379 0.003881 0.000222  -1  -1  -1 
2276.262827 -0.040237 0.924304 0.984576 0.003878 0.000000 -0.008203 0.991830 -0.015457 0.003878 -0.007254 0.003878 0.000222  -1  -1  -1 
2276.263436 -0.039628 0.924470 0.993393 0.003878 0.000000 -0.008233 0.991859 -0.006698 0.003878 0.001534 0.003878 0.000222  -1  -1  -1 
2276.264055 -0.039009 0.924639 0.986077 0.003876 0.000000 -0.008262 0.991906 -0.014091 0.003876 -0.005829 0.003876 0.000222  -1  -1  -1 
2276.264664 -0.038400 0.924806 0.995460 0.003881 0.000000 -0.008291 0.991959 -0.004790 0.003881 0.003501 0.003881 0.000222  -1  -1  -1 
2276.265273 -0.037791 0.924972 0.998767 0.003877 0.000000 -0.008319 0.991998 -0.001550 0.003877 0.006769 0.003877 0.000222  -1  -1  -1 
2276.265886 -0.037178 0.925140 0.990844 0.003876 0.000000 -0.008347 0.992009 -0.009512 0.003876 -0.001165 0.003876 0.000222  -1  -1  -1 
2276.266495 -0.036569 0.925306 0.993171 0.003872 0.000000 -0.008374 0.991990 -0.007193 0.003872 0.001181 0.003872 0.000222  -1  -1  -1 
2276.267103 -0.035961 0.925472 0.997949 0.003877 0.000000 -0.008401 0.991939 -0.002391 0.003877 0.006010 0.003877 0.000222  -1  -1  -1 
2276.267760 -0.035304 0.925652 0.991412 0.003867 0.000000 -0.008429 0.991849 -0.008866 0.003867 -0.000437 0.003867 0.000222  -1  -1  -1 
2276.268405 -0.034659 0.925828 0.990644 0.003864 0.000000 -0.008456 0.991735 -0.009547 0.003864 -0.001091 0.003864 0.000222  -1  -1  -1 
2276.269013 -0.034051 0.925994 0.990353 0.003867 0.000000 -0.008481 0.991616 -0.009744 0.003867 -0.001263 0.003867 0.000222  -1  -1  -1 
2276.269623 -0.033441 0.926161 0.989129 0.003864 0.000000 -0.008506 0.991489 -0.010866 0.003864 -0.002360 0.003864 0.000222  -1  -1  -1 
2276.270232 -0.032832 0.926327 0.994679 0.003863 0.000000 -0.008530 0.991357 -0.005208 0.003863 0.003322 0.003863 0.000222  -1  -1  -1 
2276.270844 -0.032220 0.926494 0.995305 0.003865 0.000000 -0.008554 0.991215 -0.004464 0.003865 0.004090 0.003865 0.000222  -1  -1  -1 
2276.271454 -0.031610 0.926661 0.989826 0.003862 0.000000 -0.008577 0.991068 -0.009819 0.003862 -0.001242 0.003862 0.000222  -1  -1  -1 
2276.272062 -0.031002 0.926827 0.986835 0.003860 0.000000 -0.008599 0.990928 -0.012693 0.003860 -0.004093 0.003860 0.000222  -1  -1  -1 
2276.272673 -0.030391 0.926994 0.987021 0.003867 0.000000 -0.008622 0.990807 -0.012407 0.003867 -0.003786 0.003867 0.000222  -1  -1  -1 
2276.273283 -0.029781 0.927161 0.996874 0.003867 0.000000 -0.008643 0.990707 -0.002476 0.003867 0.006167 0.003867 0.000222  -1  -1  -1 
2276.273892 -0.029172 0.927327 0.984280 0.003859 0.000000 -0.008665 0.990626 -0.015011 0.003859 -0.006346 0.003859 0.000222  -1  -1  -1 
2276.274502 -0.028562 0.927494 0.990850 0.003866 0.000000 -0.008685 0.990573 -0.008408 0.003866 0.000277 0.003866 0.000222  -1  -1  -1 
2276.275113 -0.027951 0.927661 0.985832 0.003861 0.000000 -0.008706 0.990547 -0.013421 0.003861 -0.004715 0.003861 0.000222  -1  -1  -1 
2276.275722 -0.027342 0.927827 0.993716 0.003860 0.000000 -0.008725 0.990549 -0.005558 0.003860 0.003167 0.003860 0.000222  -1  -1  -1 
2276.276334 -0.026730 0.927994 0.987237 0.003862 0.000000 -0.008745 0.990571 -0.012079 0.003862 -0.003334 0.003862 0.000222  -1  -1  -1 
2276.277014 -0.026050 0.928180 0.990763 0.003858 0.000000 -0.008766 0.990619 -0.008622 0.003858 0.000144 0.003858 0.000222  -1  -1  -1 
2276.277659 -0.025405 0.928356 0.987366 0.003853 0.000000 -0.008785 0.990680 -0.012100 0.003853 -0.003314 0.003853 0.000222  -1  -1  -1 
2276.278274 -0.024790 0.928524 0.994830 0.003861 0.000000 -0.008803 0.990748 -0.004722 0.003861 0.004082 0.003861 0.000222  -1  -1  -1 
2276.278885 -0.024179 0.928691 0.990568 0.003856 0.000000 -0.008821 0.990816 -0.009069 0.003856 -0.000248 0.003856 0.000222  -1  -1  -1 
2276.279507 -0.023557 0.928861 0.985803 0.003852 0.000000 -0.008838 0.990884 -0.013919 0.003852 -0.005081 0.003852 0.000222  -1  -1  -1 
2276.280117 -0.022947 0.929028 1.001295 0.003859 0.000000 -0.008855 0.990947 0.001494 0.003859 0.010348 0.003859 0.000222  -1  -1  -1 
2276.280728 -0.022336 0.929195 0.989479 0.003854 0.000000 -0.008871 0.991000 -0.010391 0.003854 -0.001521 0.003854 0.000222  -1  -1  -1 
2276.281337 -0.021727 0.929361 0.989315 0.003856 0.000000 -0.008886 0.991052 -0.010623 0.003856 -0.001737 0.003856 0.000222  -1  -1  -1 
2276.281946 -0.021118 0.929528 0.991181 0.003849 0.000000 -0.008901 0.991115 -0.008835 0.003849 0.000066 0.003849 0.000222  -1  -1  -1 
2276.282555 -0.020509 0.929694 0.983078 0.003851 0.000000 -0.008916 0.991197 -0.017035 0.003851 -0.008119 0.003851 0.000222  -1  -1  -1 
2276.283165 -0.019899 0.929861 0.993625 0.003856 0.000000 -0.008930 0.991302 -0.006608 0.003856 0.002323 0.003856 0.000222  -1  -1  -1 
2276.283774 -0.019290 0.930027 0.992728 0.003854 0.000000 -0.008944 0.991422 -0.007639 0.003854 0.001306 0.003854 0.000222  -1  -1  -1 
2276.284386 -0.018678 0.930194 0.991489 0.003849 0.000000 -0.008958 0.991551 -0.009020 0.003849 -0.000062 0.003849 0.000222  -1  -1  -1 
2276.284996 -0.018068 0.930361 0.989538 0.003853 0.000000 -0.008971 0.991685 -0.011117 0.003853 -0.002147 0.003853 0.000222  -1  -1  -1 
2276.285604 -0.017460 0.930527 0.995534 0.003855 0.000000 -0.008983 0.991819 -0.005268 0.003855 0.003715 0.003855 0.000222  -1  -1  -1 
2276.286212 -0.016852 0.930693 0.993585 0.003851 0.000000 -0.008995 0.991949 -0.007359 0.003851 0.001636 0.003851 0.000222  -1  -1  -1 
2276.286823 -0.016241 0.930860 0.990343 0.003849 0.000000 -0.009007 0.992074 -0.010737 0.003849 -0.001731 0.003849 0.000222  -1  -1  -1 
2276.287432 -0.015632 0.931026 0.988943 0.003846 0.000000 -0.009018 0.992195 -0.012270 0.003846 -0.003252 0.003846 0.000222  -1  -1  -1 
2276.288043 -0.015021 0.931193 0.990973 0.003845 0.000000 -0.009029 0.992310 -0.010366 0.003845 -0.001337 0.003845 0.000222  -1  -1  -1 
2276.288651 -0.014413 0.931360 1.002955 0.003853 0.000000 -0.009039 0.992406 0.001510 0.003853 0.010549 0.003853 0.000222  -1  -1  -1 
2276.289260 -0.013804 0.931526 0.992543 0.003848 0.000000 -0.009049 0.992468 -0.008974 0.003848 0.000075 0.003848 0.000222  -1  -1  -1 
2276.289873 -0.013191 0.931693 0.995508 0.003847 0.000000 -0.009058 0.992498 -0.006048 0.003847 0.003010 0.003847 0.000222  -1  -1  -1 
2276.290483 -0.012581 0.931860 0.994552 0.003845 0.000000 -0.009067 0.992501 -0.007016 0.003845 0.002051 0.003845 0.000222  -1  -1  -1 
2276.291093 -0.011971 0.932027 0.994083 0.003846 0.000000 -0.009076 0.992485 -0.007477 0.003846 0.001598 0.003846 0.000222  -1  -1  -1 
2276.291703 -0.011361 0.932193 0.991815 0.003846 0.000000 -0.009084 0.992463 -0.009731 0.003846 -0.000648 0.003846 0.000222  -1  -1  -1 
2276.292314 -0.010750 0.932360 0.987966 0.003839 0.000000 -0.009092 0.992448 -0.013573 0.003839 -0.004482 0.003839 0.000222  -1  -1  -1 
2276.292924 -0.010140 0.932527 0.988814 0.003842 0.000000 -0.009099 0.992451 -0.012736 0.003842 -0.003637 0.003842 0.000222  -1  -1  -1 
2276.293534 -0.009530 0.932694 0.991027 0.003843 0.000000 -0.009106 0.992469 -0.010548 0.003843 -0.001442 0.003843 0.000222  -1  -1  -1 
2276.294144 -0.008920 0.932860 0.994844 0.003843 0.000000 -0.009112 0.992492 -0.006760 0.003843 0.002352 0.003843 0.000222  -1  -1  -1 
2276.294753 -0.008311 0.933027 1.000263 0.003847 0.000000 -0.009118 0.992499 -0.001354 0.003847 0.007764 0.003847 0.000222  -1  -1  -1 
2276.295363 -0.007701 0.933193 0.991334 0.003844 0.000000 -0.009124 0.992481 -0.010270 0.003844 -0.001147 0.003844 0.000222  -1  -1  -1 
2276.295973 -0.007091 0.933360 0.996789 0.003845 0.000000 -0.009129 0.992436 -0.004776 0.003845 0.004353 0.003845 0.000222  -1  -1  -1 
2276.296582 -0.006482 0.933526 0.997503 0.003845 0.000000 -0.009133 0.992366 -0.003996 0.003845 0.005137 0.003845 0.000222  -1  -1  -1 
2276.297195 -0.005869 0.933694 0.992924 0.003846 0.000000 -0.009138 0.992277 -0.008491 0.003846 0.000647 0.003846 0.000222  -1  -1  -1 
2276.297803 -0.005261 0.933860 0.988872 0.003841 0.000000 -0.009141 0.992190 -0.012459 0.003841 -0.003318 0.003841 0.000222  -1  -1  -1 
2276.298413 -0.004651 0.934027 0.989940 0.003840 0.000000 -0.009145 0.992121 -0.011326 0.003840 -0.002181 0.003840 0.000222  -1  -1  -1 
2276.299023 -0.004041 0.934193 0.989564 0.003842 0.000000 -0.009148 0.992083 -0.011667 0.003842 -0.002519 0.003842 0.000222  -1  -1  -1 
2276.299632 -0.003432 0.934360 0.987102 0.003843 0.000000 -0.009150 0.992079 -0.014127 0.003843 -0.004977 0.003843 0.000222  -1  -1  -1 
2276.300240 -0.002824 0.934526 0.994475 0.003842 0.000000 -0.009153 0.992106 -0.006784 0.003842 0.002369 0.003842 0.000222  -1  -1  -1 
2276.300852 -0.002212 0.934693 0.989622 0.003841 0.000000 -0.009154 0.992153 -0.011686 0.003841 -0.002531 0.003841 0.000222  -1  -1  -1 
2276.301462 -0.001602 0.934860 0.995427 0.003846 0.000000 -0.009156 0.992207 -0.005936 0.003846 0.003220 0.003846 0.000222  -1  -1  -1 
2276.302070 -0.000994 0.935026 1.000012 0.003841 0.000000 -0.009156 0.992255 -0.001399 0.003841 0.007757 0.003841 0.000222  -1  -1  -1 
2276.302679 -0.000385 0.935192 0.983743 0.003837 0.000000 -0.009157 0.992287 -0.017701 0.003837 -0.008544 0.003837 0.000222  -1  -1  -1 
2276.303311 0.000247 0.935365 0.991842 0.003835 0.000000 -0.009157 0.992309 -0.009624 0.003835 -0.000467 0.003835 0.000222  -1  -1  -1 
2276.303921 0.000857 0.935532 0.998205 0.003840 0.000000 -0.009157 0.992305 -0.003257 0.003840 0.005900 0.003840 0.000222  -1  -1  -1 
2276.304530 0.001466 0.935698 0.996608 0.003834 0.000000 -0.009156 0.992257 -0.004805 0.003834 0.004351 0.003834 0.000222  -1  -1  -1 
2276.305141 0.002077 0.935865 0.991645 0.003832 0.000000 -0.009154 0.992157 -0.009666 0.003832 -0.000512 0.003832 0.000222  -1  -1  -1 
2276.305751 0.002687 0.936032 1.002085 0.003836 0.000000 -0.009153 0.992001 0.000931 0.003836 0.010084 0.003836 0.000222  -1  -1  -1 
2276.306361 0.003297 0.936198 0.993945 0.003835 0.000000 -0.009151 0.991788 -0.006994 0.003835 0.002157 0.003835 0.000222  -1  -1  -1 
2276.306969 0.003905 0.936364 0.984434 0.003831 0.000000 -0.009148 0.991533 -0.016247 0.003831 -0.007099 0.003831 0.000222  -1  -1  -1 
2276.307578 0.004514 0.936531 0.995971 0.003835 0.000000 -0.009145 0.991252 -0.004426 0.003835 0.004719 0.003835 0.000222  -1  -1  -1 
2276.308190 0.005126 0.936698 0.989760 0.003833 0.000000 -0.009142 0.990946 -0.010328 0.003833 -0.001186 0.003833 0.000222  -1  -1  -1 
2276.308798 0.005734 0.936864 0.991920 0.003829 0.000000 -0.009138 0.990626 -0.007844 0.003829 0.001294 0.003829 0.000222  -1  -1  -1 
2276.309408 0.006344 0.937031 0.998512 0.003833 0.000000 -0.009134 0.990295 -0.000917 0.003833 0.008217 0.003833 0.000222  -1  -1  -1 
2276.310016 0.006952 0.937197 0.982556 0.003828 0.000000 -0.009129 0.989966 -0.016539 0.003828 -0.007410 0.003828 0.000222  -1  -1  -1 
2276.310624 0.007560 0.937363 0.985238 0.003827 0.000000 -0.009124 0.989665 -0.013551 0.003827 -0.004427 0.003827 0.000222  -1  -1  -1 
2276.311234 0.008170 0.937530 0.986627 0.003827 0.000000 -0.009118 0.989407 -0.011898 0.003827 -0.002780 0.003827 0.000222  -1  -1  -1 
2276.311846 0.008782 0.937697 0.982432 0.003827 0.000000 -0.009112 0.989199 -0.015879 0.003827 -0.006767 0.003827 0.000222  -1  -1  -1 
2276.312455 0.009391 0.937863 0.992361 0.003829 0.000000 -0.009106 0.989042 -0.005787 0.003829 0.003319 0.003829 0.000222  -1  -1  -1 
2276.313064 0.010000 0.938030 0.984986 0.003824 0.000000 -0.009099 0.988929 -0.013042 0.003824 -0.003943 0.003824 0.000222  -1  -1  -1 
2276.313674 0.010610 0.938196 0.986463 0.003821 0.000000 -0.009092 0.988857 -0.011486 0.003821 -0.002394 0.003821 0.000222  -1  -1  -1 
2276.314286 0.011222 0.938364 0.990278 0.003826 0.000000 -0.009084 0.988824 -0.007630 0.003826 0.001454 0.003826 0.000222  -1  -1  -1 
2276.314896 0.011832 0.938530 0.983738 0.003824 0.000000 -0.009076 0.988824 -0.014163 0.003824 -0.005086 0.003824 0.000222  -1  -1  -1 
2276.315518 0.012454 0.938700 0.990734 0.003825 0.000000 -0.009067 0.988859 -0.007192 0.003825 0.001875 0.003825 0.000222  -1  -1  -1 
2276.316127 0.013063 0.938867 0.986449 0.003824 0.000000 -0.009058 0.988921 -0.011531 0.003824 -0.002472 0.003824 0.000222  -1  -1  -1 
2276.316738 0.013674 0.939034 0.991281 0.003823 0.000000 -0.009049 0.989011 -0.006779 0.003823 0.002270 0.003823 0.000222  -1  -1  -1 
2276.317350 0.014286 0.939201 0.986192 0.003872 0.000000 -0.009039 0.989131 -0.011978 0.003872 -0.002939 0.003872 0.000222  -1  -1  -1 
2276.317960 0.014896 0.939367 0.986666 0.003822 0.000000 -0.009029 0.989285 -0.011648 0.003822 -0.002619 0.003822 0.000222  -1  -1  -1 
2276.318569 0.015505 0.939534 0.980609 0.003818 0.000000 -0.009018 0.989482 -0.017891 0.003818 -0.008873 0.003818 0.000222  -1  -1  -1 
2276.319178 0.016114 0.939700 0.988758 0.003824 0.000000 -0.009007 0.989719 -0.009968 0.003824 -0.000961 0.003824 0.000222  -1  -1  -1 
2276.319788 0.016724 0.939867 0.992542 0.003824 0.000000 -0.008995 0.989982 -0.006435 0.003824 0.002560 0.003824 0.000222  -1  -1  -1 
2276.321443 0.018379 0.940319 0.989325 0.003820 0.000000 -0.008962 0.990698 -0.010335 0.003820 -0.001373 0.003820 0.000222  -1  -1  -1 
2276.322054 0.018990 0.940486 0.996375 0.003822 0.000000 -0.008948 0.990934 -0.003507 0.003822 0.005441 0.003822 0.000222  -1  -1  -1 
2276.322663 0.019599 0.940652 0.990233 0.003821 0.000000 -0.008935 0.991136 -0.009838 0.003821 -0.000903 0.003821 0.000222  -1  -1  -1 
2276.323273 0.020209 0.940819 0.995646 0.003823 0.000000 -0.008921 0.991302 -0.004577 0.003823 0.004344 0.003823 0.000222  -1  -1  -1 
2276.323883 0.020819 0.940986 0.991826 0.003819 0.000000 -0.008906 0.991430 -0.008510 0.003819 0.000396 0.003819 0.000222  -1  -1  -1 
2276.324492 0.021428 0.941152 0.989518 0.003821 0.000000 -0.008891 0.991521 -0.010895 0.003821 -0.002003 0.003821 0.000222  -1  -1  -1 
2276.325102 0.022038 0.941319 0.996210 0.003819 0.000000 -0.008876 0.991580 -0.004246 0.003819 0.004630 0.003819 0.000222  -1  -1  -1 
2276.325710 0.022646 0.941485 0.992333 0.003819 0.000000 -0.008860 0.991604 -0.008131 0.003819 0.000729 0.003819 0.000222  -1  -1  -1 
2276.326318 0.023254 0.941651 0.987500 0.003816 0.000000 -0.008844 0.991597 -0.012940 0.003816 -0.004097 0.003816 0.000222  -1  -1  -1 
2276.326926 0.023862 0.941817 0.994965 0.003820 0.000000 -0.008827 0.991563 -0.005425 0.003820 0.003402 0.003820 0.000222  -1  -1  -1 
2276.327537 0.024473 0.941984 0.991081 0.003817 0.000000 -0.008809 0.991497 -0.009225 0.003817 -0.000416 0.003817 0.000222  -1  -1  -1 
2276.328146 0.025082 0.942150 0.997409 0.003821 0.000000 -0.008792 0.991396 -0.002779 0.003821 0.006013 0.003821 0.000222  -1  -1  -1 
2276.328756 0.025692 0.942317 0.993560 0.003816 0.000000 -0.008774 0.991259 -0.006473 0.003816 0.002301 0.003816 0.000222  -1  -1  -1 
2276.330586 0.027522 0.942817 0.986414 0.003815 0.000000 -0.008716 0.990747 -0.013049 0.003815 -0.004333 0.003815 0.000222  -1  -1  -1 
2276.331852 0.028788 0.943163 0.985588 0.003815 0.000000 -0.008674 0.990455 -0.013542 0.003815 -0.004867 0.003815 0.000222  -1  -1  -1 
2276.333072 0.030008 0.943496 0.987739 0.003819 0.000000 -0.008632 0.990295 -0.011188 0.003819 -0.002556 0.003819 0.000222  -1  -1  -1 
2276.335513 0.032449 0.944163 0.991314 0.003814 0.000000 -0.008541 0.990294 -0.007521 0.003814 0.001020 0.003814 0.000222  -1  -1  -1 
2276.336121 0.033057 0.944329 0.985338 0.003814 0.000000 -0.008517 0.990358 -0.013537 0.003814 -0.005020 0.003814 0.000222  -1  -1  -1 
2276.336733 0.033669 0.944497 0.985798 0.003814 0.000000 -0.008492 0.990458 -0.013152 0.003814 -0.004660 0.003814 0.000222  -1  -1  -1 
2276.337342 0.034278 0.944663 0.998668 0.003816 0.000000 -0.008468 0.990593 -0.000392 0.003816 0.008075 0.003816 0.000222  -1  -1  -1 
2276.337950 0.034886 0.944829 0.980159 0.003808 0.000000 -0.008442 0.990757 -0.019040 0.003808 -0.010598 0.003808 0.000222  -1  -1  -1 
2276.339169 0.036105 0.945162 0.988990 0.003811 0.000000 -0.008390 0.991189 -0.010589 0.003811 -0.002199 0.003811 0.000222  -1  -1  -1 
2276.339779 0.036715 0.945329 0.989306 0.003813 0.000000 -0.008363 0.991437 -0.010495 0.003813 -0.002131 0.003813 0.000222  -1  -1  -1 
2276.340389 0.037325 0.945495 0.998047 0.003813 0.000000 -0.008336 0.991689 -0.001978 0.003813 0.006358 0.003813 0.000222  -1  -1  -1 
2276.340998 0.037934 0.945662 0.998003 0.003816 0.000000 -0.008308 0.991927 -0.002232 0.003816 0.006076 0.003816 0.000222  -1  -1  -1 
2276.341605 0.038541 0.945828 0.988440 0.003810 0.000000 -0.008279 0.992147 -0.011987 0.003810 -0.003707 0.003810 0.000222  -1  -1  -1 
2276.342222 0.039158 0.945996 0.992325 0.003814 0.000000 -0.008250 0.992365 -0.008290 0.003814 -0.000040 0.003814 0.000222  -1  -1  -1 
2276.342833 0.039769 0.946163 0.992519 0.003815 0.000000 -0.008221 0.992579 -0.008281 0.003815 -0.000060 0.003815 0.000222  -1  -1  -1 
2276.343442 0.040378 0.946330 0.990377 0.003814 0.000000 -0.008191 0.992792 -0.010606 0.003814 -0.002415 0.003814 0.000222  -1  -1  -1 
2276.344052 0.040988 0.946496 0.994763 0.003813 0.000000 -0.008160 0.993005 -0.006402 0.003813 0.001758 0.003813 0.000222  -1  -1  -1 
2276.344662 0.041598 0.946663 0.991163 0.003812 0.000000 -0.008129 0.993212 -0.010178 0.003812 -0.002049 0.003812 0.000222  -1  -1  -1 
2276.345271 0.042207 0.946829 0.999913 0.003813 0.000000 -0.008097 0.993407 -0.001591 0.003813 0.006506 0.003813 0.000222  -1  -1  -1 
2276.345881 0.042817 0.946996 0.989323 0.003811 0.000000 -0.008065 0.993582 -0.012324 0.003811 -0.004259 0.003811 0.000222  -1  -1  -1 
2276.346491 0.043427 0.947163 0.998898 0.003816 0.000000 -0.008032 0.993737 -0.002871 0.003816 0.005161 0.003816 0.000222  -1  -1  -1 
2276.347102 0.044038 0.947330 0.996116 0.003813 0.000000 -0.007999 0.993864 -0.005747 0.003813 0.002252 0.003813 0.000222  -1  -1  -1 
2276.347710 0.044646 0.947496 0.998583 0.003812 0.000000 -0.007965 0.993962 -0.003345 0.003812 0.004621 0.003812 0.000222  -1  -1  -1 
2276.348320 0.045256 0.947662 0.992599 0.003808 0.000000 -0.007931 0.994037 -0.009368 0.003808 -0.001438 0.003808 0.000222  -1  -1  -1 
2276.348930 0.045866 0.947829 0.991689 0.003809 0.000000 -0.007896 0.994097 -0.010304 0.003809 -0.002408 0.003809 0.000222  -1  -1  -1 
2276.349538 0.046474 0.947995 0.996411 0.003810 0.000000 -0.007860 0.994150 -0.005599 0.003810 0.002261 0.003810 0.000222  -1  -1  -1 
2276.350147 0.047083 0.948162 0.992099 0.003810 0.000000 -0.007824 0.994193 -0.009919 0.003810 -0.002094 0.003810 0.000222  -1  -1  -1 
2276.350757 0.047693 0.948328 0.997288 0.003809 0.000000 -0.007787 0.994226 -0.004725 0.003809 0.003062 0.003809 0.000222  -1  -1  -1 
2276.351366 0.048302 0.948495 0.992879 0.003811 0.000000 -0.007750 0.994240 -0.009111 0.003811 -0.001361 0.003811 0.000222  -1  -1  -1 
2276.351977 0.048913 0.948662 0.995136 0.003809 0.000000 -0.007712 0.994231 -0.006807 0.003809 0.000905 0.003809 0.000222  -1  -1  -1 
2276.352587 0.049523 0.948828 1.003682 0.003811 0.000000 -0.007673 0.994189 0.001820 0.003811 0.009493 0.003811 0.000222  -1  -1  -1 
2276.353200 0.050136 0.948996 0.994752 0.003808 0.000000 -0.007634 0.994105 -0.006987 0.003808 0.000647 0.003808 0.000222  -1  -1  -1 
2276.353808 0.050744 0.949162 0.998722 0.003812 0.000000 -0.007594 0.993988 -0.002860 0.003812 0.004734 0.003812 0.000222  -1  -1  -1 
2276.354419 0.051355 0.949329 0.992174 0.003809 0.000000 -0.007553 0.993847 -0.009226 0.003809 -0.001673 0.003809 0.000222  -1  -1  -1 
2276.355028 0.051964 0.949495 0.991551 0.003805 0.000000 -0.007512 0.993701 -0.009662 0.003805 -0.002150 0.003805 0.000222  -1  -1  -1 
2276.355636 0.052572 0.949661 0.988449 0.003804 0.000000 -0.007470 0.993564 -0.012585 0.003804 -0.005115 0.003804 0.000222  -1  -1  -1 
2276.356245 0.053181 0.949828 0.995472 0.003806 0.000000 -0.007428 0.993439 -0.005395 0.003806 0.002033 0.003806 0.000222  -1  -1  -1 
2276.356855 0.053791 0.949994 0.998905 0.003807 0.000000 -0.007385 0.993321 -0.001800 0.003807 0.005584 0.003807 0.000222  -1  -1  -1 
2276.357464 0.054400 0.950161 0.990843 0.003807 0.000000 -0.007341 0.993207 -0.009705 0.003807 -0.002364 0.003807 0.000222  -1  -1  -1 
2276.358073 0.055009 0.950327 0.994233 0.003804 0.000000 -0.007296 0.993107 -0.006170 0.003804 0.001126 0.003804 0.000222  -1  -1  -1 
2276.358685 0.055621 0.950494 0.986648 0.003800 0.000000 -0.007251 0.993028 -0.013631 0.003800 -0.006380 0.003800 0.000222  -1  -1  -1 
2276.359295 0.056231 0.950661 0.993020 0.003803 0.000000 -0.007204 0.992977 -0.007162 0.003803 0.000043 0.003803 0.000222  -1  -1  -1 
2276.359904 0.056840 0.950827 0.989387 0.003802 0.000000 -0.007158 0.992950 -0.010721 0.003802 -0.003563 0.003802 0.000222  -1  -1  -1 
2276.360515 0.057451 0.950994 0.994756 0.003802 0.000000 -0.007110 0.992939 -0.005293 0.003802 0.001817 0.003802 0.000222  -1  -1  -1 
2276.361123 0.058059 0.951160 0.994171 0.003802 0.000000 -0.007062 0.992931 -0.005821 0.003802 0.001240 0.003802 0.000222  -1  -1  -1 
2276.361733 0.058669 0.951327 0.993584 0.003802 0.000000 -0.007012 0.992915 -0.006343 0.003802 0.000669 0.003802 0.000222  -1  -1  -1 
2276.362344 0.059280 0.951494 0.998864 0.003804 0.000000 -0.006962 0.992885 -0.000983 0.003804 0.005979 0.003804 0.000222  -1  -1  -1 
2276.362953 0.059889 0.951660 0.994053 0.003799 0.000000 -0.006912 0.992838 -0.005696 0.003799 0.001215 0.003799 0.000222  -1  -1  -1 
2276.363563 0.060499 0.951827 0.993808 0.003804 0.000000 -0.006860 0.992783 -0.005835 0.003804 0.001025 0.003804 0.000222  -1  -1  -1 
2276.364172 0.061108 0.951994 0.984839 0.003797 0.000000 -0.006807 0.992737 -0.014706 0.003797 -0.007898 0.003797 0.000222  -1  -1  -1 
2276.364781 0.061717 0.952160 0.994257 0.003802 0.000000 -0.006754 0.992714 -0.005211 0.003802 0.001543 0.003802 0.000222  -1  -1  -1 
2276.365390 0.062326 0.952326 0.989500 0.003801 0.000000 -0.006700 0.992717 -0.009917 0.003801 -0.003217 0.003801 0.000222  -1  -1  -1 
2276.365999 0.062935 0.952493 0.992049 0.003801 0.000000 -0.006644 0.992749 -0.007344 0.003801 -0.000700 0.003801 0.000222  -1  -1  -1 
2276.366615 0.063551 0.952661 0.992086 0.003798 0.000000 -0.006587 0.992808 -0.007309 0.003798 -0.000722 0.003798 0.000222  -1  -1  -1 
2276.367224 0.064160 0.952827 0.994329 0.003801 0.000000 -0.006530 0.992891 -0.005092 0.003801 0.001438 0.003801 0.000222  -1  -1  -1 
2276.367840 0.064776 0.952996 0.987510 0.003800 0.000000 -0.006471 0.993001 -0.011962 0.003800 -0.005491 0.003800 0.000222  -1  -1  -1 
2276.368448 0.065384 0.953162 0.989914 0.003799 0.000000 -0.006412 0.993134 -0.009632 0.003799 -0.003220 0.003799 0.000222  -1  -1  -1 
2276.369060 0.065996 0.953329 0.994125 0.003802 0.000000 -0.006351 0.993286 -0.005513 0.003802 0.000839 0.003802 0.000222  -1  -1  -1 
2276.369669 0.066605 0.953495 1.000082 0.003805 0.000000 -0.006290 0.993440 0.000353 0.003805 0.006642 0.003805 0.000222  -1  -1  -1 
2276.370279 0.067215 0.953662 0.988443 0.003796 0.000000 -0.006227 0.993584 -0.011367 0.003796 -0.005141 0.003796 0.000222  -1  -1  -1 
2276.370890 0.067826 0.953829 0.997923 0.003803 0.000000 -0.006162 0.993718 -0.001957 0.003803 0.004205 0.003803 0.000222  -1  -1  -1 
2276.371500 0.068436 0.953996 0.993977 0.003802 0.000000 -0.006097 0.993835 -0.005955 0.003802 0.000142 0.003802 0.000222  -1  -1  -1 
2276.372121 0.069057 0.954165 0.997679 0.003799 0.000000 -0.006029 0.993938 -0.002288 0.003799 0.003741 0.003799 0.000222  -1  -1  -1 
2276.372730 0.069666 0.954332 0.992245 0.003801 0.000000 -0.005961 0.994024 -0.007740 0.003801 -0.001779 0.003801 0.000222  -1  -1  -1 
2276.373340 0.070276 0.954498 0.991928 0.003799 0.000000 -0.005891 0.994105 -0.008068 0.003799 -0.002177 0.003799 0.000222  -1  -1  -1 
2276.373952 0.070888 0.954666 0.993593 0.003805 0.000000 -0.005819 0.994185 -0.006412 0.003805 -0.000592 0.003805 0.000222  -1  -1  -1 
2276.374561 0.071497 0.954832 0.997242 0.003804 0.000000 -0.005747 0.994265 -0.002770 0.003804 0.002977 0.003804 0.000222  -1  -1  -1 
2276.375172 0.072108 0.954999 0.995311 0.003802 0.000000 -0.005672 0.994343 -0.004704 0.003802 0.000968 0.003802 0.000222  -1  -1  -1 
2276.375782 0.072718 0.955166 0.994382 0.003802 0.000000 -0.005595 0.994425 -0.005638 0.003802 -0.000043 0.003802 0.000222  -1  -1  -1 
2276.376390 0.073326 0.955332 0.993164 0.003800 0.000000 -0.005517 0.994518 -0.006871 0.003800 -0.001354 0.003800 0.000222  -1  -1  -1 
2276.376999 0.073935 0.955498 0.988800 0.003801 0.000000 -0.005436 0.994633 -0.011269 0.003801 -0.005833 0.003801 0.000222  -1  -1  -1 
2276.377621 0.074557 0.955668 0.994471 0.003803 0.000000 -0.005351 0.994778 -0.005658 0.003803 -0.000307 0.003803 0.000222  -1  -1  -1 
2276.378229 0.075165 0.955834 0.994102 0.003803 0.000000 -0.005265 0.994939 -0.006102 0.003803 -0.000837 0.003803 0.000222  -1  -1  -1 
2276.378839 0.075775 0.956001 1.001370 0.003805 0.000000 -0.005176 0.995112 0.001082 0.003805 0.006258 0.003805 0.000222  -1  -1  -1 
2276.379449 0.076385 0.956168 0.993064 0.003801 0.000000 -0.005084 0.995289 -0.007309 0.003801 -0.002225 0.003801 0.000222  -1  -1  -1 
2276.380057 0.076993 0.956334 0.994153 0.003804 0.000000 -0.004988 0.995473 -0.006308 0.003804 -0.001320 0.003804 0.000222  -1  -1  -1 
2276.380667 0.077603 0.956500 0.996595 0.003804 0.000000 -0.004887 0.995668 -0.003960 0.003804 0.000927 0.003804 0.000222  -1  -1  -1 
2276.381280 0.078216 0.956668 0.993585 0.003804 0.000000 -0.004776 0.995878 -0.007068 0.003804 -0.002293 0.003804 0.000222  -1  -1  -1 
2276.383004 0.079940 0.957139 0.998385 0.003807 0.000000 -0.004305 0.996609 -0.002528 0.003807 0.001776 0.003807 0.000222  -1  -1  -1 
2276.383620 0.080556 0.957307 0.999060 0.003809 0.000000 -0.004109 0.996864 -0.001914 0.003809 0.002196 0.003809 0.000222  -1  -1  -1 
2276.384228 0.081164 0.957473 0.998481 0.003810 0.000000 -0.003909 0.997094 -0.002522 0.003810 0.001387 0.003810 0.000222  -1  -1  -1 
2276.384838 0.081774 0.957640 1.003414 0.003812 0.000000 -0.003702 0.997297 0.002415 0.003812 0.006117 0.003812 0.000222  -1  -1  -1 
2276.385448 0.082384 0.957807 1.003190 0.003813 0.000000 -0.003492 0.997468 0.002230 0.003813 0.005722 0.003813 0.000222  -1  -1  -1 
2276.386059 0.082995 0.957974 0.994182 0.003808 0.000000 -0.003278 0.997620 -0.006716 0.003808 -0.003438 0.003808 0.000222  -1  -1  -1 
2276.386669 0.083605 0.958140 0.991326 0.003810 0.000000 -0.003064 0.997773 -0.009511 0.003810 -0.006447 0.003810 0.000222  -1  -1  -1 
2276.387278 0.084214 0.958307 1.001323 0.003813 0.000000 -0.002850 0.997941 0.000532 0.003813 0.003382 0.003813 0.000222  -1  -1  -1 
2276.387888 0.084824 0.958473 0.992782 0.003808 0.000000 -0.002637 0.998125 -0.007980 0.003808 -0.005343 0.003808 0.000222  -1  -1  -1 
2276.388497 0.085433 0.958640 1.000349 0.003814 0.000000 -0.002426 0.998325 -0.000402 0.003814 0.002024 0.003814 0.000222  -1  -1  -1 
2276.389107 0.086043 0.958806 0.998082 0.003809 0.000000 -0.002218 0.998538 -0.002674 0.003809 -0.000456 0.003809 0.000222  -1  -1  -1 
2276.389716 0.086652 0.958973 0.998734 0.003816 0.000000 -0.002014 0.998757 -0.002037 0.003816 -0.000023 0.003816 0.000222  -1  -1  -1 
2276.390327 0.087263 0.959140 1.002516 0.003814 0.000000 -0.001814 0.998980 0.001722 0.003814 0.003536 0.003814 0.000222  -1  -1  -1 
2276.390937 0.087873 0.959306 0.995015 0.003814 0.000000 -0.001620 0.999202 -0.005807 0.003814 -0.004187 0.003814 0.000222  -1  -1  -1 
2276.391547 0.088483 0.959473 1.003058 0.003817 0.000000 -0.001432 0.999427 0.002199 0.003817 0.003631 0.003817 0.000222  -1  -1  -1 
2276.392157 0.089093 0.959640 0.997826 0.003816 0.000000 -0.001251 0.999650 -0.003076 0.003816 -0.001824 0.003816 0.000222  -1  -1  -1 
2276.392766 0.089702 0.959806 1.003488 0.003819 0.000000 -0.001079 0.999873 0.002537 0.003819 0.003615 0.003819 0.000222  -1  -1  -1 
2276.393374 0.090310 0.959972 0.999975 0.003816 0.000000 -0.000915 1.000094 -0.001034 0.003816 -0.000119 0.003816 0.000222  -1  -1  -1 
2276.393982 0.090918 0.960138 0.996101 0.003813 0.000000 -0.000761 1.000320 -0.004980 0.003813 -0.004219 0.003813 0.000222  -1  -1  -1 
2276.394593 0.091529 0.960305 0.997220 0.003814 0.000000 -0.000616 1.000559 -0.003955 0.003814 -0.003339 0.003814 0.000222  -1  -1  -1 
2276.395202 0.092138 0.960472 1.002178 0.003820 0.000000 -0.000483 1.000803 0.000892 0.003820 0.001375 0.003820 0.000222  -1  -1  -1 
2276.395816 0.092752 0.960639 1.007418 0.003820 0.000000 -0.000361 1.001041 0.006015 0.003820 0.006377 0.003820 0.000222  -1  -1  -1 
2276.396426 0.093362 0.960806 1.003513 0.003823 0.000000 -0.000254 1.001261 0.001998 0.003823 0.002252 0.003823 0.000222  -1  -1  -1 
2276.397035 0.093971 0.960972 0.999706 0.003816 0.000000 -0.000161 1.001467 -0.001923 0.003816 -0.001761 0.003816 0.000222  -1  -1  -1 
2276.397645 0.094581 0.961139 0.994445 0.003816 0.000000 -0.000085 1.001667 -0.007308 0.003816 -0.007222 0.003816 0.000222  -1  -1  -1 
2276.398254 0.095190 0.961305 1.001823 0.003822 0.000000 -0.000029 1.001861 -0.000067 0.003822 -0.000038 0.003822 0.000222  -1  -1  -1 
2276.398862 0.095798 0.961472 1.006298 0.003824 0.000000 -0.000000 1.002027 0.004271 0.003824 0.004271 0.003824 0.000222  -1  -1  -1 
2276.399472 0.096408 0.961638 1.002021 0.003817 0.000000 0.000000 1.002145 -0.000124 0.003817 -0.000124 0.003817 0.000222  -1  -1  -1 
2276.400081 0.097017 0.961805 1.008178 0.003827 0.000000 0.000000 1.002233 0.005945 0.003827 0.005945 0.003827 0.000222  -1  -1  -1 
2276.400689 0.097625 0.961971 1.007842 0.003823 0.000000 0.000000 1.002279 0.005563 0.003823 0.005563 0.003823 0.000222  -1  -1  -1 
2276.401298 0.098234 0.962137 1.008348 0.003830 0.000000 0.000000 1.002281 0.006067 0.003830 0.006067 0.003830 0.000222  -1  -1  -1 
2276.401908 0.098844 0.962304 0.999987 0.003821 0.000000 0.000000 1.002247 -0.002260 0.003821 -0.002260 0.003821 0.000222  -1  -1  -1 
2276.402516 0.099452 0.962470 0.998321 0.003823 0.000000 0.000000 1.002197 -0.003876 0.003823 -0.003876 0.003823 0.000222  -1  -1  -1 
2276.403127 0.100063 0.962637 1.000659 0.003821 0.000000 0.000000 1.002142 -0.001483 0.003821 -0.001483 0.003821 0.000222  -1  -1  -1 
2276.403739 0.100675 0.962804 1.010308 0.003827 0.000000 0.000000 1.002082 0.008226 0.003827 0.008226 0.003827 0.000222  -1  -1  -1 
2276.404361 0.101297 0.962974 1.001066 0.003823 0.000000 0.000000 1.002010 -0.000944 0.003823 -0.000944 0.003823 0.000222  -1  -1  -1 
2276.404971 0.101907 0.963141 0.999205 0.003824 0.000000 0.000000 1.001939 -0.002734 0.003824 -0.002734 0.003824 0.000222  -1  -1  -1 
2276.405580 0.102516 0.963307 1.002806 0.003826 0.000000 0.000000 1.001874 0.000932 0.003826 0.000932 0.003826 0.000222  -1  -1  -1 
2276.406195 0.103131 0.963475 1.001657 0.003826 0.000000 0.000000 1.001813 -0.000156 0.003826 -0.000156 0.003826 0.000222  -1  -1  -1 
2276.406806 0.103742 0.963642 0.999992 0.003823 0.000000 0.000000 1.001757 -0.001765 0.003823 -0.001765 0.003823 0.000222  -1  -1  -1 
2276.407418 0.104354 0.963809 1.000271 0.003825 0.000000 0.000000 1.001701 -0.001430 0.003825 -0.001430 0.003825 0.000222  -1  -1  -1 
2276.408035 0.104971 0.963978 1.005199 0.003827 0.000000 0.000000 1.001634 0.003565 0.003827 0.003565 0.003827 0.000222  -1  -1  -1 
2276.408643 0.105579 0.964144 1.007630 0.003830 0.000000 0.000000 1.001542 0.006088 0.003830 0.006088 0.003830 0.000222  -1  -1  -1 
2276.409252 0.106188 0.964310 1.000897 0.003826 0.000000 0.000000 1.001416 -0.000519 0.003826 -0.000519 0.003826 0.000222  -1  -1  -1 
2276.409860 0.106796 0.964476 1.009495 0.003826 0.000000 0.000000 1.001259 0.008236 0.003826 0.008236 0.003826 0.000222  -1  -1  -1 
2276.410471 0.107407 0.964643 0.996438 0.003826 0.000000 0.000000 1.001071 -0.004633 0.003826 -0.004633 0.003826 0.000222  -1  -1  -1 
2276.411080 0.108016 0.964810 1.003896 0.003826 0.000000 0.000000 1.000871 0.003025 0.003826 0.003025 0.003826 0.000222  -1  -1  -1 
2276.411691 0.108627 0.964977 0.997713 0.003833 0.000000 0.000000 1.000664 -0.002951 0.003833 -0.002951 0.003833 0.000222  -1  -1  -1 
2276.412303 0.109239 0.965144 1.001106 0.003833 0.000000 0.000000 1.000463 0.000643 0.003833 0.000643 0.003833 0.000222  -1  -1  -1 
2276.412911 0.109847 0.965310 1.001128 0.003829 0.000000 0.000000 1.000274 0.000854 0.003829 0.000854 0.003829 0.000222  -1  -1  -1 
2276.413521 0.110457 0.965477 1.001411 0.003827 0.000000 0.000000 1.000101 0.001310 0.003827 0.001310 0.003827 0.000222  -1  -1  -1 
2276.414132 0.111068 0.965644 0.993988 0.003825 0.000000 0.000000 0.999955 -0.005967 0.003825 -0.005967 0.003825 0.000222  -1  -1  -1 
2276.414742 0.111678 0.965810 0.999865 0.003829 0.000000 0.000000 0.999848 0.000017 0.003829 0.000017 0.003829 0.000222  -1  -1  -1 
2276.415352 0.112288 0.965977 0.992584 0.003826 0.000000 0.000000 0.999783 -0.007199 0.003826 -0.007199 0.003826 0.000222  -1  -1  -1 
2276.415961 0.112897 0.966143 0.999825 0.003828 0.000000 0.000000 0.999761 0.000064 0.003828 0.000064 0.003828 0.000222  -1  -1  -1 
2276.416572 0.113508 0.966310 1.000020 0.003833 0.000000 0.000000 0.999768 0.000252 0.003833 0.000252 0.003833 0.000222  -1  -1  -1 
2276.417181 0.114117 0.966477 0.996974 0.003828 0.000000 0.000000 0.999794 -0.002820 0.003828 -0.002820 0.003828 0.000222  -1  -1  -1 
2276.417789 0.114725 0.966643 1.005098 0.003830 0.000000 0.000000 0.999825 0.005273 0.003830 0.005273 0.003830 0.000222  -1  -1  -1 
2276.418400 0.115336 0.966810 0.997505 0.003833 0.000000 0.000000 0.999849 -0.002344 0.003833 -0.002344 0.003833 0.000222  -1  -1  -1 
2276.419009 0.115945 0.966976 1.005819 0.003831 0.000000 0.000000 0.999859 0.005960 0.003831 0.005960 0.003831 0.000222  -1  -1  -1 
2276.419618 0.116554 0.967143 1.000910 0.003831 0.000000 0.000000 0.999848 0.001062 0.003831 0.001062 0.003831 0.000222  -1  -1  -1 
2276.420229 0.117165 0.967310 0.995780 0.003830 0.000000 0.000000 0.999823 -0.004043 0.003830 -0.004043 0.003830 0.000222  -1  -1  -1 
2276.420838 0.117774 0.967476 1.001505 0.003831 0.000000 0.000000 0.999788 0.001717 0.003831 0.001717 0.003831 0.000222  -1  -1  -1 
2276.421447 0.118383 0.967642 1.002441 0.003830 0.000000 0.000000 0.999746 0.002695 0.003830 0.002695 0.003830 0.000222  -1  -1  -1 
2276.422071 0.119007 0.967813 0.997328 0.003826 0.000000 0.000000 0.999696 -0.002368 0.003826 -0.002368 0.003826 0.000222  -1  -1  -1 
2276.422680 0.119616 0.967979 0.998494 0.003825 0.000000 0.000000 0.999648 -0.001154 0.003825 -0.001154 0.003825 0.000222  -1  -1  -1 
2276.423291 0.120227 0.968146 0.996299 0.003830 0.000000 0.000000 0.999607 -0.003308 0.003830 -0.003308 0.003830 0.000222  -1  -1  -1 
2276.423900 0.120836 0.968313 0.997117 0.003831 0.000000 0.000000 0.999571 -0.002454 0.003831 -0.002454 0.003831 0.000222  -1  -1  -1 
2276.424509 0.121445 0.968479 1.003476 0.003832 0.000000 0.000000 0.999533 0.003943 0.003832 0.003943 0.003832 0.000222  -1  -1  -1 
2276.425128 0.122064 0.968648 1.004049 0.003832 0.000000 0.000000 0.999480 0.004569 0.003832 0.004569 0.003832 0.000222  -1  -1  -1 
2276.425738 0.122674 0.968815 0.995707 0.003832 0.000000 0.000000 0.999410 -0.003703 0.003832 -0.003703 0.003832 0.000222  -1  -1  -1 
2276.426359 0.123295 0.968984 1.001793 0.003828 0.000000 0.000000 0.999327 0.002466 0.003828 0.002466 0.003828 0.000222  -1  -1  -1 
2276.426967 0.123903 0.969150 1.000484 0.003830 0.000000 0.000000 0.999237 0.001247 0.003830 0.001247 0.003830 0.000222  -1  -1  -1 
2276.427576 0.124512 0.969317 0.995438 0.003827 0.000000 0.000000 0.999142 -0.003704 0.003827 -0.003704 0.003827 0.000222  -1  -1  -1 
2276.428187 0.125123 0.969484 1.001740 0.003826 0.000000 0.000000 0.999051 0.002689 0.003826 0.002689 0.003826 0.000222  -1  -1  -1 
2276.428796 0.125732 0.969650 0.997867 0.003827 0.000000 0.000000 0.998970 -0.001103 0.003827 -0.001103 0.003827 0.000222  -1  -1  -1 
2276.429405 0.126341 0.969817 0.993683 0.003827 0.000000 0.000000 0.998907 -0.005224 0.003827 -0.005224 0.003827 0.000222  -1  -1  -1 
2276.430016 0.126952 0.969984 1.001424 0.003826 0.000000 0.000000 0.998870 0.002554 0.003826 0.002554 0.003826 0.000222  -1  -1  -1 
2276.430624 0.127560 0.970150 0.996143 0.003826 0.000000 0.000000 0.998860 -0.002717 0.003826 -0.002717 0.003826 0.000222  -1  -1  -1 
2276.431235 0.128171 0.970317 0.996153 0.003827 0.000000 0.000000 0.998884 -0.002731 0.003827 -0.002731 0.003827 0.000222  -1  -1  -1 
2276.431847 0.128783 0.970484 0.995382 0.003827 0.000000 0.000000 0.998946 -0.003564 0.003827 -0.003564 0.003827 0.000222  -1  -1  -1 
2276.432460 0.129396 0.970651 0.996011 0.003828 0.000000 0.000000 0.999046 -0.003035 0.003828 -0.003035 0.003828 0.000222  -1  -1  -1 
2276.433069 0.130005 0.970818 0.997379 0.003827 0.000000 0.000000 0.999174 -0.001795 0.003827 -0.001795 0.003827 0.000222  -1  -1  -1 
2276.433678 0.130614 0.970984 1.001161 0.003828 0.000000 0.000000 0.999319 0.001842 0.003828 0.001842 0.003828 0.000222  -1  -1  -1 
2276.434287 0.131223 0.971150 1.002971 0.003830 0.000000 0.000000 0.999465 0.003506 0.003830 0.003506 0.003830 0.000222  -1  -1  -1 
2276.434897 0.131833 0.971317 0.997412 0.003826 0.000000 0.000000 0.999605 -0.002193 0.003826 -0.002193 0.003826 0.000222  -1  -1  -1 
2276.435508 0.132444 0.971484 0.998979 0.003826 0.000000 0.000000 0.999736 -0.000757 0.003826 -0.000757 0.003826 0.000222  -1  -1  -1 
2276.436123 0.133059 0.971652 1.003717 0.003831 0.000000 0.000000 0.999854 0.003863 0.003831 0.003863 0.003831 0.000222  -1  -1  -1 
2276.436732 0.133668 0.971818 0.998466 0.003828 0.000000 0.000000 0.999949 -0.001483 0.003828 -0.001483 0.003828 0.000222  -1  -1  -1 
2276.437343 0.134279 0.971985 0.999419 0.003828 0.000000 0.000000 1.000023 -0.000604 0.003828 -0.000604 0.003828 0.000222  -1  -1  -1 
2276.437956 0.134892 0.972153 1.004773 0.003833 0.000000 0.000000 1.000073 0.004700 0.003833 0.004700 0.003833 0.000222  -1  -1  -1 
2276.438574 0.135510 0.972322 1.001375 0.003832 0.000000 0.000000 1.000092 0.001283 0.003832 0.001283 0.003832 0.000222  -1  -1  -1 
2276.439185 0.136121 0.972489 0.998783 0.003827 0.000000 0.000000 1.000085 -0.001302 0.003827 -0.001302 0.003827 0.000222  -1  -1  -1 
2276.439795 0.136731 0.972655 1.004786 0.003834 0.000000 0.000000 1.000057 0.004729 0.003834 0.004729 0.003834 0.000222  -1  -1  -1 
2276.440403 0.137339 0.972821 0.996089 0.003830 0.000000 0.000000 1.000013 -0.003924 0.003830 -0.003924 0.003830 0.000222  -1  -1  -1 
2276.441014 0.137950 0.972988 0.996056 0.003826 0.000000 0.000000 0.999964 -0.003908 0.003826 -0.003908 0.003826 0.000222  -1  -1  -1 
2276.441623 0.138559 0.973155 1.002790 0.003832 0.000000 0.000000 0.999914 0.002876 0.003832 0.002876 0.003832 0.000222  -1  -1  -1 
2276.442231 0.139167 0.973321 0.999729 0.003833 0.000000 0.000000 0.999856 -0.000127 0.003833 -0.000127 0.003833 0.000222  -1  -1  -1 
2276.442841 0.139777 0.973488 1.004074 0.003830 0.000000 0.000000 0.999789 0.004285 0.003830 0.004285 0.003830 0.000222  -1  -1  -1 
2276.444377 0.141313 0.973907 0.996081 0.003828 0.000000 0.000000 0.999605 -0.003524 0.003828 -0.003524 0.003828 0.000222  -1  -1  -1 
2276.444988 0.141924 0.974074 1.001066 0.003827 0.000000 0.000000 0.999555 0.001511 0.003827 0.001511 0.003827 0.000222  -1  -1  -1 
2276.445599 0.142535 0.974241 0.997350 0.003832 0.000000 0.000000 0.999530 -0.002180 0.003832 -0.002180 0.003832 0.000222  -1  -1  -1 
2276.446218 0.143154 0.974410 0.994682 0.003827 0.000000 0.000000 0.999539 -0.004857 0.003827 -0.004857 0.003827 0.000222  -1  -1  -1 
2276.446833 0.143769 0.974578 1.000167 0.003827 0.000000 0.000000 0.999590 0.000577 0.003827 0.000577 0.003827 0.000222  -1  -1  -1 
2276.447443 0.144379 0.974745 0.995132 0.003827 0.000000 0.000000 0.999678 -0.004546 0.003827 -0.004546 0.003827 0.000222  -1  -1  -1 
2276.448052 0.144988 0.974911 0.991864 0.003827 0.000000 0.000000 0.999804 -0.007940 0.003827 -0.007940 0.003827 0.000222  -1  -1  -1 
2276.448663 0.145599 0.975078 1.005204 0.003833 0.000000 0.000000 0.999956 0.005248 0.003833 0.005248 0.003833 0.000222  -1  -1  -1 
2276.449272 0.146208 0.975245 1.003876 0.003828 0.000000 0.000000 1.000107 0.003769 0.003828 0.003769 0.003828 0.000222  -1  -1  -1 
2276.449880 0.146816 0.975411 1.002125 0.003829 0.000000 0.000000 1.000241 0.001884 0.003829 0.001884 0.003829 0.000222  -1  -1  -1 
2276.450489 0.147425 0.975577 1.004969 0.003833 0.000000 0.000000 1.000353 0.004616 0.003833 0.004616 0.003833 0.000222  -1  -1  -1 
2276.451098 0.148034 0.975744 1.001698 0.003830 0.000000 0.000000 1.000441 0.001257 0.003830 0.001257 0.003830 0.000222  -1  -1  -1 
2276.451709 0.148645 0.975911 0.995935 0.003831 0.000000 0.000000 1.000515 -0.004580 0.003831 -0.004580 0.003831 0.000222  -1  -1  -1 
2276.452318 0.149254 0.976077 0.998011 0.003834 0.000000 0.000000 1.000584 -0.002573 0.003834 -0.002573 0.003834 0.000222  -1  -1  -1 
2276.452927 0.149863 0.976243 1.002590 0.003829 0.000000 0.000000 1.000649 0.001941 0.003829 0.001941 0.003829 0.000222  -1  -1  -1 
2276.453562 0.150498 0.976417 1.003172 0.003828 0.000000 0.000000 1.000702 0.002470 0.003828 0.002470 0.003828 0.000222  -1  -1  -1 
2276.454173 0.151109 0.976584 1.005676 0.003833 0.000000 0.000000 1.000734 0.004942 0.003833 0.004942 0.003833 0.000222  -1  -1  -1 
2276.454782 0.151718 0.976750 0.997969 0.003830 0.000000 0.000000 1.000747 -0.002778 0.003830 -0.002778 0.003830 0.000222  -1  -1  -1 
2276.455390 0.152326 0.976916 1.002092 0.003832 0.000000 0.000000 1.000752 0.001340 0.003832 0.001340 0.003832 0.000222  -1  -1  -1 
2276.456005 0.152941 0.977084 1.000082 0.003828 0.000000 0.000000 1.000752 -0.000670 0.003828 -0.000670 0.003828 0.000222  -1  -1  -1 
2276.456620 0.153556 0.977252 0.999202 0.003826 0.000000 0.000000 1.000752 -0.001550 0.003826 -0.001550 0.003826 0.000222  -1  -1  -1 
2276.457234 0.154170 0.977420 0.999742 0.003827 0.000000 0.000000 1.000756 -0.001014 0.003827 -0.001014 0.003827 0.000222  -1  -1  -1 
2276.457843 0.154779 0.977586 1.002473 0.003829 0.000000 0.000000 1.000761 0.001712 0.003829 0.001712 0.003829 0.000222  -1  -1  -1 
2276.458454 0.155390 0.977753 0.999830 0.003826 0.000000 0.000000 1.000763 -0.000933 0.003826 -0.000933 0.003826 0.000222  -1  -1  -1 
2276.459062 0.155998 0.977920 0.999487 0.003828 0.000000 0.000000 1.000760 -0.001273 0.003828 -0.001273 0.003828 0.000222  -1  -1  -1 
2276.459672 0.156608 0.978086 1.005946 0.003832 0.000000 0.000000 1.000745 0.005201 0.003832 0.005201 0.003832 0.000222  -1  -1  -1 
2276.460284 0.157220 0.978253 1.001998 0.003829 0.000000 0.000000 1.000711 0.001287 0.003829 0.001287 0.003829 0.000222  -1  -1  -1 
2276.460894 0.157830 0.978420 1.000543 0.003827 0.000000 0.000000 1.000659 -0.000116 0.003827 -0.000116 0.003827 0.000222  -1  -1  -1 
2276.461504 0.158440 0.978587 1.003268 0.003827 0.000000 0.000000 1.000594 0.002674 0.003827 0.002674 0.003827 0.000222  -1  -1  -1 
2276.462114 0.159050 0.978753 1.001360 0.003828 0.000000 0.000000 1.000519 0.000841 0.003828 0.000841 0.003828 0.000222  -1  -1  -1 
2276.462723 0.159659 0.978920 0.999581 0.003824 0.000000 0.000000 1.000444 -0.000863 0.003824 -0.000863 0.003824 0.000222  -1  -1  -1 
2276.463335 0.160271 0.979087 0.998213 0.003826 0.000000 0.000000 1.000379 -0.002166 0.003826 -0.002166 0.003826 0.000222  -1  -1  -1 
2276.463945 0.160881 0.979254 0.998228 0.003824 0.000000 0.000000 1.000335 -0.002107 0.003824 -0.002107 0.003824 0.000222  -1  -1  -1 
2276.464554 0.161490 0.979420 0.995600 0.003822 0.000000 0.000000 1.000315 -0.004715 0.003822 -0.004715 0.003822 0.000222  -1  -1  -1 
2276.465183 0.162119 0.979592 1.002137 0.003828 0.000000 0.000000 1.000318 0.001819 0.003828 0.001819 0.003828 0.000222  -1  -1  -1 
2276.465838 0.162774 0.979771 1.003662 0.003827 0.000000 0.000000 1.000334 0.003328 0.003827 0.003328 0.003827 0.000222  -1  -1  -1 
2276.466448 0.163384 0.979938 0.999465 0.003824 0.000000 0.000000 1.000353 -0.000888 0.003824 -0.000888 0.003824 0.000222  -1  -1  -1 
2276.467058 0.163994 0.980104 1.003803 0.003828 0.000000 0.000000 1.000376 0.003427 0.003828 0.003427 0.003828 0.000222  -1  -1  -1 
2276.467667 0.164603 0.980271 0.993733 0.003825 0.000000 0.000000 1.000404 -0.006671 0.003825 -0.006671 0.003825 0.000222  -1  -1  -1 
2276.468278 0.165214 0.980438 1.004470 0.003828 0.000000 0.000000 1.000444 0.004026 0.003828 0.004026 0.003828 0.000222  -1  -1  -1 
2276.468889 0.165825 0.980604 0.997899 0.003822 0.000000 0.000000 1.000491 -0.002592 0.003822 -0.002592 0.003822 0.000222  -1  -1  -1 
2276.469502 0.166438 0.980772 0.998365 0.003822 0.000000 0.000000 1.000543 -0.002178 0.003822 -0.002178 0.003822 0.000222  -1  -1  -1 
2276.470114 0.167050 0.980939 1.003459 0.003825 0.000000 0.000000 1.000596 0.002863 0.003825 0.002863 0.003825 0.000222  -1  -1  -1 
2276.470724 0.167660 0.981106 1.001802 0.003822 0.000000 0.000000 1.000640 0.001162 0.003822 0.001162 0.003822 0.000222  -1  -1  -1 
2276.471335 0.168271 0.981273 0.999528 0.003826 0.000000 0.000000 1.000669 -0.001141 0.003826 -0.001141 0.003826 0.000222  -1  -1  -1 
2276.471945 0.168881 0.981439 1.008953 0.003824 0.000000 0.000000 1.000679 0.008274 0.003824 0.008274 0.003824 0.000222  -1  -1  -1 
2276.472555 0.169491 0.981606 0.999150 0.003819 0.000000 0.000000 1.000666 -0.001516 0.003819 -0.001516 0.003819 0.000222  -1  -1  -1 
2276.473165 0.170101 0.981773 1.000951 0.003824 0.000000 0.000000 1.000641 0.000310 0.003824 0.000310 0.003824 0.000222  -1  -1  -1 
2276.473774 0.170710 0.981939 0.998479 0.003824 0.000000 0.000000 1.000612 -0.002133 0.003824 -0.002133 0.003824 0.000222  -1  -1  -1 
2276.474385 0.171321 0.982106 1.000105 0.003824 0.000000 0.000000 1.000587 -0.000482 0.003824 -0.000482 0.003824 0.000222  -1  -1  -1 
2276.474996 0.171932 0.982273 0.999644 0.003820 0.000000 0.000000 1.000568 -0.000924 0.003820 -0.000924 0.003820 0.000222  -1  -1  -1 
2276.475605 0.172541 0.982439 0.996948 0.003816 0.000000 0.000000 1.000557 -0.003609 0.003816 -0.003609 0.003816 0.000222  -1  -1  -1 
2276.476216 0.173152 0.982606 1.002795 0.003826 0.000000 0.000000 1.000548 0.002247 0.003826 0.002247 0.003826 0.000222  -1  -1  -1 
2276.476827 0.173763 0.982773 1.004242 0.003824 0.000000 0.000000 1.000532 0.003710 0.003824 0.003710 0.003824 0.000222  -1  -1  -1 
2276.477437 0.174373 0.982940 1.004854 0.003822 0.000000 0.000000 1.000500 0.004354 0.003822 0.004354 0.003822 0.000222  -1  -1  -1 
2276.478047 0.174983 0.983107 0.998325 0.003823 0.000000 0.000000 1.000455 -0.002130 0.003823 -0.002130 0.003823 0.000222  -1  -1  -1 
2276.478659 0.175595 0.983274 0.998592 0.003818 0.000000 0.000000 1.000407 -0.001815 0.003818 -0.001815 0.003818 0.000222  -1  -1  -1 
2276.479284 0.176220 0.983445 1.001821 0.003822 0.000000 0.000000 1.000362 0.001459 0.003822 0.001459 0.003822 0.000222  -1  -1  -1 
2276.479894 0.176830 0.983611 0.997174 0.003821 0.000000 0.000000 1.000324 -0.003150 0.003821 -0.003150 0.003821 0.000222  -1  -1  -1 
2276.480503 0.177439 0.983778 1.000547 0.003822 0.000000 0.000000 1.000296 0.000251 0.003822 0.000251 0.003822 0.000222  -1  -1  -1 
2276.481114 0.178050 0.983945 1.002426 0.003822 0.000000 0.000000 1.000275 0.002151 0.003822 0.002151 0.003822 0.000222  -1  -1  -1 
2276.481728 0.178664 0.984112 0.997886 0.003815 0.000000 0.000000 1.000260 -0.002374 0.003815 -0.002374 0.003815 0.000222  -1  -1  -1 
2276.482346 0.179282 0.984281 0.997465 0.003818 0.000000 0.000000 1.000254 -0.002789 0.003818 -0.002789 0.003818 0.000222  -1  -1  -1 
2276.482959 0.179895 0.984449 0.999993 0.003820 0.000000 0.000000 1.000252 -0.000259 0.003820 -0.000259 0.003820 0.000222  -1  -1  -1 
2276.483568 0.180504 0.984615 1.003762 0.003822 0.000000 0.000000 1.000246 0.003516 0.003822 0.003516 0.003822 0.000222  -1  -1  -1 
2276.484178 0.181114 0.984782 1.002983 0.003823 0.000000 0.000000 1.000224 0.002759 0.003823 0.002759 0.003823 0.000222  -1  -1  -1 
2276.484881 0.181817 0.984974 1.002246 0.003819 0.000000 0.000000 1.000176 0.002070 0.003819 0.002070 0.003819 0.000222  -1  -1  -1 
2276.485492 0.182428 0.985141 0.999637 0.003822 0.000000 0.000000 1.000118 -0.000481 0.003822 -0.000481 0.003822 0.000222  -1  -1  -1 
2276.486102 0.183038 0.985307 1.002995 0.003822 0.000000 0.000000 1.000055 0.002940 0.003822 0.002940 0.003822 0.000222  -1  -1  -1 
2276.486711 0.183647 0.985474 0.992519 0.003815 0.000000 0.000000 0.999994 -0.007475 0.003815 -0.007475 0.003815 0.000222  -1  -1  -1 
2276.487425 0.184361 0.985669 1.002015 0.003818 0.000000 0.000000 0.999942 0.002073 0.003818 0.002073 0.003818 0.000222  -1  -1  -1 
2276.488034 0.184970 0.985835 1.000874 0.003825 0.000000 0.000000 0.999911 0.000963 0.003825 0.000963 0.003825 0.000222  -1  -1  -1 
2276.488644 0.185580 0.986002 0.997711 0.003821 0.000000 0.000000 0.999896 -0.002185 0.003821 -0.002185 0.003821 0.000222  -1  -1  -1 
2276.489255 0.186191 0.986169 0.997958 0.003819 0.000000 0.000000 0.999901 -0.001943 0.003819 -0.001943 0.003819 0.000222  -1  -1  -1 
2276.489865 0.186801 0.986336 0.998446 0.003817 0.000000 0.000000 0.999928 -0.001482 0.003817 -0.001482 0.003817 0.000222  -1  -1  -1 
2276.490476 0.187412 0.986503 0.999651 0.003823 0.000000 0.000000 0.999975 -0.000324 0.003823 -0.000324 0.003823 0.000222  -1  -1  -1 
2276.491087 0.188023 0.986669 0.999132 0.003818 0.000000 0.000000 1.000036 -0.000904 0.003818 -0.000904 0.003818 0.000222  -1  -1  -1 
2276.491698 0.188634 0.986836 1.000797 0.003821 0.000000 0.000000 1.000107 0.000690 0.003821 0.000690 0.003821 0.000222  -1  -1  -1 
2276.492306 0.189242 0.987003 0.999153 0.003816 0.000000 0.000000 1.000179 -0.001026 0.003816 -0.001026 0.003816 0.000222  -1  -1  -1 
2276.492920 0.189856 0.987170 1.000231 0.003821 0.000000 0.000000 1.000248 -0.000017 0.003821 -0.000017 0.003821 0.000222  -1  -1  -1 
2276.493528 0.190464 0.987336 1.004332 0.003819 0.000000 0.000000 1.000304 0.004028 0.003819 0.004028 0.003819 0.000222  -1  -1  -1 
2276.494140 0.191076 0.987504 1.000034 0.003816 0.000000 0.000000 1.000341 -0.000307 0.003816 -0.000307 0.003816 0.000222  -1  -1  -1 
2276.494748 0.191684 0.987670 1.002418 0.003819 0.000000 0.000000 1.000357 0.002061 0.003819 0.002061 0.003819 0.000222  -1  -1  -1 
2276.495357 0.192293 0.987836 0.998655 0.003815 0.000000 0.000000 1.000351 -0.001696 0.003815 -0.001696 0.003815 0.000222  -1  -1  -1 
2276.495968 0.192904 0.988003 1.004720 0.003818 0.000000 0.000000 1.000325 0.004395 0.003818 0.004395 0.003818 0.000222  -1  -1  -1 
2276.496582 0.193518 0.988171 1.000237 0.003815 0.000000 0.000000 1.000277 -0.000040 0.003815 -0.000040 0.003815 0.000222  -1  -1  -1 
2276.497192 0.194128 0.988337 0.997275 0.003812 0.000000 0.000000 1.000214 -0.002939 0.003812 -0.002939 0.003812 0.000222  -1  -1  -1 
2276.497802 0.194738 0.988504 1.005663 0.003815 0.000000 0.000000 1.000141 0.005522 0.003815 0.005522 0.003815 0.000222  -1  -1  -1 
2276.498414 0.195350 0.988671 0.995171 0.003816 0.000000 0.000000 1.000057 -0.004886 0.003816 -0.004886 0.003816 0.000222  -1  -1  -1 
2276.499024 0.195960 0.988838 1.004965 0.003818 0.000000 0.000000 0.999972 0.004993 0.003818 0.004993 0.003818 0.000222  -1  -1  -1 
2276.499669 0.196605 0.989014 0.998267 0.003815 0.000000 0.000000 0.999884 -0.001617 0.003815 -0.001617 0.003815 0.000222  -1  -1  -1 
2276.500280 0.197216 0.989181 0.997345 0.003814 0.000000 0.000000 0.999813 -0.002468 0.003814 -0.002468 0.003814 0.000222  -1  -1  -1 
2276.500890 0.197826 0.989348 0.995520 0.003817 0.000000 0.000000 0.999762 -0.004242 0.003817 -0.004242 0.003817 0.000222  -1  -1  -1 
