# Tc_folded model 
-1.500000 -4.064847 
-1.499000 -3.633635 
-1.498000 -3.202149 
-1.497000 -2.770403 
-1.496000 -2.338412 
-1.495000 -1.906190 
-1.494000 -1.473750 
-1.493000 -1.041107 
-1.492000 -0.608275 
-1.491000 -0.175268 
-1.490000 0.257900 
-1.489000 0.691213 
-1.488000 1.124659 
-1.487000 1.558223 
-1.486000 1.991890 
-1.485000 2.425646 
-1.484000 2.859477 
-1.483000 3.293368 
-1.482000 3.727305 
-1.481000 4.161274 
-1.480000 4.595259 
-1.479000 5.029247 
-1.478000 5.463223 
-1.477000 5.897172 
-1.476000 6.331080 
-1.475000 6.764932 
-1.474000 7.198714 
-1.473000 7.632411 
-1.472000 8.066009 
-1.471000 8.499492 
-1.470000 8.932846 
-1.469000 9.366056 
-1.468000 9.799107 
-1.467000 10.231986 
-1.466000 10.664676 
-1.465000 11.097163 
-1.464000 11.529433 
-1.463000 11.961470 
-1.462000 12.393259 
-1.461000 12.824787 
-1.460000 13.256037 
-1.459000 13.686995 
-1.458000 14.117645 
-1.457000 14.547974 
-1.456000 14.977965 
-1.455000 15.407605 
-1.454000 15.836877 
-1.453000 16.265767 
-1.452000 16.694260 
-1.451000 17.122340 
-1.450000 17.549993 
-1.449000 17.977203 
-1.448000 18.403956 
-1.447000 18.830236 
-1.446000 19.256028 
-1.445000 19.681317 
-1.444000 20.106087 
-1.443000 20.530324 
-1.442000 20.954012 
-1.441000 21.377136 
-1.440000 21.799681 
-1.439000 22.221631 
-1.438000 22.642971 
-1.437000 23.063686 
-1.436000 23.483761 
-1.435000 23.903179 
-1.434000 24.321927 
-1.433000 24.739988 
-1.432000 25.157348 
-1.431000 25.573990 
-1.430000 25.989899 
-1.429000 26.405061 
-1.428000 26.819459 
-1.427000 27.233079 
-1.426000 27.645904 
-1.425000 28.057920 
-1.424000 28.469110 
-1.423000 28.879461 
-1.422000 29.288955 
-1.421000 29.697578 
-1.420000 30.105314 
-1.419000 30.512147 
-1.418000 30.918063 
-1.417000 31.323045 
-1.416000 31.727079 
-1.415000 32.130148 
-1.414000 32.532238 
-1.413000 32.933332 
-1.412000 33.333416 
-1.411000 33.732473 
-1.410000 34.130489 
-1.409000 34.527447 
-1.408000 34.923332 
-1.407000 35.318129 
-1.406000 35.711822 
-1.405000 36.104396 
-1.404000 36.495835 
-1.403000 36.886124 
-1.402000 37.275246 
-1.401000 37.663188 
-1.400000 38.049932 
-1.399000 38.435464 
-1.398000 38.819769 
-1.397000 39.202829 
-1.396000 39.584631 
-1.395000 39.965159 
-1.394000 40.344397 
-1.393000 40.722330 
-1.392000 41.098941 
-1.391000 41.474217 
-1.390000 41.848141 
-1.389000 42.220698 
-1.388000 42.591873 
-1.387000 42.961649 
-1.386000 43.330013 
-1.385000 43.696947 
-1.384000 44.062438 
-1.383000 44.426469 
-1.382000 44.789026 
-1.381000 45.150092 
-1.380000 45.509653 
-1.379000 45.867693 
-1.378000 46.224197 
-1.377000 46.579150 
-1.376000 46.932536 
-1.375000 47.284341 
-1.374000 47.634548 
-1.373000 47.983144 
-1.372000 48.330112 
-1.371000 48.675437 
-1.370000 49.019105 
-1.369000 49.361100 
-1.368000 49.701407 
-1.367000 50.040011 
-1.366000 50.376897 
-1.365000 50.712050 
-1.364000 51.045455 
-1.363000 51.377097 
-1.362000 51.706961 
-1.361000 52.035033 
-1.360000 52.361297 
-1.359000 52.685738 
-1.358000 53.008342 
-1.357000 53.329094 
-1.356000 53.647979 
-1.355000 53.964982 
-1.354000 54.280089 
-1.353000 54.593286 
-1.352000 54.904556 
-1.351000 55.213887 
-1.350000 55.521263 
-1.349000 55.826670 
-1.348000 56.130093 
-1.347000 56.431518 
-1.346000 56.730931 
-1.345000 57.028317 
-1.344000 57.323662 
-1.343000 57.616951 
-1.342000 57.908172 
-1.341000 58.197308 
-1.340000 58.484347 
-1.339000 58.769274 
-1.338000 59.052074 
-1.337000 59.332736 
-1.336000 59.611243 
-1.335000 59.887582 
-1.334000 60.161740 
-1.333000 60.433703 
-1.332000 60.703457 
-1.331000 60.970988 
-1.330000 61.236283 
-1.329000 61.499329 
-1.328000 61.760110 
-1.327000 62.018616 
-1.326000 62.274831 
-1.325000 62.528742 
-1.324000 62.780337 
-1.323000 63.029602 
-1.322000 63.276524 
-1.321000 63.521090 
-1.320000 63.763287 
-1.319000 64.003102 
-1.318000 64.240522 
-1.317000 64.475534 
-1.316000 64.708126 
-1.315000 64.938284 
-1.314000 65.165997 
-1.313000 65.391252 
-1.312000 65.614036 
-1.311000 65.834337 
-1.310000 66.052143 
-1.309000 66.267441 
-1.308000 66.480219 
-1.307000 66.690466 
-1.306000 66.898169 
-1.305000 67.103316 
-1.304000 67.305895 
-1.303000 67.505896 
-1.302000 67.703305 
-1.301000 67.898112 
-1.300000 68.090305 
-1.299000 68.279872 
-1.298000 68.466803 
-1.297000 68.651086 
-1.296000 68.832709 
-1.295000 69.011662 
-1.294000 69.187935 
-1.293000 69.361515 
-1.292000 69.532392 
-1.291000 69.700556 
-1.290000 69.865996 
-1.289000 70.028701 
-1.288000 70.188661 
-1.287000 70.345866 
-1.286000 70.500305 
-1.285000 70.651969 
-1.284000 70.800848 
-1.283000 70.946931 
-1.282000 71.090208 
-1.281000 71.230671 
-1.280000 71.368309 
-1.279000 71.503114 
-1.278000 71.635075 
-1.277000 71.764183 
-1.276000 71.890430 
-1.275000 72.013806 
-1.274000 72.134302 
-1.273000 72.251910 
-1.272000 72.366621 
-1.271000 72.478426 
-1.270000 72.587316 
-1.269000 72.693285 
-1.268000 72.796322 
-1.267000 72.896421 
-1.266000 72.993573 
-1.265000 73.087770 
-1.264000 73.179005 
-1.263000 73.267269 
-1.262000 73.352557 
-1.261000 73.434859 
-1.260000 73.514169 
-1.259000 73.590480 
-1.258000 73.663785 
-1.257000 73.734076 
-1.256000 73.801348 
-1.255000 73.865594 
-1.254000 73.926806 
-1.253000 73.984980 
-1.252000 74.040108 
-1.251000 74.092184 
-1.250000 74.141204 
-1.249000 74.187160 
-1.248000 74.230047 
-1.247000 74.269861 
-1.246000 74.306594 
-1.245000 74.340243 
-1.244000 74.370802 
-1.243000 74.398266 
-1.242000 74.422631 
-1.241000 74.443891 
-1.240000 74.462042 
-1.239000 74.477081 
-1.238000 74.489002 
-1.237000 74.497801 
-1.236000 74.503475 
-1.235000 74.506020 
-1.234000 74.505433 
-1.233000 74.501709 
-1.232000 74.494846 
-1.231000 74.484840 
-1.230000 74.471689 
-1.229000 74.455389 
-1.228000 74.435938 
-1.227000 74.413334 
-1.226000 74.387573 
-1.225000 74.358654 
-1.224000 74.326575 
-1.223000 74.291333 
-1.222000 74.252928 
-1.221000 74.211357 
-1.220000 74.166619 
-1.219000 74.118713 
-1.218000 74.067637 
-1.217000 74.013391 
-1.216000 73.955974 
-1.215000 73.895386 
-1.214000 73.831625 
-1.213000 73.764693 
-1.212000 73.694587 
-1.211000 73.621310 
-1.210000 73.544860 
-1.209000 73.465239 
-1.208000 73.382446 
-1.207000 73.296483 
-1.206000 73.207350 
-1.205000 73.115049 
-1.204000 73.019581 
-1.203000 72.920946 
-1.202000 72.819148 
-1.201000 72.714187 
-1.200000 72.606066 
-1.199000 72.494786 
-1.198000 72.380350 
-1.197000 72.262761 
-1.196000 72.142020 
-1.195000 72.018131 
-1.194000 71.891097 
-1.193000 71.760921 
-1.192000 71.627606 
-1.191000 71.491156 
-1.190000 71.351574 
-1.189000 71.208864 
-1.188000 71.063031 
-1.187000 70.914078 
-1.186000 70.762010 
-1.185000 70.606831 
-1.184000 70.448546 
-1.183000 70.287161 
-1.182000 70.122680 
-1.181000 69.955108 
-1.180000 69.784451 
-1.179000 69.610715 
-1.178000 69.433905 
-1.177000 69.254027 
-1.176000 69.071087 
-1.175000 68.885093 
-1.174000 68.696050 
-1.173000 68.503964 
-1.172000 68.308844 
-1.171000 68.110696 
-1.170000 67.909526 
-1.169000 67.705344 
-1.168000 67.498155 
-1.167000 67.287968 
-1.166000 67.074792 
-1.165000 66.858633 
-1.164000 66.639500 
-1.163000 66.417402 
-1.162000 66.192348 
-1.161000 65.964345 
-1.160000 65.733404 
-1.159000 65.499533 
-1.158000 65.262742 
-1.157000 65.023040 
-1.156000 64.780437 
-1.155000 64.534942 
-1.154000 64.286567 
-1.153000 64.035320 
-1.152000 63.781213 
-1.151000 63.524256 
-1.150000 63.264460 
-1.149000 63.001835 
-1.148000 62.736393 
-1.147000 62.468145 
-1.146000 62.197103 
-1.145000 61.923277 
-1.144000 61.646680 
-1.143000 61.367324 
-1.142000 61.085220 
-1.141000 60.800382 
-1.140000 60.512821 
-1.139000 60.222550 
-1.138000 59.929582 
-1.137000 59.633929 
-1.136000 59.335606 
-1.135000 59.034624 
-1.134000 58.730998 
-1.133000 58.424741 
-1.132000 58.115867 
-1.131000 57.804389 
-1.130000 57.490322 
-1.129000 57.173680 
-1.128000 56.854478 
-1.127000 56.532729 
-1.126000 56.208449 
-1.125000 55.881652 
-1.124000 55.552354 
-1.123000 55.220569 
-1.122000 54.886313 
-1.121000 54.549601 
-1.120000 54.210449 
-1.119000 53.868873 
-1.118000 53.524888 
-1.117000 53.178511 
-1.116000 52.829758 
-1.115000 52.478644 
-1.114000 52.125187 
-1.113000 51.769403 
-1.112000 51.411309 
-1.111000 51.050922 
-1.110000 50.688259 
-1.109000 50.323337 
-1.108000 49.956173 
-1.107000 49.586785 
-1.106000 49.215190 
-1.105000 48.841406 
-1.104000 48.465451 
-1.103000 48.087343 
-1.102000 47.707100 
-1.101000 47.324740 
-1.100000 46.940282 
-1.099000 46.553744 
-1.098000 46.165144 
-1.097000 45.774502 
-1.096000 45.381836 
-1.095000 44.987165 
-1.094000 44.590508 
-1.093000 44.191885 
-1.092000 43.791314 
-1.091000 43.388816 
-1.090000 42.984410 
-1.089000 42.578115 
-1.088000 42.169951 
-1.087000 41.759938 
-1.086000 41.348096 
-1.085000 40.934445 
-1.084000 40.519005 
-1.083000 40.101797 
-1.082000 39.682841 
-1.081000 39.262157 
-1.080000 38.839767 
-1.079000 38.415689 
-1.078000 37.989947 
-1.077000 37.562559 
-1.076000 37.133548 
-1.075000 36.702934 
-1.074000 36.270739 
-1.073000 35.836983 
-1.072000 35.401688 
-1.071000 34.964875 
-1.070000 34.526566 
-1.069000 34.086782 
-1.068000 33.645546 
-1.067000 33.202877 
-1.066000 32.758799 
-1.065000 32.313334 
-1.064000 31.866502 
-1.063000 31.418327 
-1.062000 30.968829 
-1.061000 30.518032 
-1.060000 30.065957 
-1.059000 29.612627 
-1.058000 29.158064 
-1.057000 28.702290 
-1.056000 28.245328 
-1.055000 27.787200 
-1.054000 27.327928 
-1.053000 26.867536 
-1.052000 26.406046 
-1.051000 25.943480 
-1.050000 25.479862 
-1.049000 25.015213 
-1.048000 24.549558 
-1.047000 24.082918 
-1.046000 23.615316 
-1.045000 23.146777 
-1.044000 22.677321 
-1.043000 22.206973 
-1.042000 21.735755 
-1.041000 21.263691 
-1.040000 20.790804 
-1.039000 20.317116 
-1.038000 19.842651 
-1.037000 19.367432 
-1.036000 18.891482 
-1.035000 18.414825 
-1.034000 17.937483 
-1.033000 17.459480 
-1.032000 16.980839 
-1.031000 16.501584 
-1.030000 16.021737 
-1.029000 15.541322 
-1.028000 15.060362 
-1.027000 14.578881 
-1.026000 14.096901 
-1.025000 13.614447 
-1.024000 13.131541 
-1.023000 12.648206 
-1.022000 12.164467 
-1.021000 11.680346 
-1.020000 11.195867 
-1.019000 10.711053 
-1.018000 10.225927 
-1.017000 9.740512 
-1.016000 9.254833 
-1.015000 8.768911 
-1.014000 8.282770 
-1.013000 7.796434 
-1.012000 7.309925 
-1.011000 6.823267 
-1.010000 6.336483 
-1.009000 5.849596 
-1.008000 5.362629 
-1.007000 4.875606 
-1.006000 4.388548 
-1.005000 3.901480 
-1.004000 3.414424 
-1.003000 2.927404 
-1.002000 2.440441 
-1.001000 1.953559 
-1.000000 1.466782 
-0.999000 0.980130 
-0.998000 0.493629 
-0.997000 0.007299 
-0.996000 -0.478836 
-0.995000 -0.964754 
-0.994000 -1.450431 
-0.993000 -1.935847 
-0.992000 -2.420977 
-0.991000 -2.905800 
-0.990000 -3.390293 
-0.989000 -3.874434 
-0.988000 -4.358201 
-0.987000 -4.841571 
-0.986000 -5.324522 
-0.985000 -5.807033 
-0.984000 -6.289081 
-0.983000 -6.770644 
-0.982000 -7.251700 
-0.981000 -7.732228 
-0.980000 -8.212206 
-0.979000 -8.691611 
-0.978000 -9.170423 
-0.977000 -9.648620 
-0.976000 -10.126180 
-0.975000 -10.603082 
-0.974000 -11.079304 
-0.973000 -11.554826 
-0.972000 -12.029626 
-0.971000 -12.503683 
-0.970000 -12.976975 
-0.969000 -13.449483 
-0.968000 -13.921185 
-0.967000 -14.392060 
-0.966000 -14.862088 
-0.965000 -15.331247 
-0.964000 -15.799519 
-0.963000 -16.266881 
-0.962000 -16.733313 
-0.961000 -17.198797 
-0.960000 -17.663310 
-0.959000 -18.126833 
-0.958000 -18.589346 
-0.957000 -19.050830 
-0.956000 -19.511264 
-0.955000 -19.970628 
-0.954000 -20.428903 
-0.953000 -20.886070 
-0.952000 -21.342109 
-0.951000 -21.797000 
-0.950000 -22.250725 
-0.949000 -22.703264 
-0.948000 -23.154599 
-0.947000 -23.604709 
-0.946000 -24.053578 
-0.945000 -24.501185 
-0.944000 -24.947512 
-0.943000 -25.392541 
-0.942000 -25.836253 
-0.941000 -26.278630 
-0.940000 -26.719653 
-0.939000 -27.159306 
-0.938000 -27.597569 
-0.937000 -28.034425 
-0.936000 -28.469856 
-0.935000 -28.903844 
-0.934000 -29.336372 
-0.933000 -29.767423 
-0.932000 -30.196978 
-0.931000 -30.625022 
-0.930000 -31.051537 
-0.929000 -31.476505 
-0.928000 -31.899910 
-0.927000 -32.321736 
-0.926000 -32.741965 
-0.925000 -33.160582 
-0.924000 -33.577569 
-0.923000 -33.992911 
-0.922000 -34.406591 
-0.921000 -34.818594 
-0.920000 -35.228903 
-0.919000 -35.637502 
-0.918000 -36.044377 
-0.917000 -36.449511 
-0.916000 -36.852889 
-0.915000 -37.254496 
-0.914000 -37.654316 
-0.913000 -38.052334 
-0.912000 -38.448536 
-0.911000 -38.842907 
-0.910000 -39.235432 
-0.909000 -39.626096 
-0.908000 -40.014885 
-0.907000 -40.401784 
-0.906000 -40.786781 
-0.905000 -41.169859 
-0.904000 -41.551006 
-0.903000 -41.930207 
-0.902000 -42.307450 
-0.901000 -42.682719 
-0.900000 -43.056003 
-0.899000 -43.427287 
-0.898000 -43.796559 
-0.897000 -44.163804 
-0.896000 -44.529011 
-0.895000 -44.892167 
-0.894000 -45.253258 
-0.893000 -45.612273 
-0.892000 -45.969199 
-0.891000 -46.324023 
-0.890000 -46.676733 
-0.889000 -47.027318 
-0.888000 -47.375765 
-0.887000 -47.722063 
-0.886000 -48.066199 
-0.885000 -48.408163 
-0.884000 -48.747943 
-0.883000 -49.085527 
-0.882000 -49.420905 
-0.881000 -49.754066 
-0.880000 -50.084998 
-0.879000 -50.413690 
-0.878000 -50.740133 
-0.877000 -51.064316 
-0.876000 -51.386227 
-0.875000 -51.705858 
-0.874000 -52.023197 
-0.873000 -52.338235 
-0.872000 -52.650961 
-0.871000 -52.961367 
-0.870000 -53.269443 
-0.869000 -53.575178 
-0.868000 -53.878564 
-0.867000 -54.179591 
-0.866000 -54.478250 
-0.865000 -54.774532 
-0.864000 -55.068429 
-0.863000 -55.359931 
-0.862000 -55.649030 
-0.861000 -55.935717 
-0.860000 -56.219984 
-0.859000 -56.501823 
-0.858000 -56.781226 
-0.857000 -57.058184 
-0.856000 -57.332689 
-0.855000 -57.604735 
-0.854000 -57.874313 
-0.853000 -58.141416 
-0.852000 -58.406036 
-0.851000 -58.668166 
-0.850000 -58.927799 
-0.849000 -59.184928 
-0.848000 -59.439546 
-0.847000 -59.691646 
-0.846000 -59.941222 
-0.845000 -60.188267 
-0.844000 -60.432774 
-0.843000 -60.674738 
-0.842000 -60.914151 
-0.841000 -61.151009 
-0.840000 -61.385305 
-0.839000 -61.617033 
-0.838000 -61.846188 
-0.837000 -62.072764 
-0.836000 -62.296755 
-0.835000 -62.518157 
-0.834000 -62.736963 
-0.833000 -62.953169 
-0.832000 -63.166770 
-0.831000 -63.377761 
-0.830000 -63.586137 
-0.829000 -63.791893 
-0.828000 -63.995026 
-0.827000 -64.195530 
-0.826000 -64.393401 
-0.825000 -64.588635 
-0.824000 -64.781228 
-0.823000 -64.971176 
-0.822000 -65.158475 
-0.821000 -65.343121 
-0.820000 -65.525111 
-0.819000 -65.704442 
-0.818000 -65.881108 
-0.817000 -66.055109 
-0.816000 -66.226439 
-0.815000 -66.395097 
-0.814000 -66.561079 
-0.813000 -66.724382 
-0.812000 -66.885003 
-0.811000 -67.042940 
-0.810000 -67.198191 
-0.809000 -67.350752 
-0.808000 -67.500622 
-0.807000 -67.647799 
-0.806000 -67.792279 
-0.805000 -67.934061 
-0.804000 -68.073144 
-0.803000 -68.209525 
-0.802000 -68.343203 
-0.801000 -68.474175 
-0.800000 -68.602441 
-0.799000 -68.728000 
-0.798000 -68.850849 
-0.797000 -68.970988 
-0.796000 -69.088415 
-0.795000 -69.203130 
-0.794000 -69.315131 
-0.793000 -69.424418 
-0.792000 -69.530990 
-0.791000 -69.634847 
-0.790000 -69.735987 
-0.789000 -69.834411 
-0.788000 -69.930118 
-0.787000 -70.023109 
-0.786000 -70.113382 
-0.785000 -70.200937 
-0.784000 -70.285776 
-0.783000 -70.367898 
-0.782000 -70.447303 
-0.781000 -70.523991 
-0.780000 -70.597964 
-0.779000 -70.669221 
-0.778000 -70.737763 
-0.777000 -70.803591 
-0.776000 -70.866706 
-0.775000 -70.927108 
-0.774000 -70.984799 
-0.773000 -71.039779 
-0.772000 -71.092051 
-0.771000 -71.141614 
-0.770000 -71.188470 
-0.769000 -71.232621 
-0.768000 -71.274068 
-0.767000 -71.312813 
-0.766000 -71.348858 
-0.765000 -71.382204 
-0.764000 -71.412853 
-0.763000 -71.440806 
-0.762000 -71.466067 
-0.761000 -71.488637 
-0.760000 -71.508518 
-0.759000 -71.525713 
-0.758000 -71.540224 
-0.757000 -71.552053 
-0.756000 -71.561202 
-0.755000 -71.567675 
-0.754000 -71.571474 
-0.753000 -71.572602 
-0.752000 -71.571062 
-0.751000 -71.566856 
-0.750000 -71.559987 
-0.749000 -71.550459 
-0.748000 -71.538274 
-0.747000 -71.523437 
-0.746000 -71.505949 
-0.745000 -71.485815 
-0.744000 -71.463038 
-0.743000 -71.437622 
-0.742000 -71.409569 
-0.741000 -71.378885 
-0.740000 -71.345571 
-0.739000 -71.309633 
-0.738000 -71.271074 
-0.737000 -71.229898 
-0.736000 -71.186109 
-0.735000 -71.139711 
-0.734000 -71.090708 
-0.733000 -71.039105 
-0.732000 -70.984906 
-0.731000 -70.928115 
-0.730000 -70.868737 
-0.729000 -70.806776 
-0.728000 -70.742237 
-0.727000 -70.675124 
-0.726000 -70.605442 
-0.725000 -70.533196 
-0.724000 -70.458391 
-0.723000 -70.381031 
-0.722000 -70.301123 
-0.721000 -70.218669 
-0.720000 -70.133677 
-0.719000 -70.046150 
-0.718000 -69.956095 
-0.717000 -69.863516 
-0.716000 -69.768419 
-0.715000 -69.670810 
-0.714000 -69.570693 
-0.713000 -69.468074 
-0.712000 -69.362960 
-0.711000 -69.255355 
-0.710000 -69.145265 
-0.709000 -69.032697 
-0.708000 -68.917656 
-0.707000 -68.800147 
-0.706000 -68.680178 
-0.705000 -68.557753 
-0.704000 -68.432880 
-0.703000 -68.305563 
-0.702000 -68.175811 
-0.701000 -68.043627 
-0.700000 -67.909020 
-0.699000 -67.771996 
-0.698000 -67.632560 
-0.697000 -67.490719 
-0.696000 -67.346481 
-0.695000 -67.199851 
-0.694000 -67.050836 
-0.693000 -66.899443 
-0.692000 -66.745679 
-0.691000 -66.589550 
-0.690000 -66.431064 
-0.689000 -66.270227 
-0.688000 -66.107046 
-0.687000 -65.941529 
-0.686000 -65.773682 
-0.685000 -65.603513 
-0.684000 -65.431029 
-0.683000 -65.256237 
-0.682000 -65.079144 
-0.681000 -64.899758 
-0.680000 -64.718086 
-0.679000 -64.534136 
-0.678000 -64.347916 
-0.677000 -64.159431 
-0.676000 -63.968692 
-0.675000 -63.775704 
-0.674000 -63.580476 
-0.673000 -63.383015 
-0.672000 -63.183330 
-0.671000 -62.981428 
-0.670000 -62.777317 
-0.669000 -62.571005 
-0.668000 -62.362500 
-0.667000 -62.151810 
-0.666000 -61.938943 
-0.665000 -61.723908 
-0.664000 -61.506712 
-0.663000 -61.287364 
-0.662000 -61.065872 
-0.661000 -60.842244 
-0.660000 -60.616489 
-0.659000 -60.388616 
-0.658000 -60.158632 
-0.657000 -59.926546 
-0.656000 -59.692367 
-0.655000 -59.456103 
-0.654000 -59.217763 
-0.653000 -58.977356 
-0.652000 -58.734890 
-0.651000 -58.490375 
-0.650000 -58.243819 
-0.649000 -57.995230 
-0.648000 -57.744618 
-0.647000 -57.491993 
-0.646000 -57.237361 
-0.645000 -56.980734 
-0.644000 -56.722120 
-0.643000 -56.461527 
-0.642000 -56.198966 
-0.641000 -55.934446 
-0.640000 -55.667975 
-0.639000 -55.399562 
-0.638000 -55.129219 
-0.637000 -54.856953 
-0.636000 -54.582774 
-0.635000 -54.306691 
-0.634000 -54.028715 
-0.633000 -53.748854 
-0.632000 -53.467118 
-0.631000 -53.183517 
-0.630000 -52.898061 
-0.629000 -52.610759 
-0.628000 -52.321620 
-0.627000 -52.030656 
-0.626000 -51.737875 
-0.625000 -51.443287 
-0.624000 -51.146902 
-0.623000 -50.848731 
-0.622000 -50.548783 
-0.621000 -50.247068 
-0.620000 -49.943596 
-0.619000 -49.638377 
-0.618000 -49.331422 
-0.617000 -49.022741 
-0.616000 -48.712343 
-0.615000 -48.400240 
-0.614000 -48.086441 
-0.613000 -47.770956 
-0.612000 -47.453797 
-0.611000 -47.134973 
-0.610000 -46.814494 
-0.609000 -46.492372 
-0.608000 -46.168617 
-0.607000 -45.843240 
-0.606000 -45.516250 
-0.605000 -45.187658 
-0.604000 -44.857476 
-0.603000 -44.525714 
-0.602000 -44.192383 
-0.601000 -43.857492 
-0.600000 -43.521054 
-0.599000 -43.183079 
-0.598000 -42.843578 
-0.597000 -42.502562 
-0.596000 -42.160041 
-0.595000 -41.816027 
-0.594000 -41.470530 
-0.593000 -41.123563 
-0.592000 -40.775135 
-0.591000 -40.425258 
-0.590000 -40.073943 
-0.589000 -39.721201 
-0.588000 -39.367044 
-0.587000 -39.011483 
-0.586000 -38.654528 
-0.585000 -38.296192 
-0.584000 -37.936486 
-0.583000 -37.575421 
-0.582000 -37.213008 
-0.581000 -36.849259 
-0.580000 -36.484185 
-0.579000 -36.117799 
-0.578000 -35.750111 
-0.577000 -35.381133 
-0.576000 -35.010877 
-0.575000 -34.639355 
-0.574000 -34.266578 
-0.573000 -33.892557 
-0.572000 -33.517305 
-0.571000 -33.140834 
-0.570000 -32.763155 
-0.569000 -32.384279 
-0.568000 -32.004220 
-0.567000 -31.622989 
-0.566000 -31.240598 
-0.565000 -30.857059 
-0.564000 -30.472383 
-0.563000 -30.086584 
-0.562000 -29.699672 
-0.561000 -29.311661 
-0.560000 -28.922562 
-0.559000 -28.532388 
-0.558000 -28.141151 
-0.557000 -27.748862 
-0.556000 -27.355535 
-0.555000 -26.961182 
-0.554000 -26.565814 
-0.553000 -26.169445 
-0.552000 -25.772087 
-0.551000 -25.373752 
-0.550000 -24.974452 
-0.549000 -24.574201 
-0.548000 -24.173011 
-0.547000 -23.770893 
-0.546000 -23.367862 
-0.545000 -22.963930 
-0.544000 -22.559109 
-0.543000 -22.153411 
-0.542000 -21.746850 
-0.541000 -21.339439 
-0.540000 -20.931190 
-0.539000 -20.522116 
-0.538000 -20.112230 
-0.537000 -19.701545 
-0.536000 -19.290073 
-0.535000 -18.877828 
-0.534000 -18.464823 
-0.533000 -18.051070 
-0.532000 -17.636583 
-0.531000 -17.221375 
-0.530000 -16.805459 
-0.529000 -16.388847 
-0.528000 -15.971554 
-0.527000 -15.553592 
-0.526000 -15.134975 
-0.525000 -14.715715 
-0.524000 -14.295826 
-0.523000 -13.875322 
-0.522000 -13.454215 
-0.521000 -13.032520 
-0.520000 -12.610249 
-0.519000 -12.187416 
-0.518000 -11.764034 
-0.517000 -11.340117 
-0.516000 -10.915678 
-0.515000 -10.490731 
-0.514000 -10.065290 
-0.513000 -9.639368 
-0.512000 -9.212978 
-0.511000 -8.786134 
-0.510000 -8.358851 
-0.509000 -7.931141 
-0.508000 -7.503019 
-0.507000 -7.074498 
-0.506000 -6.645592 
-0.505000 -6.216315 
-0.504000 -5.786680 
-0.503000 -5.356703 
-0.502000 -4.926395 
-0.501000 -4.495772 
-0.500000 -4.064847 
-0.499000 -3.633635 
-0.498000 -3.202149 
-0.497000 -2.770403 
-0.496000 -2.338412 
-0.495000 -1.906190 
-0.494000 -1.473750 
-0.493000 -1.041107 
-0.492000 -0.608275 
-0.491000 -0.175268 
-0.490000 0.257900 
-0.489000 0.691213 
-0.488000 1.124659 
-0.487000 1.558223 
-0.486000 1.991890 
-0.485000 2.425646 
-0.484000 2.859477 
-0.483000 3.293368 
-0.482000 3.727305 
-0.481000 4.161274 
-0.480000 4.595259 
-0.479000 5.029247 
-0.478000 5.463223 
-0.477000 5.897172 
-0.476000 6.331080 
-0.475000 6.764932 
-0.474000 7.198714 
-0.473000 7.632411 
-0.472000 8.066009 
-0.471000 8.499492 
-0.470000 8.932846 
-0.469000 9.366056 
-0.468000 9.799107 
-0.467000 10.231986 
-0.466000 10.664676 
-0.465000 11.097163 
-0.464000 11.529433 
-0.463000 11.961470 
-0.462000 12.393259 
-0.461000 12.824787 
-0.460000 13.256037 
-0.459000 13.686995 
-0.458000 14.117645 
-0.457000 14.547974 
-0.456000 14.977965 
-0.455000 15.407605 
-0.454000 15.836877 
-0.453000 16.265767 
-0.452000 16.694260 
-0.451000 17.122340 
-0.450000 17.549993 
-0.449000 17.977203 
-0.448000 18.403956 
-0.447000 18.830236 
-0.446000 19.256028 
-0.445000 19.681317 
-0.444000 20.106087 
-0.443000 20.530324 
-0.442000 20.954012 
-0.441000 21.377136 
-0.440000 21.799681 
-0.439000 22.221631 
-0.438000 22.642971 
-0.437000 23.063686 
-0.436000 23.483761 
-0.435000 23.903179 
-0.434000 24.321927 
-0.433000 24.739988 
-0.432000 25.157348 
-0.431000 25.573990 
-0.430000 25.989899 
-0.429000 26.405061 
-0.428000 26.819459 
-0.427000 27.233079 
-0.426000 27.645904 
-0.425000 28.057920 
-0.424000 28.469110 
-0.423000 28.879461 
-0.422000 29.288955 
-0.421000 29.697578 
-0.420000 30.105314 
-0.419000 30.512147 
-0.418000 30.918063 
-0.417000 31.323045 
-0.416000 31.727079 
-0.415000 32.130148 
-0.414000 32.532238 
-0.413000 32.933332 
-0.412000 33.333416 
-0.411000 33.732473 
-0.410000 34.130489 
-0.409000 34.527447 
-0.408000 34.923332 
-0.407000 35.318129 
-0.406000 35.711822 
-0.405000 36.104396 
-0.404000 36.495835 
-0.403000 36.886124 
-0.402000 37.275246 
-0.401000 37.663188 
-0.400000 38.049932 
-0.399000 38.435464 
-0.398000 38.819769 
-0.397000 39.202829 
-0.396000 39.584631 
-0.395000 39.965159 
-0.394000 40.344397 
-0.393000 40.722330 
-0.392000 41.098941 
-0.391000 41.474217 
-0.390000 41.848141 
-0.389000 42.220698 
-0.388000 42.591873 
-0.387000 42.961649 
-0.386000 43.330013 
-0.385000 43.696947 
-0.384000 44.062438 
-0.383000 44.426469 
-0.382000 44.789026 
-0.381000 45.150092 
-0.380000 45.509653 
-0.379000 45.867693 
-0.378000 46.224197 
-0.377000 46.579150 
-0.376000 46.932536 
-0.375000 47.284341 
-0.374000 47.634548 
-0.373000 47.983144 
-0.372000 48.330112 
-0.371000 48.675437 
-0.370000 49.019105 
-0.369000 49.361100 
-0.368000 49.701407 
-0.367000 50.040011 
-0.366000 50.376897 
-0.365000 50.712050 
-0.364000 51.045455 
-0.363000 51.377097 
-0.362000 51.706961 
-0.361000 52.035033 
-0.360000 52.361297 
-0.359000 52.685738 
-0.358000 53.008342 
-0.357000 53.329094 
-0.356000 53.647979 
-0.355000 53.964982 
-0.354000 54.280089 
-0.353000 54.593286 
-0.352000 54.904556 
-0.351000 55.213887 
-0.350000 55.521263 
-0.349000 55.826670 
-0.348000 56.130093 
-0.347000 56.431518 
-0.346000 56.730931 
-0.345000 57.028317 
-0.344000 57.323662 
-0.343000 57.616951 
-0.342000 57.908172 
-0.341000 58.197308 
-0.340000 58.484347 
-0.339000 58.769274 
-0.338000 59.052074 
-0.337000 59.332736 
-0.336000 59.611243 
-0.335000 59.887582 
-0.334000 60.161740 
-0.333000 60.433703 
-0.332000 60.703457 
-0.331000 60.970988 
-0.330000 61.236283 
-0.329000 61.499329 
-0.328000 61.760110 
-0.327000 62.018616 
-0.326000 62.274831 
-0.325000 62.528742 
-0.324000 62.780337 
-0.323000 63.029602 
-0.322000 63.276524 
-0.321000 63.521090 
-0.320000 63.763287 
-0.319000 64.003102 
-0.318000 64.240522 
-0.317000 64.475534 
-0.316000 64.708126 
-0.315000 64.938284 
-0.314000 65.165997 
-0.313000 65.391252 
-0.312000 65.614036 
-0.311000 65.834337 
-0.310000 66.052143 
-0.309000 66.267441 
-0.308000 66.480219 
-0.307000 66.690466 
-0.306000 66.898169 
-0.305000 67.103316 
-0.304000 67.305895 
-0.303000 67.505896 
-0.302000 67.703305 
-0.301000 67.898112 
-0.300000 68.090305 
-0.299000 68.279872 
-0.298000 68.466803 
-0.297000 68.651086 
-0.296000 68.832709 
-0.295000 69.011662 
-0.294000 69.187935 
-0.293000 69.361515 
-0.292000 69.532392 
-0.291000 69.700556 
-0.290000 69.865996 
-0.289000 70.028701 
-0.288000 70.188661 
-0.287000 70.345866 
-0.286000 70.500305 
-0.285000 70.651969 
-0.284000 70.800848 
-0.283000 70.946931 
-0.282000 71.090208 
-0.281000 71.230671 
-0.280000 71.368309 
-0.279000 71.503114 
-0.278000 71.635075 
-0.277000 71.764183 
-0.276000 71.890430 
-0.275000 72.013806 
-0.274000 72.134302 
-0.273000 72.251910 
-0.272000 72.366621 
-0.271000 72.478426 
-0.270000 72.587316 
-0.269000 72.693285 
-0.268000 72.796322 
-0.267000 72.896421 
-0.266000 72.993573 
-0.265000 73.087770 
-0.264000 73.179005 
-0.263000 73.267269 
-0.262000 73.352557 
-0.261000 73.434859 
-0.260000 73.514169 
-0.259000 73.590480 
-0.258000 73.663785 
-0.257000 73.734076 
-0.256000 73.801348 
-0.255000 73.865594 
-0.254000 73.926806 
-0.253000 73.984980 
-0.252000 74.040108 
-0.251000 74.092184 
-0.250000 74.141204 
-0.249000 74.187160 
-0.248000 74.230047 
-0.247000 74.269861 
-0.246000 74.306594 
-0.245000 74.340243 
-0.244000 74.370802 
-0.243000 74.398266 
-0.242000 74.422631 
-0.241000 74.443891 
-0.240000 74.462042 
-0.239000 74.477081 
-0.238000 74.489002 
-0.237000 74.497801 
-0.236000 74.503475 
-0.235000 74.506020 
-0.234000 74.505433 
-0.233000 74.501709 
-0.232000 74.494846 
-0.231000 74.484840 
-0.230000 74.471689 
-0.229000 74.455389 
-0.228000 74.435938 
-0.227000 74.413334 
-0.226000 74.387573 
-0.225000 74.358654 
-0.224000 74.326575 
-0.223000 74.291333 
-0.222000 74.252928 
-0.221000 74.211357 
-0.220000 74.166619 
-0.219000 74.118713 
-0.218000 74.067637 
-0.217000 74.013391 
-0.216000 73.955974 
-0.215000 73.895386 
-0.214000 73.831625 
-0.213000 73.764693 
-0.212000 73.694587 
-0.211000 73.621310 
-0.210000 73.544860 
-0.209000 73.465239 
-0.208000 73.382446 
-0.207000 73.296483 
-0.206000 73.207350 
-0.205000 73.115049 
-0.204000 73.019581 
-0.203000 72.920946 
-0.202000 72.819148 
-0.201000 72.714187 
-0.200000 72.606066 
-0.199000 72.494786 
-0.198000 72.380350 
-0.197000 72.262761 
-0.196000 72.142020 
-0.195000 72.018131 
-0.194000 71.891097 
-0.193000 71.760921 
-0.192000 71.627606 
-0.191000 71.491156 
-0.190000 71.351574 
-0.189000 71.208864 
-0.188000 71.063031 
-0.187000 70.914078 
-0.186000 70.762010 
-0.185000 70.606831 
-0.184000 70.448546 
-0.183000 70.287161 
-0.182000 70.122680 
-0.181000 69.955108 
-0.180000 69.784451 
-0.179000 69.610715 
-0.178000 69.433905 
-0.177000 69.254027 
-0.176000 69.071087 
-0.175000 68.885093 
-0.174000 68.696050 
-0.173000 68.503964 
-0.172000 68.308844 
-0.171000 68.110696 
-0.170000 67.909526 
-0.169000 67.705344 
-0.168000 67.498155 
-0.167000 67.287968 
-0.166000 67.074792 
-0.165000 66.858633 
-0.164000 66.639500 
-0.163000 66.417402 
-0.162000 66.192348 
-0.161000 65.964345 
-0.160000 65.733404 
-0.159000 65.499533 
-0.158000 65.262742 
-0.157000 65.023040 
-0.156000 64.780437 
-0.155000 64.534942 
-0.154000 64.286567 
-0.153000 64.035320 
-0.152000 63.781213 
-0.151000 63.524256 
-0.150000 63.264460 
-0.149000 63.001835 
-0.148000 62.736393 
-0.147000 62.468145 
-0.146000 62.197103 
-0.145000 61.923277 
-0.144000 61.646680 
-0.143000 61.367324 
-0.142000 61.085220 
-0.141000 60.800382 
-0.140000 60.512821 
-0.139000 60.222550 
-0.138000 59.929582 
-0.137000 59.633929 
-0.136000 59.335606 
-0.135000 59.034624 
-0.134000 58.730998 
-0.133000 58.424741 
-0.132000 58.115867 
-0.131000 57.804389 
-0.130000 57.490322 
-0.129000 57.173680 
-0.128000 56.854478 
-0.127000 56.532729 
-0.126000 56.208449 
-0.125000 55.881652 
-0.124000 55.552354 
-0.123000 55.220569 
-0.122000 54.886313 
-0.121000 54.549601 
-0.120000 54.210449 
-0.119000 53.868873 
-0.118000 53.524888 
-0.117000 53.178511 
-0.116000 52.829758 
-0.115000 52.478644 
-0.114000 52.125187 
-0.113000 51.769403 
-0.112000 51.411309 
-0.111000 51.050922 
-0.110000 50.688259 
-0.109000 50.323337 
-0.108000 49.956173 
-0.107000 49.586785 
-0.106000 49.215190 
-0.105000 48.841406 
-0.104000 48.465451 
-0.103000 48.087343 
-0.102000 47.707100 
-0.101000 47.324740 
-0.100000 46.940282 
-0.099000 46.553744 
-0.098000 46.165144 
-0.097000 45.774502 
-0.096000 45.381836 
-0.095000 44.987165 
-0.094000 44.590508 
-0.093000 44.191885 
-0.092000 43.791314 
-0.091000 43.388816 
-0.090000 42.984410 
-0.089000 42.578115 
-0.088000 42.169951 
-0.087000 41.759938 
-0.086000 41.348096 
-0.085000 40.934445 
-0.084000 40.519005 
-0.083000 40.101797 
-0.082000 39.682841 
-0.081000 39.262157 
-0.080000 38.839767 
-0.079000 38.415689 
-0.078000 37.989947 
-0.077000 37.562559 
-0.076000 37.133548 
-0.075000 36.702934 
-0.074000 36.270739 
-0.073000 35.836983 
-0.072000 35.401688 
-0.071000 34.964875 
-0.070000 34.526566 
-0.069000 34.086782 
-0.068000 33.645546 
-0.067000 33.202877 
-0.066000 32.758799 
-0.065000 32.313334 
-0.064000 31.866502 
-0.063000 31.418327 
-0.062000 30.968829 
-0.061000 30.518032 
-0.060000 30.065957 
-0.059000 29.612627 
-0.058000 29.158064 
-0.057000 28.702290 
-0.056000 28.245328 
-0.055000 27.787200 
-0.054000 27.327928 
-0.053000 26.867536 
-0.052000 26.406046 
-0.051000 25.943480 
-0.050000 25.479862 
-0.049000 25.015213 
-0.048000 24.549558 
-0.047000 24.082918 
-0.046000 23.615316 
-0.045000 23.146777 
-0.044000 22.677321 
-0.043000 22.206973 
-0.042000 21.735755 
-0.041000 21.263691 
-0.040000 20.790804 
-0.039000 20.317116 
-0.038000 19.842651 
-0.037000 19.367432 
-0.036000 18.891482 
-0.035000 18.414825 
-0.034000 17.937483 
-0.033000 17.459480 
-0.032000 16.980839 
-0.031000 16.501584 
-0.030000 16.021737 
-0.029000 15.541322 
-0.028000 15.060362 
-0.027000 14.578881 
-0.026000 14.096901 
-0.025000 13.614447 
-0.024000 13.131541 
-0.023000 12.648206 
-0.022000 12.164467 
-0.021000 11.680346 
-0.020000 11.195867 
-0.019000 10.711053 
-0.018000 10.225927 
-0.017000 9.740512 
-0.016000 9.254833 
-0.015000 8.768911 
-0.014000 8.282770 
-0.013000 7.796434 
-0.012000 7.309925 
-0.011000 6.823267 
-0.010000 6.336483 
-0.009000 5.849596 
-0.008000 5.362629 
-0.007000 4.875606 
-0.006000 4.388548 
-0.005000 3.901480 
-0.004000 3.414424 
-0.003000 2.927404 
-0.002000 2.440441 
-0.001000 1.953559 
-0.000000 1.466782 
0.001000 0.980130 
0.002000 0.493629 
0.003000 0.007299 
0.004000 -0.478836 
0.005000 -0.964754 
0.006000 -1.450431 
0.007000 -1.935847 
0.008000 -2.420977 
0.009000 -2.905800 
0.010000 -3.390293 
0.011000 -3.874434 
0.012000 -4.358201 
0.013000 -4.841571 
0.014000 -5.324522 
0.015000 -5.807033 
0.016000 -6.289081 
0.017000 -6.770644 
0.018000 -7.251700 
0.019000 -7.732228 
0.020000 -8.212206 
0.021000 -8.691611 
0.022000 -9.170423 
0.023000 -9.648620 
0.024000 -10.126180 
0.025000 -10.603082 
0.026000 -11.079304 
0.027000 -11.554826 
0.028000 -12.029626 
0.029000 -12.503683 
0.030000 -12.976975 
0.031000 -13.449483 
0.032000 -13.921185 
0.033000 -14.392060 
0.034000 -14.862088 
0.035000 -15.331247 
0.036000 -15.799519 
0.037000 -16.266881 
0.038000 -16.733313 
0.039000 -17.198797 
0.040000 -17.663310 
0.041000 -18.126833 
0.042000 -18.589346 
0.043000 -19.050830 
0.044000 -19.511264 
0.045000 -19.970628 
0.046000 -20.428903 
0.047000 -20.886070 
0.048000 -21.342109 
0.049000 -21.797000 
0.050000 -22.250725 
0.051000 -22.703264 
0.052000 -23.154599 
0.053000 -23.604709 
0.054000 -24.053578 
0.055000 -24.501185 
0.056000 -24.947512 
0.057000 -25.392541 
0.058000 -25.836253 
0.059000 -26.278630 
0.060000 -26.719653 
0.061000 -27.159306 
0.062000 -27.597569 
0.063000 -28.034425 
0.064000 -28.469856 
0.065000 -28.903844 
0.066000 -29.336372 
0.067000 -29.767423 
0.068000 -30.196978 
0.069000 -30.625022 
0.070000 -31.051537 
0.071000 -31.476505 
0.072000 -31.899910 
0.073000 -32.321736 
0.074000 -32.741965 
0.075000 -33.160582 
0.076000 -33.577569 
0.077000 -33.992911 
0.078000 -34.406591 
0.079000 -34.818594 
0.080000 -35.228903 
0.081000 -35.637502 
0.082000 -36.044377 
0.083000 -36.449511 
0.084000 -36.852889 
0.085000 -37.254496 
0.086000 -37.654316 
0.087000 -38.052334 
0.088000 -38.448536 
0.089000 -38.842907 
0.090000 -39.235432 
0.091000 -39.626096 
0.092000 -40.014885 
0.093000 -40.401784 
0.094000 -40.786781 
0.095000 -41.169859 
0.096000 -41.551006 
0.097000 -41.930207 
0.098000 -42.307450 
0.099000 -42.682719 
0.100000 -43.056003 
0.101000 -43.427287 
0.102000 -43.796559 
0.103000 -44.163804 
0.104000 -44.529011 
0.105000 -44.892167 
0.106000 -45.253258 
0.107000 -45.612273 
0.108000 -45.969199 
0.109000 -46.324023 
0.110000 -46.676733 
0.111000 -47.027318 
0.112000 -47.375765 
0.113000 -47.722063 
0.114000 -48.066199 
0.115000 -48.408163 
0.116000 -48.747943 
0.117000 -49.085527 
0.118000 -49.420905 
0.119000 -49.754066 
0.120000 -50.084998 
0.121000 -50.413690 
0.122000 -50.740133 
0.123000 -51.064316 
0.124000 -51.386227 
0.125000 -51.705858 
0.126000 -52.023197 
0.127000 -52.338235 
0.128000 -52.650961 
0.129000 -52.961367 
0.130000 -53.269443 
0.131000 -53.575178 
0.132000 -53.878564 
0.133000 -54.179591 
0.134000 -54.478250 
0.135000 -54.774532 
0.136000 -55.068429 
0.137000 -55.359931 
0.138000 -55.649030 
0.139000 -55.935717 
0.140000 -56.219984 
0.141000 -56.501823 
0.142000 -56.781226 
0.143000 -57.058184 
0.144000 -57.332689 
0.145000 -57.604735 
0.146000 -57.874313 
0.147000 -58.141416 
0.148000 -58.406036 
0.149000 -58.668166 
0.150000 -58.927799 
0.151000 -59.184928 
0.152000 -59.439546 
0.153000 -59.691646 
0.154000 -59.941222 
0.155000 -60.188267 
0.156000 -60.432774 
0.157000 -60.674738 
0.158000 -60.914151 
0.159000 -61.151009 
0.160000 -61.385305 
0.161000 -61.617033 
0.162000 -61.846188 
0.163000 -62.072764 
0.164000 -62.296755 
0.165000 -62.518157 
0.166000 -62.736963 
0.167000 -62.953169 
0.168000 -63.166770 
0.169000 -63.377761 
0.170000 -63.586137 
0.171000 -63.791893 
0.172000 -63.995026 
0.173000 -64.195530 
0.174000 -64.393401 
0.175000 -64.588635 
0.176000 -64.781228 
0.177000 -64.971176 
0.178000 -65.158475 
0.179000 -65.343121 
0.180000 -65.525111 
0.181000 -65.704442 
0.182000 -65.881108 
0.183000 -66.055109 
0.184000 -66.226439 
0.185000 -66.395097 
0.186000 -66.561079 
0.187000 -66.724382 
0.188000 -66.885003 
0.189000 -67.042940 
0.190000 -67.198191 
0.191000 -67.350752 
0.192000 -67.500622 
0.193000 -67.647799 
0.194000 -67.792279 
0.195000 -67.934061 
0.196000 -68.073144 
0.197000 -68.209525 
0.198000 -68.343203 
0.199000 -68.474175 
0.200000 -68.602441 
0.201000 -68.728000 
0.202000 -68.850849 
0.203000 -68.970988 
0.204000 -69.088415 
0.205000 -69.203130 
0.206000 -69.315131 
0.207000 -69.424418 
0.208000 -69.530990 
0.209000 -69.634847 
0.210000 -69.735987 
0.211000 -69.834411 
0.212000 -69.930118 
0.213000 -70.023109 
0.214000 -70.113382 
0.215000 -70.200937 
0.216000 -70.285776 
0.217000 -70.367898 
0.218000 -70.447303 
0.219000 -70.523991 
0.220000 -70.597964 
0.221000 -70.669221 
0.222000 -70.737763 
0.223000 -70.803591 
0.224000 -70.866706 
0.225000 -70.927108 
0.226000 -70.984799 
0.227000 -71.039779 
0.228000 -71.092051 
0.229000 -71.141614 
0.230000 -71.188470 
0.231000 -71.232621 
0.232000 -71.274068 
0.233000 -71.312813 
0.234000 -71.348858 
0.235000 -71.382204 
0.236000 -71.412853 
0.237000 -71.440806 
0.238000 -71.466067 
0.239000 -71.488637 
0.240000 -71.508518 
0.241000 -71.525713 
0.242000 -71.540224 
0.243000 -71.552053 
0.244000 -71.561202 
0.245000 -71.567675 
0.246000 -71.571474 
0.247000 -71.572602 
0.248000 -71.571062 
0.249000 -71.566856 
0.250000 -71.559987 
0.251000 -71.550459 
0.252000 -71.538274 
0.253000 -71.523437 
0.254000 -71.505949 
0.255000 -71.485815 
0.256000 -71.463038 
0.257000 -71.437622 
0.258000 -71.409569 
0.259000 -71.378885 
0.260000 -71.345571 
0.261000 -71.309633 
0.262000 -71.271074 
0.263000 -71.229898 
0.264000 -71.186109 
0.265000 -71.139711 
0.266000 -71.090708 
0.267000 -71.039105 
0.268000 -70.984906 
0.269000 -70.928115 
0.270000 -70.868737 
0.271000 -70.806776 
0.272000 -70.742237 
0.273000 -70.675124 
0.274000 -70.605442 
0.275000 -70.533196 
0.276000 -70.458391 
0.277000 -70.381031 
0.278000 -70.301123 
0.279000 -70.218669 
0.280000 -70.133677 
0.281000 -70.046150 
0.282000 -69.956095 
0.283000 -69.863516 
0.284000 -69.768419 
0.285000 -69.670810 
0.286000 -69.570693 
0.287000 -69.468074 
0.288000 -69.362960 
0.289000 -69.255355 
0.290000 -69.145265 
0.291000 -69.032697 
0.292000 -68.917656 
0.293000 -68.800147 
0.294000 -68.680178 
0.295000 -68.557753 
0.296000 -68.432880 
0.297000 -68.305563 
0.298000 -68.175811 
0.299000 -68.043627 
0.300000 -67.909020 
0.301000 -67.771996 
0.302000 -67.632560 
0.303000 -67.490719 
0.304000 -67.346481 
0.305000 -67.199851 
0.306000 -67.050836 
0.307000 -66.899443 
0.308000 -66.745679 
0.309000 -66.589550 
0.310000 -66.431064 
0.311000 -66.270227 
0.312000 -66.107046 
0.313000 -65.941529 
0.314000 -65.773682 
0.315000 -65.603513 
0.316000 -65.431029 
0.317000 -65.256237 
0.318000 -65.079144 
0.319000 -64.899758 
0.320000 -64.718086 
0.321000 -64.534136 
0.322000 -64.347916 
0.323000 -64.159431 
0.324000 -63.968692 
0.325000 -63.775704 
0.326000 -63.580476 
0.327000 -63.383015 
0.328000 -63.183330 
0.329000 -62.981428 
0.330000 -62.777317 
0.331000 -62.571005 
0.332000 -62.362500 
0.333000 -62.151810 
0.334000 -61.938943 
0.335000 -61.723908 
0.336000 -61.506712 
0.337000 -61.287364 
0.338000 -61.065872 
0.339000 -60.842244 
0.340000 -60.616489 
0.341000 -60.388616 
0.342000 -60.158632 
0.343000 -59.926546 
0.344000 -59.692367 
0.345000 -59.456103 
0.346000 -59.217763 
0.347000 -58.977356 
0.348000 -58.734890 
0.349000 -58.490375 
0.350000 -58.243819 
0.351000 -57.995230 
0.352000 -57.744618 
0.353000 -57.491993 
0.354000 -57.237361 
0.355000 -56.980734 
0.356000 -56.722120 
0.357000 -56.461527 
0.358000 -56.198966 
0.359000 -55.934446 
0.360000 -55.667975 
0.361000 -55.399562 
0.362000 -55.129219 
0.363000 -54.856953 
0.364000 -54.582774 
0.365000 -54.306691 
0.366000 -54.028715 
0.367000 -53.748854 
0.368000 -53.467118 
0.369000 -53.183517 
0.370000 -52.898061 
0.371000 -52.610759 
0.372000 -52.321620 
0.373000 -52.030656 
0.374000 -51.737875 
0.375000 -51.443287 
0.376000 -51.146902 
0.377000 -50.848731 
0.378000 -50.548783 
0.379000 -50.247068 
0.380000 -49.943596 
0.381000 -49.638377 
0.382000 -49.331422 
0.383000 -49.022741 
0.384000 -48.712343 
0.385000 -48.400240 
0.386000 -48.086441 
0.387000 -47.770956 
0.388000 -47.453797 
0.389000 -47.134973 
0.390000 -46.814494 
0.391000 -46.492372 
0.392000 -46.168617 
0.393000 -45.843240 
0.394000 -45.516250 
0.395000 -45.187658 
0.396000 -44.857476 
0.397000 -44.525714 
0.398000 -44.192383 
0.399000 -43.857492 
0.400000 -43.521054 
0.401000 -43.183079 
0.402000 -42.843578 
0.403000 -42.502562 
0.404000 -42.160041 
0.405000 -41.816027 
0.406000 -41.470530 
0.407000 -41.123563 
0.408000 -40.775135 
0.409000 -40.425258 
0.410000 -40.073943 
0.411000 -39.721201 
0.412000 -39.367044 
0.413000 -39.011483 
0.414000 -38.654528 
0.415000 -38.296192 
0.416000 -37.936486 
0.417000 -37.575421 
0.418000 -37.213008 
0.419000 -36.849259 
0.420000 -36.484185 
0.421000 -36.117799 
0.422000 -35.750111 
0.423000 -35.381133 
0.424000 -35.010877 
0.425000 -34.639355 
0.426000 -34.266578 
0.427000 -33.892557 
0.428000 -33.517305 
0.429000 -33.140834 
0.430000 -32.763155 
0.431000 -32.384279 
0.432000 -32.004220 
0.433000 -31.622989 
0.434000 -31.240598 
0.435000 -30.857059 
0.436000 -30.472383 
0.437000 -30.086584 
0.438000 -29.699672 
0.439000 -29.311661 
0.440000 -28.922562 
0.441000 -28.532388 
0.442000 -28.141151 
0.443000 -27.748862 
0.444000 -27.355535 
0.445000 -26.961182 
0.446000 -26.565814 
0.447000 -26.169445 
0.448000 -25.772087 
0.449000 -25.373752 
0.450000 -24.974452 
0.451000 -24.574201 
0.452000 -24.173011 
0.453000 -23.770893 
0.454000 -23.367862 
0.455000 -22.963930 
0.456000 -22.559109 
0.457000 -22.153411 
0.458000 -21.746850 
0.459000 -21.339439 
0.460000 -20.931190 
0.461000 -20.522116 
0.462000 -20.112230 
0.463000 -19.701545 
0.464000 -19.290073 
0.465000 -18.877828 
0.466000 -18.464823 
0.467000 -18.051070 
0.468000 -17.636583 
0.469000 -17.221375 
0.470000 -16.805459 
0.471000 -16.388847 
0.472000 -15.971554 
0.473000 -15.553592 
0.474000 -15.134975 
0.475000 -14.715715 
0.476000 -14.295826 
0.477000 -13.875322 
0.478000 -13.454215 
0.479000 -13.032520 
0.480000 -12.610249 
0.481000 -12.187416 
0.482000 -11.764034 
0.483000 -11.340117 
0.484000 -10.915678 
0.485000 -10.490731 
0.486000 -10.065290 
0.487000 -9.639368 
0.488000 -9.212978 
0.489000 -8.786134 
0.490000 -8.358851 
0.491000 -7.931141 
0.492000 -7.503019 
0.493000 -7.074498 
0.494000 -6.645592 
0.495000 -6.216315 
0.496000 -5.786680 
0.497000 -5.356703 
0.498000 -4.926395 
0.499000 -4.495772 
0.500000 -4.064847 
0.501000 -3.633635 
0.502000 -3.202149 
0.503000 -2.770403 
0.504000 -2.338412 
0.505000 -1.906190 
0.506000 -1.473750 
0.507000 -1.041107 
0.508000 -0.608275 
0.509000 -0.175268 
0.510000 0.257900 
0.511000 0.691213 
0.512000 1.124659 
0.513000 1.558223 
0.514000 1.991890 
0.515000 2.425646 
0.516000 2.859477 
0.517000 3.293368 
0.518000 3.727305 
0.519000 4.161274 
0.520000 4.595259 
0.521000 5.029247 
0.522000 5.463223 
0.523000 5.897172 
0.524000 6.331080 
0.525000 6.764932 
0.526000 7.198714 
0.527000 7.632411 
0.528000 8.066009 
0.529000 8.499492 
0.530000 8.932846 
0.531000 9.366056 
0.532000 9.799107 
0.533000 10.231986 
0.534000 10.664676 
0.535000 11.097163 
0.536000 11.529433 
0.537000 11.961470 
0.538000 12.393259 
0.539000 12.824787 
0.540000 13.256037 
0.541000 13.686995 
0.542000 14.117645 
0.543000 14.547974 
0.544000 14.977965 
0.545000 15.407605 
0.546000 15.836877 
0.547000 16.265767 
0.548000 16.694260 
0.549000 17.122340 
0.550000 17.549993 
0.551000 17.977203 
0.552000 18.403956 
0.553000 18.830236 
0.554000 19.256028 
0.555000 19.681317 
0.556000 20.106087 
0.557000 20.530324 
0.558000 20.954012 
0.559000 21.377136 
0.560000 21.799681 
0.561000 22.221631 
0.562000 22.642971 
0.563000 23.063686 
0.564000 23.483761 
0.565000 23.903179 
0.566000 24.321927 
0.567000 24.739988 
0.568000 25.157348 
0.569000 25.573990 
0.570000 25.989899 
0.571000 26.405061 
0.572000 26.819459 
0.573000 27.233079 
0.574000 27.645904 
0.575000 28.057920 
0.576000 28.469110 
0.577000 28.879461 
0.578000 29.288955 
0.579000 29.697578 
0.580000 30.105314 
0.581000 30.512147 
0.582000 30.918063 
0.583000 31.323045 
0.584000 31.727079 
0.585000 32.130148 
0.586000 32.532238 
0.587000 32.933332 
0.588000 33.333416 
0.589000 33.732473 
0.590000 34.130489 
0.591000 34.527447 
0.592000 34.923332 
0.593000 35.318129 
0.594000 35.711822 
0.595000 36.104396 
0.596000 36.495835 
0.597000 36.886124 
0.598000 37.275246 
0.599000 37.663188 
0.600000 38.049932 
0.601000 38.435464 
0.602000 38.819769 
0.603000 39.202829 
0.604000 39.584631 
0.605000 39.965159 
0.606000 40.344397 
0.607000 40.722330 
0.608000 41.098941 
0.609000 41.474217 
0.610000 41.848141 
0.611000 42.220698 
0.612000 42.591873 
0.613000 42.961649 
0.614000 43.330013 
0.615000 43.696947 
0.616000 44.062438 
0.617000 44.426469 
0.618000 44.789026 
0.619000 45.150092 
0.620000 45.509653 
0.621000 45.867693 
0.622000 46.224197 
0.623000 46.579150 
0.624000 46.932536 
0.625000 47.284341 
0.626000 47.634548 
0.627000 47.983144 
0.628000 48.330112 
0.629000 48.675437 
0.630000 49.019105 
0.631000 49.361100 
0.632000 49.701407 
0.633000 50.040011 
0.634000 50.376897 
0.635000 50.712050 
0.636000 51.045455 
0.637000 51.377097 
0.638000 51.706961 
0.639000 52.035033 
0.640000 52.361297 
0.641000 52.685738 
0.642000 53.008342 
0.643000 53.329094 
0.644000 53.647979 
0.645000 53.964982 
0.646000 54.280089 
0.647000 54.593286 
0.648000 54.904556 
0.649000 55.213887 
0.650000 55.521263 
0.651000 55.826670 
0.652000 56.130093 
0.653000 56.431518 
0.654000 56.730931 
0.655000 57.028317 
0.656000 57.323662 
0.657000 57.616951 
0.658000 57.908172 
0.659000 58.197308 
0.660000 58.484347 
0.661000 58.769274 
0.662000 59.052074 
0.663000 59.332736 
0.664000 59.611243 
0.665000 59.887582 
0.666000 60.161740 
0.667000 60.433703 
0.668000 60.703457 
0.669000 60.970988 
0.670000 61.236283 
0.671000 61.499329 
0.672000 61.760110 
0.673000 62.018616 
0.674000 62.274831 
0.675000 62.528742 
0.676000 62.780337 
0.677000 63.029602 
0.678000 63.276524 
0.679000 63.521090 
0.680000 63.763287 
0.681000 64.003102 
0.682000 64.240522 
0.683000 64.475534 
0.684000 64.708126 
0.685000 64.938284 
0.686000 65.165997 
0.687000 65.391252 
0.688000 65.614036 
0.689000 65.834337 
0.690000 66.052143 
0.691000 66.267441 
0.692000 66.480219 
0.693000 66.690466 
0.694000 66.898169 
0.695000 67.103316 
0.696000 67.305895 
0.697000 67.505896 
0.698000 67.703305 
0.699000 67.898112 
0.700000 68.090305 
0.701000 68.279872 
0.702000 68.466803 
0.703000 68.651086 
0.704000 68.832709 
0.705000 69.011662 
0.706000 69.187935 
0.707000 69.361515 
0.708000 69.532392 
0.709000 69.700556 
0.710000 69.865996 
0.711000 70.028701 
0.712000 70.188661 
0.713000 70.345866 
0.714000 70.500305 
0.715000 70.651969 
0.716000 70.800848 
0.717000 70.946931 
0.718000 71.090208 
0.719000 71.230671 
0.720000 71.368309 
0.721000 71.503114 
0.722000 71.635075 
0.723000 71.764183 
0.724000 71.890430 
0.725000 72.013806 
0.726000 72.134302 
0.727000 72.251910 
0.728000 72.366621 
0.729000 72.478426 
0.730000 72.587316 
0.731000 72.693285 
0.732000 72.796322 
0.733000 72.896421 
0.734000 72.993573 
0.735000 73.087770 
0.736000 73.179005 
0.737000 73.267269 
0.738000 73.352557 
0.739000 73.434859 
0.740000 73.514169 
0.741000 73.590480 
0.742000 73.663785 
0.743000 73.734076 
0.744000 73.801348 
0.745000 73.865594 
0.746000 73.926806 
0.747000 73.984980 
0.748000 74.040108 
0.749000 74.092184 
0.750000 74.141204 
0.751000 74.187160 
0.752000 74.230047 
0.753000 74.269861 
0.754000 74.306594 
0.755000 74.340243 
0.756000 74.370802 
0.757000 74.398266 
0.758000 74.422631 
0.759000 74.443891 
0.760000 74.462042 
0.761000 74.477081 
0.762000 74.489002 
0.763000 74.497801 
0.764000 74.503475 
0.765000 74.506020 
0.766000 74.505433 
0.767000 74.501709 
0.768000 74.494846 
0.769000 74.484840 
0.770000 74.471689 
0.771000 74.455389 
0.772000 74.435938 
0.773000 74.413334 
0.774000 74.387573 
0.775000 74.358654 
0.776000 74.326575 
0.777000 74.291333 
0.778000 74.252928 
0.779000 74.211357 
0.780000 74.166619 
0.781000 74.118713 
0.782000 74.067637 
0.783000 74.013391 
0.784000 73.955974 
0.785000 73.895386 
0.786000 73.831625 
0.787000 73.764693 
0.788000 73.694587 
0.789000 73.621310 
0.790000 73.544860 
0.791000 73.465239 
0.792000 73.382446 
0.793000 73.296483 
0.794000 73.207350 
0.795000 73.115049 
0.796000 73.019581 
0.797000 72.920946 
0.798000 72.819148 
0.799000 72.714187 
0.800000 72.606066 
0.801000 72.494786 
0.802000 72.380350 
0.803000 72.262761 
0.804000 72.142020 
0.805000 72.018131 
0.806000 71.891097 
0.807000 71.760921 
0.808000 71.627606 
0.809000 71.491156 
0.810000 71.351574 
0.811000 71.208864 
0.812000 71.063031 
0.813000 70.914078 
0.814000 70.762010 
0.815000 70.606831 
0.816000 70.448546 
0.817000 70.287161 
0.818000 70.122680 
0.819000 69.955108 
0.820000 69.784451 
0.821000 69.610715 
0.822000 69.433905 
0.823000 69.254027 
0.824000 69.071087 
0.825000 68.885093 
0.826000 68.696050 
0.827000 68.503964 
0.828000 68.308844 
0.829000 68.110696 
0.830000 67.909526 
0.831000 67.705344 
0.832000 67.498155 
0.833000 67.287968 
0.834000 67.074792 
0.835000 66.858633 
0.836000 66.639500 
0.837000 66.417402 
0.838000 66.192348 
0.839000 65.964345 
0.840000 65.733404 
0.841000 65.499533 
0.842000 65.262742 
0.843000 65.023040 
0.844000 64.780437 
0.845000 64.534942 
0.846000 64.286567 
0.847000 64.035320 
0.848000 63.781213 
0.849000 63.524256 
0.850000 63.264460 
0.851000 63.001835 
0.852000 62.736393 
0.853000 62.468145 
0.854000 62.197103 
0.855000 61.923277 
0.856000 61.646680 
0.857000 61.367324 
0.858000 61.085220 
0.859000 60.800382 
0.860000 60.512821 
0.861000 60.222550 
0.862000 59.929582 
0.863000 59.633929 
0.864000 59.335606 
0.865000 59.034624 
0.866000 58.730998 
0.867000 58.424741 
0.868000 58.115867 
0.869000 57.804389 
0.870000 57.490322 
0.871000 57.173680 
0.872000 56.854478 
0.873000 56.532729 
0.874000 56.208449 
0.875000 55.881652 
0.876000 55.552354 
0.877000 55.220569 
0.878000 54.886313 
0.879000 54.549601 
0.880000 54.210449 
0.881000 53.868873 
0.882000 53.524888 
0.883000 53.178511 
0.884000 52.829758 
0.885000 52.478644 
0.886000 52.125187 
0.887000 51.769403 
0.888000 51.411309 
0.889000 51.050922 
0.890000 50.688259 
0.891000 50.323337 
0.892000 49.956173 
0.893000 49.586785 
0.894000 49.215190 
0.895000 48.841406 
0.896000 48.465451 
0.897000 48.087343 
0.898000 47.707100 
0.899000 47.324740 
0.900000 46.940282 
0.901000 46.553744 
0.902000 46.165144 
0.903000 45.774502 
0.904000 45.381836 
0.905000 44.987165 
0.906000 44.590508 
0.907000 44.191885 
0.908000 43.791314 
0.909000 43.388816 
0.910000 42.984410 
0.911000 42.578115 
0.912000 42.169951 
0.913000 41.759938 
0.914000 41.348096 
0.915000 40.934445 
0.916000 40.519005 
0.917000 40.101797 
0.918000 39.682841 
0.919000 39.262157 
0.920000 38.839767 
0.921000 38.415689 
0.922000 37.989947 
0.923000 37.562559 
0.924000 37.133548 
0.925000 36.702934 
0.926000 36.270739 
0.927000 35.836983 
0.928000 35.401688 
0.929000 34.964875 
0.930000 34.526566 
0.931000 34.086782 
0.932000 33.645546 
0.933000 33.202877 
0.934000 32.758799 
0.935000 32.313334 
0.936000 31.866502 
0.937000 31.418327 
0.938000 30.968829 
0.939000 30.518032 
0.940000 30.065957 
0.941000 29.612627 
0.942000 29.158064 
0.943000 28.702290 
0.944000 28.245328 
0.945000 27.787200 
0.946000 27.327928 
0.947000 26.867536 
0.948000 26.406046 
0.949000 25.943480 
0.950000 25.479862 
0.951000 25.015213 
0.952000 24.549558 
0.953000 24.082918 
0.954000 23.615316 
0.955000 23.146777 
0.956000 22.677321 
0.957000 22.206973 
0.958000 21.735755 
0.959000 21.263691 
0.960000 20.790804 
0.961000 20.317116 
0.962000 19.842651 
0.963000 19.367432 
0.964000 18.891482 
0.965000 18.414825 
0.966000 17.937483 
0.967000 17.459480 
0.968000 16.980839 
0.969000 16.501584 
0.970000 16.021737 
0.971000 15.541322 
0.972000 15.060362 
0.973000 14.578881 
0.974000 14.096901 
0.975000 13.614447 
0.976000 13.131541 
0.977000 12.648206 
0.978000 12.164467 
0.979000 11.680346 
0.980000 11.195867 
0.981000 10.711053 
0.982000 10.225927 
0.983000 9.740512 
0.984000 9.254833 
0.985000 8.768911 
0.986000 8.282770 
0.987000 7.796434 
0.988000 7.309925 
0.989000 6.823267 
0.990000 6.336483 
0.991000 5.849596 
0.992000 5.362629 
0.993000 4.875606 
0.994000 4.388548 
0.995000 3.901480 
0.996000 3.414424 
0.997000 2.927404 
0.998000 2.440441 
0.999000 1.953559 
1.000000 1.466782 
1.001000 0.980130 
1.002000 0.493629 
1.003000 0.007299 
1.004000 -0.478836 
1.005000 -0.964754 
1.006000 -1.450431 
1.007000 -1.935847 
1.008000 -2.420977 
1.009000 -2.905800 
1.010000 -3.390293 
1.011000 -3.874434 
1.012000 -4.358201 
1.013000 -4.841571 
1.014000 -5.324522 
1.015000 -5.807033 
1.016000 -6.289081 
1.017000 -6.770644 
1.018000 -7.251700 
1.019000 -7.732228 
1.020000 -8.212206 
1.021000 -8.691611 
1.022000 -9.170423 
1.023000 -9.648620 
1.024000 -10.126180 
1.025000 -10.603082 
1.026000 -11.079304 
1.027000 -11.554826 
1.028000 -12.029626 
1.029000 -12.503683 
1.030000 -12.976975 
1.031000 -13.449483 
1.032000 -13.921185 
1.033000 -14.392060 
1.034000 -14.862088 
1.035000 -15.331247 
1.036000 -15.799519 
1.037000 -16.266881 
1.038000 -16.733313 
1.039000 -17.198797 
1.040000 -17.663310 
1.041000 -18.126833 
1.042000 -18.589346 
1.043000 -19.050830 
1.044000 -19.511264 
1.045000 -19.970628 
1.046000 -20.428903 
1.047000 -20.886070 
1.048000 -21.342109 
1.049000 -21.797000 
1.050000 -22.250725 
1.051000 -22.703264 
1.052000 -23.154599 
1.053000 -23.604709 
1.054000 -24.053578 
1.055000 -24.501185 
1.056000 -24.947512 
1.057000 -25.392541 
1.058000 -25.836253 
1.059000 -26.278630 
1.060000 -26.719653 
1.061000 -27.159306 
1.062000 -27.597569 
1.063000 -28.034425 
1.064000 -28.469856 
1.065000 -28.903844 
1.066000 -29.336372 
1.067000 -29.767423 
1.068000 -30.196978 
1.069000 -30.625022 
1.070000 -31.051537 
1.071000 -31.476505 
1.072000 -31.899910 
1.073000 -32.321736 
1.074000 -32.741965 
1.075000 -33.160582 
1.076000 -33.577569 
1.077000 -33.992911 
1.078000 -34.406591 
1.079000 -34.818594 
1.080000 -35.228903 
1.081000 -35.637502 
1.082000 -36.044377 
1.083000 -36.449511 
1.084000 -36.852889 
1.085000 -37.254496 
1.086000 -37.654316 
1.087000 -38.052334 
1.088000 -38.448536 
1.089000 -38.842907 
1.090000 -39.235432 
1.091000 -39.626096 
1.092000 -40.014885 
1.093000 -40.401784 
1.094000 -40.786781 
1.095000 -41.169859 
1.096000 -41.551006 
1.097000 -41.930207 
1.098000 -42.307450 
1.099000 -42.682719 
1.100000 -43.056003 
1.101000 -43.427287 
1.102000 -43.796559 
1.103000 -44.163804 
1.104000 -44.529011 
1.105000 -44.892167 
1.106000 -45.253258 
1.107000 -45.612273 
1.108000 -45.969199 
1.109000 -46.324023 
1.110000 -46.676733 
1.111000 -47.027318 
1.112000 -47.375765 
1.113000 -47.722063 
1.114000 -48.066199 
1.115000 -48.408163 
1.116000 -48.747943 
1.117000 -49.085527 
1.118000 -49.420905 
1.119000 -49.754066 
1.120000 -50.084998 
1.121000 -50.413690 
1.122000 -50.740133 
1.123000 -51.064316 
1.124000 -51.386227 
1.125000 -51.705858 
1.126000 -52.023197 
1.127000 -52.338235 
1.128000 -52.650961 
1.129000 -52.961367 
1.130000 -53.269443 
1.131000 -53.575178 
1.132000 -53.878564 
1.133000 -54.179591 
1.134000 -54.478250 
1.135000 -54.774532 
1.136000 -55.068429 
1.137000 -55.359931 
1.138000 -55.649030 
1.139000 -55.935717 
1.140000 -56.219984 
1.141000 -56.501823 
1.142000 -56.781226 
1.143000 -57.058184 
1.144000 -57.332689 
1.145000 -57.604735 
1.146000 -57.874313 
1.147000 -58.141416 
1.148000 -58.406036 
1.149000 -58.668166 
1.150000 -58.927799 
1.151000 -59.184928 
1.152000 -59.439546 
1.153000 -59.691646 
1.154000 -59.941222 
1.155000 -60.188267 
1.156000 -60.432774 
1.157000 -60.674738 
1.158000 -60.914151 
1.159000 -61.151009 
1.160000 -61.385305 
1.161000 -61.617033 
1.162000 -61.846188 
1.163000 -62.072764 
1.164000 -62.296755 
1.165000 -62.518157 
1.166000 -62.736963 
1.167000 -62.953169 
1.168000 -63.166770 
1.169000 -63.377761 
1.170000 -63.586137 
1.171000 -63.791893 
1.172000 -63.995026 
1.173000 -64.195530 
1.174000 -64.393401 
1.175000 -64.588635 
1.176000 -64.781228 
1.177000 -64.971176 
1.178000 -65.158475 
1.179000 -65.343121 
1.180000 -65.525111 
1.181000 -65.704442 
1.182000 -65.881108 
1.183000 -66.055109 
1.184000 -66.226439 
1.185000 -66.395097 
1.186000 -66.561079 
1.187000 -66.724382 
1.188000 -66.885003 
1.189000 -67.042940 
1.190000 -67.198191 
1.191000 -67.350752 
1.192000 -67.500622 
1.193000 -67.647799 
1.194000 -67.792279 
1.195000 -67.934061 
1.196000 -68.073144 
1.197000 -68.209525 
1.198000 -68.343203 
1.199000 -68.474175 
1.200000 -68.602441 
1.201000 -68.728000 
1.202000 -68.850849 
1.203000 -68.970988 
1.204000 -69.088415 
1.205000 -69.203130 
1.206000 -69.315131 
1.207000 -69.424418 
1.208000 -69.530990 
1.209000 -69.634847 
1.210000 -69.735987 
1.211000 -69.834411 
1.212000 -69.930118 
1.213000 -70.023109 
1.214000 -70.113382 
1.215000 -70.200937 
1.216000 -70.285776 
1.217000 -70.367898 
1.218000 -70.447303 
1.219000 -70.523991 
1.220000 -70.597964 
1.221000 -70.669221 
1.222000 -70.737763 
1.223000 -70.803591 
1.224000 -70.866706 
1.225000 -70.927108 
1.226000 -70.984799 
1.227000 -71.039779 
1.228000 -71.092051 
1.229000 -71.141614 
1.230000 -71.188470 
1.231000 -71.232621 
1.232000 -71.274068 
1.233000 -71.312813 
1.234000 -71.348858 
1.235000 -71.382204 
1.236000 -71.412853 
1.237000 -71.440806 
1.238000 -71.466067 
1.239000 -71.488637 
1.240000 -71.508518 
1.241000 -71.525713 
1.242000 -71.540224 
1.243000 -71.552053 
1.244000 -71.561202 
1.245000 -71.567675 
1.246000 -71.571474 
1.247000 -71.572602 
1.248000 -71.571062 
1.249000 -71.566856 
1.250000 -71.559987 
1.251000 -71.550459 
1.252000 -71.538274 
1.253000 -71.523437 
1.254000 -71.505949 
1.255000 -71.485815 
1.256000 -71.463038 
1.257000 -71.437622 
1.258000 -71.409569 
1.259000 -71.378885 
1.260000 -71.345571 
1.261000 -71.309633 
1.262000 -71.271074 
1.263000 -71.229898 
1.264000 -71.186109 
1.265000 -71.139711 
1.266000 -71.090708 
1.267000 -71.039105 
1.268000 -70.984906 
1.269000 -70.928115 
1.270000 -70.868737 
1.271000 -70.806776 
1.272000 -70.742237 
1.273000 -70.675124 
1.274000 -70.605442 
1.275000 -70.533196 
1.276000 -70.458391 
1.277000 -70.381031 
1.278000 -70.301123 
1.279000 -70.218669 
1.280000 -70.133677 
1.281000 -70.046150 
1.282000 -69.956095 
1.283000 -69.863516 
1.284000 -69.768419 
1.285000 -69.670810 
1.286000 -69.570693 
1.287000 -69.468074 
1.288000 -69.362960 
1.289000 -69.255355 
1.290000 -69.145265 
1.291000 -69.032697 
1.292000 -68.917656 
1.293000 -68.800147 
1.294000 -68.680178 
1.295000 -68.557753 
1.296000 -68.432880 
1.297000 -68.305563 
1.298000 -68.175811 
1.299000 -68.043627 
1.300000 -67.909020 
1.301000 -67.771996 
1.302000 -67.632560 
1.303000 -67.490719 
1.304000 -67.346481 
1.305000 -67.199851 
1.306000 -67.050836 
1.307000 -66.899443 
1.308000 -66.745679 
1.309000 -66.589550 
1.310000 -66.431064 
1.311000 -66.270227 
1.312000 -66.107046 
1.313000 -65.941529 
1.314000 -65.773682 
1.315000 -65.603513 
1.316000 -65.431029 
1.317000 -65.256237 
1.318000 -65.079144 
1.319000 -64.899758 
1.320000 -64.718086 
1.321000 -64.534136 
1.322000 -64.347916 
1.323000 -64.159431 
1.324000 -63.968692 
1.325000 -63.775704 
1.326000 -63.580476 
1.327000 -63.383015 
1.328000 -63.183330 
1.329000 -62.981428 
1.330000 -62.777317 
1.331000 -62.571005 
1.332000 -62.362500 
1.333000 -62.151810 
1.334000 -61.938943 
1.335000 -61.723908 
1.336000 -61.506712 
1.337000 -61.287364 
1.338000 -61.065872 
1.339000 -60.842244 
1.340000 -60.616489 
1.341000 -60.388616 
1.342000 -60.158632 
1.343000 -59.926546 
1.344000 -59.692367 
1.345000 -59.456103 
1.346000 -59.217763 
1.347000 -58.977356 
1.348000 -58.734890 
1.349000 -58.490375 
1.350000 -58.243819 
1.351000 -57.995230 
1.352000 -57.744618 
1.353000 -57.491993 
1.354000 -57.237361 
1.355000 -56.980734 
1.356000 -56.722120 
1.357000 -56.461527 
1.358000 -56.198966 
1.359000 -55.934446 
1.360000 -55.667975 
1.361000 -55.399562 
1.362000 -55.129219 
1.363000 -54.856953 
1.364000 -54.582774 
1.365000 -54.306691 
1.366000 -54.028715 
1.367000 -53.748854 
1.368000 -53.467118 
1.369000 -53.183517 
1.370000 -52.898061 
1.371000 -52.610759 
1.372000 -52.321620 
1.373000 -52.030656 
1.374000 -51.737875 
1.375000 -51.443287 
1.376000 -51.146902 
1.377000 -50.848731 
1.378000 -50.548783 
1.379000 -50.247068 
1.380000 -49.943596 
1.381000 -49.638377 
1.382000 -49.331422 
1.383000 -49.022741 
1.384000 -48.712343 
1.385000 -48.400240 
1.386000 -48.086441 
1.387000 -47.770956 
1.388000 -47.453797 
1.389000 -47.134973 
1.390000 -46.814494 
1.391000 -46.492372 
1.392000 -46.168617 
1.393000 -45.843240 
1.394000 -45.516250 
1.395000 -45.187658 
1.396000 -44.857476 
1.397000 -44.525714 
1.398000 -44.192383 
1.399000 -43.857492 
1.400000 -43.521054 
1.401000 -43.183079 
1.402000 -42.843578 
1.403000 -42.502562 
1.404000 -42.160041 
1.405000 -41.816027 
1.406000 -41.470530 
1.407000 -41.123563 
1.408000 -40.775135 
1.409000 -40.425258 
1.410000 -40.073943 
1.411000 -39.721201 
1.412000 -39.367044 
1.413000 -39.011483 
1.414000 -38.654528 
1.415000 -38.296192 
1.416000 -37.936486 
1.417000 -37.575421 
1.418000 -37.213008 
1.419000 -36.849259 
1.420000 -36.484185 
1.421000 -36.117799 
1.422000 -35.750111 
1.423000 -35.381133 
1.424000 -35.010877 
1.425000 -34.639355 
1.426000 -34.266578 
1.427000 -33.892557 
1.428000 -33.517305 
1.429000 -33.140834 
1.430000 -32.763155 
1.431000 -32.384279 
1.432000 -32.004220 
1.433000 -31.622989 
1.434000 -31.240598 
1.435000 -30.857059 
1.436000 -30.472383 
1.437000 -30.086584 
1.438000 -29.699672 
1.439000 -29.311661 
1.440000 -28.922562 
1.441000 -28.532388 
1.442000 -28.141151 
1.443000 -27.748862 
1.444000 -27.355535 
1.445000 -26.961182 
1.446000 -26.565814 
1.447000 -26.169445 
1.448000 -25.772087 
1.449000 -25.373752 
1.450000 -24.974452 
1.451000 -24.574201 
1.452000 -24.173011 
1.453000 -23.770893 
1.454000 -23.367862 
1.455000 -22.963930 
1.456000 -22.559109 
1.457000 -22.153411 
1.458000 -21.746850 
1.459000 -21.339439 
1.460000 -20.931190 
1.461000 -20.522116 
1.462000 -20.112230 
1.463000 -19.701545 
1.464000 -19.290073 
1.465000 -18.877828 
1.466000 -18.464823 
1.467000 -18.051070 
1.468000 -17.636583 
1.469000 -17.221375 
1.470000 -16.805459 
1.471000 -16.388847 
1.472000 -15.971554 
1.473000 -15.553592 
1.474000 -15.134975 
1.475000 -14.715715 
1.476000 -14.295826 
1.477000 -13.875322 
1.478000 -13.454215 
1.479000 -13.032520 
1.480000 -12.610249 
1.481000 -12.187416 
1.482000 -11.764034 
1.483000 -11.340117 
1.484000 -10.915678 
1.485000 -10.490731 
1.486000 -10.065290 
1.487000 -9.639368 
1.488000 -9.212978 
1.489000 -8.786134 
1.490000 -8.358851 
1.491000 -7.931141 
1.492000 -7.503019 
1.493000 -7.074498 
1.494000 -6.645592 
1.495000 -6.216315 
1.496000 -5.786680 
1.497000 -5.356703 
1.498000 -4.926395 
1.499000 -4.495772 
