# epoch Tc_folded Tref_folded value value_err offset model full_model val_compare val_compare_err residuals residuals_err jitter jitter_flag offset_flag subset_flag 
2453642.591083 -0.115789 0.147612 0.996736 0.001561 0.000000 0.000000 1.000000 -0.003264 0.001561 -0.003264 0.001561 0.003890  -1  -1  -1 
2453642.592701 -0.114171 0.148341 1.007627 0.001578 0.000000 0.000000 1.000000 0.007627 0.001578 0.007627 0.001578 0.003890  -1  -1  -1 
2453642.594238 -0.112634 0.149034 0.995543 0.001650 0.000000 0.000000 1.000000 -0.004457 0.001650 -0.004457 0.001650 0.003890  -1  -1  -1 
2453642.597390 -0.109482 0.150454 1.014519 0.001588 0.000000 0.000000 1.000000 0.014519 0.001588 0.014519 0.001588 0.003890  -1  -1  -1 
2453642.605135 -0.101737 0.153945 0.997195 0.001561 0.000000 0.000000 1.000000 -0.002805 0.001561 -0.002805 0.001561 0.003890  -1  -1  -1 
2453642.610105 -0.096767 0.156186 0.999770 0.001565 0.000000 0.000000 1.000000 -0.000230 0.001565 -0.000230 0.001565 0.003890  -1  -1  -1 
2453642.611663 -0.095209 0.156888 0.996277 0.001468 0.000000 0.000000 1.000000 -0.003723 0.001468 -0.003723 0.001468 0.003890  -1  -1  -1 
2453642.616551 -0.090321 0.159091 1.006051 0.001483 0.000000 0.000000 1.000000 0.006051 0.001483 0.006051 0.001483 0.003890  -1  -1  -1 
2453642.618088 -0.088784 0.159784 0.996552 0.001469 0.000000 0.000000 1.000000 -0.003448 0.001469 -0.003448 0.001469 0.003890  -1  -1  -1 
2453642.619640 -0.087232 0.160483 1.002721 0.001478 0.000000 0.000000 1.000000 0.002721 0.001478 0.002721 0.001478 0.003890  -1  -1  -1 
2453642.621192 -0.085680 0.161183 0.994260 0.001557 0.000000 0.000000 1.000000 -0.005740 0.001557 -0.005740 0.001557 0.003890  -1  -1  -1 
2453642.622841 -0.084031 0.161926 1.002905 0.001478 0.000000 0.000000 1.000000 0.002905 0.001478 0.002905 0.001478 0.003890  -1  -1  -1 
2453642.624399 -0.082473 0.162629 1.003367 0.001386 0.000000 0.000000 1.000000 0.003367 0.001386 0.003367 0.001386 0.003890  -1  -1  -1 
2453642.625932 -0.080940 0.163320 1.002167 0.001477 0.000000 0.000000 1.000000 0.002167 0.001477 0.002167 0.001477 0.003890  -1  -1  -1 
2453642.629183 -0.077689 0.164785 0.998573 0.001472 0.000000 0.000000 1.000000 -0.001427 0.001472 -0.001427 0.001472 0.003890  -1  -1  -1 
2453642.630739 -0.076133 0.165486 1.001521 0.001476 0.000000 0.000000 1.000000 0.001521 0.001476 0.001521 0.001476 0.003890  -1  -1  -1 
2453642.635574 -0.071298 0.167666 1.005125 0.001481 0.000000 0.000000 1.000000 0.005125 0.001481 0.005125 0.001481 0.003890  -1  -1  -1 
2453642.637128 -0.069744 0.168366 1.002259 0.001477 0.000000 0.000000 1.000000 0.002259 0.001477 0.002259 0.001477 0.003890  -1  -1  -1 
2453642.638688 -0.068184 0.169069 0.998298 0.001471 0.000000 0.000000 1.000000 -0.001702 0.001471 -0.001702 0.001471 0.003890  -1  -1  -1 
2453642.640244 -0.066628 0.169770 1.003830 0.001572 0.000000 0.000000 1.000000 0.003830 0.001572 0.003830 0.001572 0.003890  -1  -1  -1 
2453642.641897 -0.064975 0.170516 0.994077 0.001465 0.000000 0.000000 1.000000 -0.005923 0.001465 -0.005923 0.001465 0.003890  -1  -1  -1 
2453642.643453 -0.063419 0.171217 0.993985 0.001465 0.000000 0.000000 1.000000 -0.006015 0.001465 -0.006015 0.001465 0.003890  -1  -1  -1 
2453642.645017 -0.061855 0.171922 1.002351 0.001477 0.000000 0.000000 1.000000 0.002351 0.001477 0.002351 0.001477 0.003890  -1  -1  -1 
2453642.646576 -0.060296 0.172625 1.001521 0.001476 0.000000 0.000000 1.000000 0.001521 0.001476 0.001521 0.001476 0.003890  -1  -1  -1 
2453642.648290 -0.058582 0.173397 1.004292 0.001480 0.000000 0.000000 1.000000 0.004292 0.001480 0.004292 0.001480 0.003890  -1  -1  -1 
2453642.649841 -0.057031 0.174096 0.998573 0.001472 0.000000 0.000000 1.000000 -0.001427 0.001472 -0.001427 0.001472 0.003890  -1  -1  -1 
2453642.651397 -0.055475 0.174798 0.998665 0.001472 0.000000 0.000000 1.000000 -0.001335 0.001472 -0.001335 0.001472 0.003890  -1  -1  -1 
2453642.652963 -0.053909 0.175503 1.004384 0.001480 0.000000 0.000000 1.000000 0.004384 0.001480 0.004384 0.001480 0.003890  -1  -1  -1 
2453642.656223 -0.050649 0.176973 1.003645 0.001479 0.000000 0.000000 1.000000 0.003645 0.001479 0.003645 0.001479 0.003890  -1  -1  -1 
2453642.657766 -0.049106 0.177668 1.000230 0.001474 0.000000 0.000000 1.000000 0.000230 0.001474 0.000230 0.001474 0.003890  -1  -1  -1 
2453642.659297 -0.047575 0.178358 0.998389 0.001471 0.000000 0.000000 1.000000 -0.001611 0.001471 -0.001611 0.001471 0.003890  -1  -1  -1 
2453642.661020 -0.045852 0.179135 1.005495 0.001482 0.000000 0.000000 1.000000 0.005495 0.001482 0.005495 0.001482 0.003890  -1  -1  -1 
2453642.662523 -0.044349 0.179813 1.004384 0.001480 0.000000 0.000000 1.000000 0.004384 0.001480 0.004384 0.001480 0.003890  -1  -1  -1 
2453642.664075 -0.042797 0.180512 0.999586 0.001473 0.000000 0.000000 1.000000 -0.000414 0.001473 -0.000414 0.001473 0.003890  -1  -1  -1 
2453642.665633 -0.041239 0.181214 1.002721 0.001478 0.000000 0.000000 1.000000 0.002721 0.001478 0.002721 0.001478 0.003890  -1  -1  -1 
2453642.667391 -0.039481 0.182007 1.003645 0.001479 0.000000 0.000000 1.000000 0.003645 0.001479 0.003645 0.001479 0.003890  -1  -1  -1 
2453642.668950 -0.037922 0.182709 0.997654 0.001470 0.000000 0.000000 1.000000 -0.002346 0.001470 -0.002346 0.001470 0.003890  -1  -1  -1 
2453642.670444 -0.036428 0.183383 0.998298 0.001471 0.000000 -0.000661 0.999339 -0.001702 0.001471 -0.001041 0.001471 0.003890  -1  -1  -1 
2453642.672012 -0.034860 0.184090 1.003922 0.001479 0.000000 -0.002106 0.997894 0.003922 0.001479 0.006028 0.001479 0.003890  -1  -1  -1 
2453642.680073 -0.026799 0.187723 0.989601 0.001458 0.000000 -0.014072 0.985928 -0.010399 0.001458 0.003673 0.001458 0.003890  -1  -1  -1 
2453642.681646 -0.025226 0.188432 0.990695 0.001460 0.000000 -0.016485 0.983515 -0.009305 0.001460 0.007180 0.001460 0.003890  -1  -1  -1 
2453642.684720 -0.022152 0.189818 0.983513 0.001449 0.000000 -0.020411 0.979589 -0.016487 0.001449 0.003924 0.001449 0.003890  -1  -1  -1 
2453642.686419 -0.020453 0.190583 0.976832 0.001440 0.000000 -0.021587 0.978413 -0.023168 0.001440 -0.001581 0.001440 0.003890  -1  -1  -1 
2453642.687998 -0.018874 0.191295 0.978994 0.001443 0.000000 -0.022213 0.977787 -0.021006 0.001443 0.001207 0.001443 0.003890  -1  -1  -1 
2453642.689570 -0.017302 0.192004 0.979716 0.001444 0.000000 -0.022726 0.977274 -0.020284 0.001444 0.002442 0.001444 0.003890  -1  -1  -1 
2453642.691125 -0.015747 0.192705 0.976383 0.001439 0.000000 -0.023152 0.976848 -0.023617 0.001439 -0.000465 0.001439 0.003890  -1  -1  -1 
2453642.692845 -0.014027 0.193480 0.980347 0.001445 0.000000 -0.023550 0.976450 -0.019653 0.001445 0.003897 0.001445 0.003890  -1  -1  -1 
2453642.694381 -0.012491 0.194172 0.980167 0.001535 0.000000 -0.023850 0.976150 -0.019833 0.001535 0.004017 0.001535 0.003890  -1  -1  -1 
2453642.695886 -0.010986 0.194851 0.980257 0.001445 0.000000 -0.024100 0.975900 -0.019743 0.001445 0.004357 0.001445 0.003890  -1  -1  -1 
2453642.697423 -0.009449 0.195543 0.977102 0.001440 0.000000 -0.024315 0.975685 -0.022898 0.001440 0.001417 0.001440 0.003890  -1  -1  -1 
2453642.699131 -0.007741 0.196313 0.979355 0.001533 0.000000 -0.024510 0.975490 -0.020645 0.001533 0.003865 0.001533 0.003890  -1  -1  -1 
2453642.700701 -0.006171 0.197021 0.975933 0.001438 0.000000 -0.024651 0.975349 -0.024067 0.001438 0.000584 0.001438 0.003890  -1  -1  -1 
2453642.702251 -0.004621 0.197720 0.972344 0.001433 0.000000 -0.024758 0.975242 -0.027656 0.001433 -0.002898 0.001433 0.003890  -1  -1  -1 
2453642.703790 -0.003082 0.198413 0.976113 0.001528 0.000000 -0.024832 0.975168 -0.023887 0.001528 0.000945 0.001528 0.003890  -1  -1  -1 
2453642.706970 0.000098 0.199847 0.977822 0.001441 0.000000 -0.024891 0.975109 -0.022178 0.001441 0.002713 0.001441 0.003890  -1  -1  -1 
2453642.714880 0.008008 0.203412 0.968768 0.001517 0.000000 -0.024481 0.975519 -0.031232 0.001517 -0.006751 0.001517 0.003890  -1  -1  -1 
2453642.716443 0.009571 0.204116 0.976203 0.001528 0.000000 -0.024297 0.975703 -0.023797 0.001528 0.000500 0.001528 0.003890  -1  -1  -1 
2453642.718142 0.011270 0.204882 0.978633 0.001532 0.000000 -0.024054 0.975946 -0.021367 0.001532 0.002687 0.001532 0.003890  -1  -1  -1 
2453642.719652 0.012780 0.205563 0.978003 0.001531 0.000000 -0.023795 0.976205 -0.021997 0.001531 0.001798 0.001531 0.003890  -1  -1  -1 
2453642.721227 0.014355 0.206273 0.978363 0.001532 0.000000 -0.023477 0.976523 -0.021637 0.001532 0.001840 0.001532 0.003890  -1  -1  -1 
2453642.722772 0.015900 0.206969 0.975394 0.001527 0.000000 -0.023110 0.976890 -0.024606 0.001527 -0.001496 0.001527 0.003890  -1  -1  -1 
2453642.724483 0.017611 0.207740 0.975304 0.001527 0.000000 -0.022628 0.977372 -0.024696 0.001527 -0.002068 0.001527 0.003890  -1  -1  -1 
2453642.726033 0.019161 0.208439 0.974316 0.001526 0.000000 -0.022104 0.977896 -0.025684 0.001526 -0.003580 0.001526 0.003890  -1  -1  -1 
2453642.727599 0.020727 0.209145 0.975753 0.001528 0.000000 -0.021455 0.978545 -0.024247 0.001528 -0.002792 0.001528 0.003890  -1  -1  -1 
2453642.730869 0.023997 0.210619 0.979625 0.001444 0.000000 -0.018201 0.981799 -0.020375 0.001444 -0.002174 0.001444 0.003890  -1  -1  -1 
2453642.732429 0.025557 0.211322 0.986870 0.001454 0.000000 -0.015971 0.984029 -0.013130 0.001454 0.002841 0.001454 0.003890  -1  -1  -1 
2453642.734009 0.027137 0.212034 0.989145 0.001458 0.000000 -0.013513 0.986487 -0.010855 0.001458 0.002658 0.001458 0.003890  -1  -1  -1 
2453642.735567 0.028695 0.212736 0.992796 0.001554 0.000000 -0.011000 0.989000 -0.007204 0.001554 0.003796 0.001554 0.003890  -1  -1  -1 
2453642.738862 0.031990 0.214222 1.004292 0.001572 0.000000 -0.005829 0.994171 0.004292 0.001572 0.010121 0.001572 0.003890  -1  -1  -1 
2453642.740412 0.033540 0.214920 1.001890 0.001569 0.000000 -0.003674 0.996326 0.001890 0.001569 0.005564 0.001569 0.003890  -1  -1  -1 
2453642.741950 0.035078 0.215613 0.996644 0.001469 0.000000 -0.001860 0.998140 -0.003356 0.001469 -0.001496 0.001469 0.003890  -1  -1  -1 
2453642.743670 0.036798 0.216389 0.995085 0.001466 0.000000 -0.000405 0.999595 -0.004915 0.001466 -0.004510 0.001466 0.003890  -1  -1  -1 
2453642.745229 0.038357 0.217091 1.000415 0.001474 0.000000 0.000000 1.000000 0.000415 0.001474 0.000415 0.001474 0.003890  -1  -1  -1 
2453642.746814 0.039942 0.217806 1.003645 0.001571 0.000000 0.000000 1.000000 0.003645 0.001571 0.003645 0.001571 0.003890  -1  -1  -1 
2453642.748383 0.041511 0.218513 1.006607 0.001483 0.000000 0.000000 1.000000 0.006607 0.001483 0.006607 0.001483 0.003890  -1  -1  -1 
2453642.750093 0.043221 0.219284 0.991517 0.001552 0.000000 0.000000 1.000000 -0.008483 0.001552 -0.008483 0.001552 0.003890  -1  -1  -1 
2453642.751633 0.044761 0.219978 0.999125 0.001564 0.000000 0.000000 1.000000 -0.000875 0.001564 -0.000875 0.001564 0.003890  -1  -1  -1 
2453642.753177 0.046305 0.220674 1.001798 0.001569 0.000000 0.000000 1.000000 0.001798 0.001569 0.001798 0.001569 0.003890  -1  -1  -1 
2453642.761039 0.054167 0.224218 0.994626 0.001466 0.000000 0.000000 1.000000 -0.005374 0.001466 -0.005374 0.001466 0.003890  -1  -1  -1 
2453642.762741 0.055869 0.224985 0.999494 0.001473 0.000000 0.000000 1.000000 -0.000506 0.001473 -0.000506 0.001473 0.003890  -1  -1  -1 
2453642.765888 0.059016 0.226403 1.001521 0.001476 0.000000 0.000000 1.000000 0.001521 0.001476 0.001521 0.001476 0.003890  -1  -1  -1 
2453642.767475 0.060603 0.227119 0.999494 0.001473 0.000000 0.000000 1.000000 -0.000506 0.001473 -0.000506 0.001473 0.003890  -1  -1  -1 
2453642.769196 0.062324 0.227894 0.991243 0.001461 0.000000 0.000000 1.000000 -0.008757 0.001461 -0.008757 0.001461 0.003890  -1  -1  -1 
