# epoch Tc_folded Tref_folded model 
2453642.592993 -0.113879 0.148473     0.000000
2453642.593121 -0.113751 0.148530     0.000000
2453642.593248 -0.113624 0.148587     0.000000
2453642.593375 -0.113497 0.148645     0.000000
2453642.593502 -0.113370 0.148702     0.000000
2453642.593629 -0.113243 0.148759     0.000000
2453642.593757 -0.113115 0.148817     0.000000
2453642.593884 -0.112988 0.148874     0.000000
2453642.594011 -0.112861 0.148931     0.000000
2453642.594138 -0.112734 0.148989     0.000000
2453642.594265 -0.112607 0.149046     0.000000
2453642.594393 -0.112479 0.149103     0.000000
2453642.594520 -0.112352 0.149161     0.000000
2453642.594647 -0.112225 0.149218     0.000000
2453642.594774 -0.112098 0.149275     0.000000
2453642.594901 -0.111971 0.149333     0.000000
2453642.595029 -0.111843 0.149390     0.000000
2453642.595156 -0.111716 0.149447     0.000000
2453642.595283 -0.111589 0.149505     0.000000
2453642.595410 -0.111462 0.149562     0.000000
2453642.595537 -0.111335 0.149619     0.000000
2453642.595665 -0.111208 0.149677     0.000000
2453642.595792 -0.111080 0.149734     0.000000
2453642.595919 -0.110953 0.149791     0.000000
2453642.596046 -0.110826 0.149849     0.000000
2453642.596173 -0.110699 0.149906     0.000000
2453642.596300 -0.110572 0.149963     0.000000
2453642.596428 -0.110444 0.150021     0.000000
2453642.596555 -0.110317 0.150078     0.000000
2453642.596682 -0.110190 0.150135     0.000000
2453642.596809 -0.110063 0.150193     0.000000
2453642.596936 -0.109936 0.150250     0.000000
2453642.597064 -0.109808 0.150307     0.000000
2453642.597191 -0.109681 0.150365     0.000000
2453642.597318 -0.109554 0.150422     0.000000
2453642.597445 -0.109427 0.150479     0.000000
2453642.597572 -0.109300 0.150537     0.000000
2453642.597700 -0.109172 0.150594     0.000000
2453642.597827 -0.109045 0.150651     0.000000
2453642.597954 -0.108918 0.150709     0.000000
2453642.598081 -0.108791 0.150766     0.000000
2453642.598208 -0.108664 0.150823     0.000000
2453642.598336 -0.108536 0.150881     0.000000
2453642.598463 -0.108409 0.150938     0.000000
2453642.598590 -0.108282 0.150995     0.000000
2453642.598717 -0.108155 0.151053     0.000000
2453642.598844 -0.108028 0.151110     0.000000
2453642.598972 -0.107900 0.151167     0.000000
2453642.599099 -0.107773 0.151225     0.000000
2453642.599226 -0.107646 0.151282     0.000000
2453642.599353 -0.107519 0.151339     0.000000
2453642.599480 -0.107392 0.151397     0.000000
2453642.599608 -0.107264 0.151454     0.000000
2453642.599735 -0.107137 0.151511     0.000000
2453642.599862 -0.107010 0.151569     0.000000
2453642.599989 -0.106883 0.151626     0.000000
2453642.600116 -0.106756 0.151683     0.000000
2453642.600244 -0.106628 0.151741     0.000000
2453642.600371 -0.106501 0.151798     0.000000
2453642.600498 -0.106374 0.151855     0.000000
2453642.600625 -0.106247 0.151913     0.000000
2453642.600752 -0.106120 0.151970     0.000000
2453642.600880 -0.105993 0.152027     0.000000
2453642.601007 -0.105865 0.152085     0.000000
2453642.601134 -0.105738 0.152142     0.000000
2453642.601261 -0.105611 0.152199     0.000000
2453642.601388 -0.105484 0.152257     0.000000
2453642.601515 -0.105357 0.152314     0.000000
2453642.601643 -0.105229 0.152371     0.000000
2453642.601770 -0.105102 0.152429     0.000000
2453642.601897 -0.104975 0.152486     0.000000
2453642.602024 -0.104848 0.152543     0.000000
2453642.602151 -0.104721 0.152601     0.000000
2453642.602279 -0.104593 0.152658     0.000000
2453642.602406 -0.104466 0.152715     0.000000
2453642.602533 -0.104339 0.152773     0.000000
2453642.602660 -0.104212 0.152830     0.000000
2453642.602787 -0.104085 0.152887     0.000000
2453642.602915 -0.103957 0.152945     0.000000
2453642.603042 -0.103830 0.153002     0.000000
2453642.603169 -0.103703 0.153059     0.000000
2453642.603296 -0.103576 0.153117     0.000000
2453642.603423 -0.103449 0.153174     0.000000
2453642.603551 -0.103321 0.153231     0.000000
2453642.603678 -0.103194 0.153289     0.000000
2453642.603805 -0.103067 0.153346     0.000000
2453642.603932 -0.102940 0.153403     0.000000
2453642.604059 -0.102813 0.153461     0.000000
2453642.604187 -0.102685 0.153518     0.000000
2453642.604314 -0.102558 0.153575     0.000000
2453642.604441 -0.102431 0.153633     0.000000
2453642.604568 -0.102304 0.153690     0.000000
2453642.604695 -0.102177 0.153747     0.000000
2453642.604823 -0.102049 0.153805     0.000000
2453642.604950 -0.101922 0.153862     0.000000
2453642.605077 -0.101795 0.153919     0.000000
2453642.605204 -0.101668 0.153977     0.000000
2453642.605331 -0.101541 0.154034     0.000000
2453642.605459 -0.101413 0.154091     0.000000
2453642.605586 -0.101286 0.154149     0.000000
2453642.605713 -0.101159 0.154206     0.000000
2453642.605840 -0.101032 0.154263     0.000000
2453642.605967 -0.100905 0.154321     0.000000
2453642.606095 -0.100778 0.154378     0.000000
2453642.606222 -0.100650 0.154435     0.000000
2453642.606349 -0.100523 0.154493     0.000000
2453642.606476 -0.100396 0.154550     0.000000
2453642.606603 -0.100269 0.154607     0.000000
2453642.606731 -0.100142 0.154665     0.000000
2453642.606858 -0.100014 0.154722     0.000000
2453642.606985 -0.099887 0.154779     0.000000
2453642.607112 -0.099760 0.154837     0.000000
2453642.607239 -0.099633 0.154894     0.000000
2453642.607366 -0.099506 0.154951     0.000000
2453642.607494 -0.099378 0.155009     0.000000
2453642.607621 -0.099251 0.155066     0.000000
2453642.607748 -0.099124 0.155123     0.000000
2453642.607875 -0.098997 0.155181     0.000000
2453642.608002 -0.098870 0.155238     0.000000
2453642.608130 -0.098742 0.155295     0.000000
2453642.608257 -0.098615 0.155353     0.000000
2453642.608384 -0.098488 0.155410     0.000000
2453642.608511 -0.098361 0.155467     0.000000
2453642.608638 -0.098234 0.155525     0.000000
2453642.608766 -0.098106 0.155582     0.000000
2453642.608893 -0.097979 0.155639     0.000000
2453642.609020 -0.097852 0.155697     0.000000
2453642.609147 -0.097725 0.155754     0.000000
2453642.609274 -0.097598 0.155811     0.000000
2453642.609402 -0.097470 0.155869     0.000000
2453642.609529 -0.097343 0.155926     0.000000
2453642.609656 -0.097216 0.155983     0.000000
2453642.609783 -0.097089 0.156041     0.000000
2453642.609910 -0.096962 0.156098     0.000000
2453642.610038 -0.096834 0.156155     0.000000
2453642.610165 -0.096707 0.156213     0.000000
2453642.610292 -0.096580 0.156270     0.000000
2453642.610419 -0.096453 0.156327     0.000000
2453642.610546 -0.096326 0.156385     0.000000
2453642.610674 -0.096198 0.156442     0.000000
2453642.610801 -0.096071 0.156499     0.000000
2453642.610928 -0.095944 0.156557     0.000000
2453642.611055 -0.095817 0.156614     0.000000
2453642.611182 -0.095690 0.156671     0.000000
2453642.611310 -0.095562 0.156729     0.000000
2453642.611437 -0.095435 0.156786     0.000000
2453642.611564 -0.095308 0.156843     0.000000
2453642.611691 -0.095181 0.156901     0.000000
2453642.611818 -0.095054 0.156958     0.000000
2453642.611946 -0.094927 0.157015     0.000000
2453642.612073 -0.094799 0.157073     0.000000
2453642.612200 -0.094672 0.157130     0.000000
2453642.612327 -0.094545 0.157187     0.000000
2453642.612454 -0.094418 0.157245     0.000000
2453642.612581 -0.094291 0.157302     0.000000
2453642.612709 -0.094163 0.157359     0.000000
2453642.612836 -0.094036 0.157417     0.000000
2453642.612963 -0.093909 0.157474     0.000000
2453642.613090 -0.093782 0.157531     0.000000
2453642.613217 -0.093655 0.157589     0.000000
2453642.613345 -0.093527 0.157646     0.000000
2453642.613472 -0.093400 0.157703     0.000000
2453642.613599 -0.093273 0.157761     0.000000
2453642.613726 -0.093146 0.157818     0.000000
2453642.613853 -0.093019 0.157875     0.000000
2453642.613981 -0.092891 0.157933     0.000000
2453642.614108 -0.092764 0.157990     0.000000
2453642.614235 -0.092637 0.158047     0.000000
2453642.614362 -0.092510 0.158105     0.000000
2453642.614489 -0.092383 0.158162     0.000000
2453642.614617 -0.092255 0.158219     0.000000
2453642.614744 -0.092128 0.158277     0.000000
2453642.614871 -0.092001 0.158334     0.000000
2453642.614998 -0.091874 0.158391     0.000000
2453642.615125 -0.091747 0.158449     0.000000
2453642.615253 -0.091619 0.158506     0.000000
2453642.615380 -0.091492 0.158563     0.000000
2453642.615507 -0.091365 0.158621     0.000000
2453642.615634 -0.091238 0.158678     0.000000
2453642.615761 -0.091111 0.158735     0.000000
2453642.615889 -0.090983 0.158793     0.000000
2453642.616016 -0.090856 0.158850     0.000000
2453642.616143 -0.090729 0.158907     0.000000
2453642.616270 -0.090602 0.158965     0.000000
2453642.616397 -0.090475 0.159022     0.000000
2453642.616525 -0.090347 0.159079     0.000000
2453642.616652 -0.090220 0.159137     0.000000
2453642.616779 -0.090093 0.159194     0.000000
2453642.616906 -0.089966 0.159251     0.000000
2453642.617033 -0.089839 0.159309     0.000000
2453642.617161 -0.089712 0.159366     0.000000
2453642.617288 -0.089584 0.159423     0.000000
2453642.617415 -0.089457 0.159481     0.000000
2453642.617542 -0.089330 0.159538     0.000000
2453642.617669 -0.089203 0.159595     0.000000
2453642.617796 -0.089076 0.159653     0.000000
2453642.617924 -0.088948 0.159710     0.000000
2453642.618051 -0.088821 0.159767     0.000000
2453642.618178 -0.088694 0.159825     0.000000
2453642.618305 -0.088567 0.159882     0.000000
2453642.618432 -0.088440 0.159939     0.000000
2453642.618560 -0.088312 0.159997     0.000000
2453642.618687 -0.088185 0.160054     0.000000
2453642.618814 -0.088058 0.160111     0.000000
2453642.618941 -0.087931 0.160168     0.000000
2453642.619068 -0.087804 0.160226     0.000000
2453642.619196 -0.087676 0.160283     0.000000
2453642.619323 -0.087549 0.160340     0.000000
2453642.619450 -0.087422 0.160398     0.000000
2453642.619577 -0.087295 0.160455     0.000000
2453642.619704 -0.087168 0.160512     0.000000
2453642.619832 -0.087040 0.160570     0.000000
2453642.619959 -0.086913 0.160627     0.000000
2453642.620086 -0.086786 0.160684     0.000000
2453642.620213 -0.086659 0.160742     0.000000
2453642.620340 -0.086532 0.160799     0.000000
2453642.620468 -0.086404 0.160856     0.000000
2453642.620595 -0.086277 0.160914     0.000000
2453642.620722 -0.086150 0.160971     0.000000
2453642.620849 -0.086023 0.161028     0.000000
2453642.620976 -0.085896 0.161086     0.000000
2453642.621104 -0.085768 0.161143     0.000000
2453642.621231 -0.085641 0.161200     0.000000
2453642.621358 -0.085514 0.161258     0.000000
2453642.621485 -0.085387 0.161315     0.000000
2453642.621612 -0.085260 0.161372     0.000000
2453642.621740 -0.085132 0.161430     0.000000
2453642.621867 -0.085005 0.161487     0.000000
2453642.621994 -0.084878 0.161544     0.000000
2453642.622121 -0.084751 0.161602     0.000000
2453642.622248 -0.084624 0.161659     0.000000
2453642.622376 -0.084496 0.161716     0.000000
2453642.622503 -0.084369 0.161774     0.000000
2453642.622630 -0.084242 0.161831     0.000000
2453642.622757 -0.084115 0.161888     0.000000
2453642.622884 -0.083988 0.161946     0.000000
2453642.623012 -0.083861 0.162003     0.000000
2453642.623139 -0.083733 0.162060     0.000000
2453642.623266 -0.083606 0.162118     0.000000
2453642.623393 -0.083479 0.162175     0.000000
2453642.623520 -0.083352 0.162232     0.000000
2453642.623647 -0.083225 0.162290     0.000000
2453642.623775 -0.083097 0.162347     0.000000
2453642.623902 -0.082970 0.162404     0.000000
2453642.624029 -0.082843 0.162462     0.000000
2453642.624156 -0.082716 0.162519     0.000000
2453642.624283 -0.082589 0.162576     0.000000
2453642.624411 -0.082461 0.162634     0.000000
2453642.624538 -0.082334 0.162691     0.000000
2453642.624665 -0.082207 0.162748     0.000000
2453642.624792 -0.082080 0.162806     0.000000
2453642.624919 -0.081953 0.162863     0.000000
2453642.625047 -0.081825 0.162920     0.000000
2453642.625174 -0.081698 0.162978     0.000000
2453642.625301 -0.081571 0.163035     0.000000
2453642.625428 -0.081444 0.163092     0.000000
2453642.625555 -0.081317 0.163150     0.000000
2453642.625683 -0.081189 0.163207     0.000000
2453642.625810 -0.081062 0.163264     0.000000
2453642.625937 -0.080935 0.163322     0.000000
2453642.626064 -0.080808 0.163379     0.000000
2453642.626191 -0.080681 0.163436     0.000000
2453642.626319 -0.080553 0.163494     0.000000
2453642.626446 -0.080426 0.163551     0.000000
2453642.626573 -0.080299 0.163608     0.000000
2453642.626700 -0.080172 0.163666     0.000000
2453642.626827 -0.080045 0.163723     0.000000
2453642.626955 -0.079917 0.163780     0.000000
2453642.627082 -0.079790 0.163838     0.000000
2453642.627209 -0.079663 0.163895     0.000000
2453642.627336 -0.079536 0.163952     0.000000
2453642.627463 -0.079409 0.164010     0.000000
2453642.627591 -0.079281 0.164067     0.000000
2453642.627718 -0.079154 0.164124     0.000000
2453642.627845 -0.079027 0.164182     0.000000
2453642.627972 -0.078900 0.164239     0.000000
2453642.628099 -0.078773 0.164296     0.000000
2453642.628227 -0.078646 0.164354     0.000000
2453642.628354 -0.078518 0.164411     0.000000
2453642.628481 -0.078391 0.164468     0.000000
2453642.628608 -0.078264 0.164526     0.000000
2453642.628735 -0.078137 0.164583     0.000000
2453642.628862 -0.078010 0.164640     0.000000
2453642.628990 -0.077882 0.164698     0.000000
2453642.629117 -0.077755 0.164755     0.000000
2453642.629244 -0.077628 0.164812     0.000000
2453642.629371 -0.077501 0.164870     0.000000
2453642.629498 -0.077374 0.164927     0.000000
2453642.629626 -0.077246 0.164984     0.000000
2453642.629753 -0.077119 0.165042     0.000000
2453642.629880 -0.076992 0.165099     0.000000
2453642.630007 -0.076865 0.165156     0.000000
2453642.630134 -0.076738 0.165214     0.000000
2453642.630262 -0.076610 0.165271     0.000000
2453642.630389 -0.076483 0.165328     0.000000
2453642.630516 -0.076356 0.165386     0.000000
2453642.630643 -0.076229 0.165443     0.000000
2453642.630770 -0.076102 0.165500     0.000000
2453642.630898 -0.075974 0.165558     0.000000
2453642.631025 -0.075847 0.165615     0.000000
2453642.631152 -0.075720 0.165672     0.000000
2453642.631279 -0.075593 0.165730     0.000000
2453642.631406 -0.075466 0.165787     0.000000
2453642.631534 -0.075338 0.165844     0.000000
2453642.631661 -0.075211 0.165902     0.000000
2453642.631788 -0.075084 0.165959     0.000000
2453642.631915 -0.074957 0.166016     0.000000
2453642.632042 -0.074830 0.166074     0.000000
2453642.632170 -0.074702 0.166131     0.000000
2453642.632297 -0.074575 0.166188     0.000000
2453642.632424 -0.074448 0.166246     0.000000
2453642.632551 -0.074321 0.166303     0.000000
2453642.632678 -0.074194 0.166360     0.000000
2453642.632806 -0.074066 0.166418     0.000000
2453642.632933 -0.073939 0.166475     0.000000
2453642.633060 -0.073812 0.166532     0.000000
2453642.633187 -0.073685 0.166590     0.000000
2453642.633314 -0.073558 0.166647     0.000000
2453642.633442 -0.073430 0.166704     0.000000
2453642.633569 -0.073303 0.166762     0.000000
2453642.633696 -0.073176 0.166819     0.000000
2453642.633823 -0.073049 0.166876     0.000000
2453642.633950 -0.072922 0.166934     0.000000
2453642.634078 -0.072795 0.166991     0.000000
2453642.634205 -0.072667 0.167048     0.000000
2453642.634332 -0.072540 0.167106     0.000000
2453642.634459 -0.072413 0.167163     0.000000
2453642.634586 -0.072286 0.167220     0.000000
2453642.634713 -0.072159 0.167278     0.000000
2453642.634841 -0.072031 0.167335     0.000000
2453642.634968 -0.071904 0.167392     0.000000
2453642.635095 -0.071777 0.167450     0.000000
2453642.635222 -0.071650 0.167507     0.000000
2453642.635349 -0.071523 0.167564     0.000000
2453642.635477 -0.071395 0.167622     0.000000
2453642.635604 -0.071268 0.167679     0.000000
2453642.635731 -0.071141 0.167736     0.000000
2453642.635858 -0.071014 0.167794     0.000000
2453642.635985 -0.070887 0.167851     0.000000
2453642.636113 -0.070759 0.167908     0.000000
2453642.636240 -0.070632 0.167966     0.000000
2453642.636367 -0.070505 0.168023     0.000000
2453642.636494 -0.070378 0.168080     0.000000
2453642.636621 -0.070251 0.168138     0.000000
2453642.636749 -0.070123 0.168195     0.000000
2453642.636876 -0.069996 0.168252     0.000000
2453642.637003 -0.069869 0.168310     0.000000
2453642.637130 -0.069742 0.168367     0.000000
2453642.637257 -0.069615 0.168424     0.000000
2453642.637385 -0.069487 0.168482     0.000000
2453642.637512 -0.069360 0.168539     0.000000
2453642.637639 -0.069233 0.168596     0.000000
2453642.637766 -0.069106 0.168654     0.000000
2453642.637893 -0.068979 0.168711     0.000000
2453642.638021 -0.068851 0.168768     0.000000
2453642.638148 -0.068724 0.168826     0.000000
2453642.638275 -0.068597 0.168883     0.000000
2453642.638402 -0.068470 0.168940     0.000000
2453642.638529 -0.068343 0.168998     0.000000
2453642.638657 -0.068215 0.169055     0.000000
2453642.638784 -0.068088 0.169112     0.000000
2453642.638911 -0.067961 0.169170     0.000000
2453642.639038 -0.067834 0.169227     0.000000
2453642.639165 -0.067707 0.169284     0.000000
2453642.639293 -0.067580 0.169342     0.000000
2453642.639420 -0.067452 0.169399     0.000000
2453642.639547 -0.067325 0.169456     0.000000
2453642.639674 -0.067198 0.169514     0.000000
2453642.639801 -0.067071 0.169571     0.000000
2453642.639928 -0.066944 0.169628     0.000000
2453642.640056 -0.066816 0.169686     0.000000
2453642.640183 -0.066689 0.169743     0.000000
2453642.640310 -0.066562 0.169800     0.000000
2453642.640437 -0.066435 0.169858     0.000000
2453642.640564 -0.066308 0.169915     0.000000
2453642.640692 -0.066180 0.169972     0.000000
2453642.640819 -0.066053 0.170030     0.000000
2453642.640946 -0.065926 0.170087     0.000000
2453642.641073 -0.065799 0.170144     0.000000
2453642.641200 -0.065672 0.170202     0.000000
2453642.641328 -0.065544 0.170259     0.000000
2453642.641455 -0.065417 0.170316     0.000000
2453642.641582 -0.065290 0.170374     0.000000
2453642.641709 -0.065163 0.170431     0.000000
2453642.641836 -0.065036 0.170488     0.000000
2453642.641964 -0.064908 0.170546     0.000000
2453642.642091 -0.064781 0.170603     0.000000
2453642.642218 -0.064654 0.170660     0.000000
2453642.642345 -0.064527 0.170718     0.000000
2453642.642472 -0.064400 0.170775     0.000000
2453642.642600 -0.064272 0.170832     0.000000
2453642.642727 -0.064145 0.170890     0.000000
2453642.642854 -0.064018 0.170947     0.000000
2453642.642981 -0.063891 0.171004     0.000000
2453642.643108 -0.063764 0.171062     0.000000
2453642.643236 -0.063636 0.171119     0.000000
2453642.643363 -0.063509 0.171176     0.000000
2453642.643490 -0.063382 0.171234     0.000000
2453642.643617 -0.063255 0.171291     0.000000
2453642.643744 -0.063128 0.171348     0.000000
2453642.643872 -0.063000 0.171406     0.000000
2453642.643999 -0.062873 0.171463     0.000000
2453642.644126 -0.062746 0.171520     0.000000
2453642.644253 -0.062619 0.171578     0.000000
2453642.644380 -0.062492 0.171635     0.000000
2453642.644508 -0.062364 0.171692     0.000000
2453642.644635 -0.062237 0.171750     0.000000
2453642.644762 -0.062110 0.171807     0.000000
2453642.644889 -0.061983 0.171864     0.000000
2453642.645016 -0.061856 0.171922     0.000000
2453642.645144 -0.061729 0.171979     0.000000
2453642.645271 -0.061601 0.172036     0.000000
2453642.645398 -0.061474 0.172094     0.000000
2453642.645525 -0.061347 0.172151     0.000000
2453642.645652 -0.061220 0.172208     0.000000
2453642.645779 -0.061093 0.172266     0.000000
2453642.645907 -0.060965 0.172323     0.000000
2453642.646034 -0.060838 0.172380     0.000000
2453642.646161 -0.060711 0.172438     0.000000
2453642.646288 -0.060584 0.172495     0.000000
2453642.646415 -0.060457 0.172552     0.000000
2453642.646543 -0.060329 0.172610     0.000000
2453642.646670 -0.060202 0.172667     0.000000
2453642.646797 -0.060075 0.172724     0.000000
2453642.646924 -0.059948 0.172782     0.000000
2453642.647051 -0.059821 0.172839     0.000000
2453642.647179 -0.059693 0.172896     0.000000
2453642.647306 -0.059566 0.172954     0.000000
2453642.647433 -0.059439 0.173011     0.000000
2453642.647560 -0.059312 0.173068     0.000000
2453642.647687 -0.059185 0.173126     0.000000
2453642.647815 -0.059057 0.173183     0.000000
2453642.647942 -0.058930 0.173240     0.000000
2453642.648069 -0.058803 0.173298     0.000000
2453642.648196 -0.058676 0.173355     0.000000
2453642.648323 -0.058549 0.173412     0.000000
2453642.648451 -0.058421 0.173470     0.000000
2453642.648578 -0.058294 0.173527     0.000000
2453642.648705 -0.058167 0.173584     0.000000
2453642.648832 -0.058040 0.173642     0.000000
2453642.648959 -0.057913 0.173699     0.000000
2453642.649087 -0.057785 0.173756     0.000000
2453642.649214 -0.057658 0.173814     0.000000
2453642.649341 -0.057531 0.173871     0.000000
2453642.649468 -0.057404 0.173928     0.000000
2453642.649595 -0.057277 0.173986     0.000000
2453642.649723 -0.057149 0.174043     0.000000
2453642.649850 -0.057022 0.174100     0.000000
2453642.649977 -0.056895 0.174158     0.000000
2453642.650104 -0.056768 0.174215     0.000000
2453642.650231 -0.056641 0.174272     0.000000
2453642.650359 -0.056514 0.174330     0.000000
2453642.650486 -0.056386 0.174387     0.000000
2453642.650613 -0.056259 0.174444     0.000000
2453642.650740 -0.056132 0.174502     0.000000
2453642.650867 -0.056005 0.174559     0.000000
2453642.650994 -0.055878 0.174616     0.000000
2453642.651122 -0.055750 0.174674     0.000000
2453642.651249 -0.055623 0.174731     0.000000
2453642.651376 -0.055496 0.174788     0.000000
2453642.651503 -0.055369 0.174845     0.000000
2453642.651630 -0.055242 0.174903     0.000000
2453642.651758 -0.055114 0.174960     0.000000
2453642.651885 -0.054987 0.175017     0.000000
2453642.652012 -0.054860 0.175075     0.000000
2453642.652139 -0.054733 0.175132     0.000000
2453642.652266 -0.054606 0.175189     0.000000
2453642.652394 -0.054478 0.175247     0.000000
2453642.652521 -0.054351 0.175304     0.000000
2453642.652648 -0.054224 0.175361     0.000000
2453642.652775 -0.054097 0.175419     0.000000
2453642.652902 -0.053970 0.175476     0.000000
2453642.653030 -0.053842 0.175533     0.000000
2453642.653157 -0.053715 0.175591     0.000000
2453642.653284 -0.053588 0.175648     0.000000
2453642.653411 -0.053461 0.175705     0.000000
2453642.653538 -0.053334 0.175763     0.000000
2453642.653666 -0.053206 0.175820     0.000000
2453642.653793 -0.053079 0.175877     0.000000
2453642.653920 -0.052952 0.175935     0.000000
2453642.654047 -0.052825 0.175992     0.000000
2453642.654174 -0.052698 0.176049     0.000000
2453642.654302 -0.052570 0.176107     0.000000
2453642.654429 -0.052443 0.176164     0.000000
2453642.654556 -0.052316 0.176221     0.000000
2453642.654683 -0.052189 0.176279     0.000000
2453642.654810 -0.052062 0.176336     0.000000
2453642.654938 -0.051934 0.176393     0.000000
2453642.655065 -0.051807 0.176451     0.000000
2453642.655192 -0.051680 0.176508     0.000000
2453642.655319 -0.051553 0.176565     0.000000
2453642.655446 -0.051426 0.176623     0.000000
2453642.655574 -0.051298 0.176680     0.000000
2453642.655701 -0.051171 0.176737     0.000000
2453642.655828 -0.051044 0.176795     0.000000
2453642.655955 -0.050917 0.176852     0.000000
2453642.656082 -0.050790 0.176909     0.000000
2453642.656210 -0.050663 0.176967     0.000000
2453642.656337 -0.050535 0.177024     0.000000
2453642.656464 -0.050408 0.177081     0.000000
2453642.656591 -0.050281 0.177139     0.000000
2453642.656718 -0.050154 0.177196     0.000000
2453642.656845 -0.050027 0.177253     0.000000
2453642.656973 -0.049899 0.177311     0.000000
2453642.657100 -0.049772 0.177368     0.000000
2453642.657227 -0.049645 0.177425     0.000000
2453642.657354 -0.049518 0.177483     0.000000
2453642.657481 -0.049391 0.177540     0.000000
2453642.657609 -0.049263 0.177597     0.000000
2453642.657736 -0.049136 0.177655     0.000000
2453642.657863 -0.049009 0.177712     0.000000
2453642.657990 -0.048882 0.177769     0.000000
2453642.658117 -0.048755 0.177827     0.000000
2453642.658245 -0.048627 0.177884     0.000000
2453642.658372 -0.048500 0.177941     0.000000
2453642.658499 -0.048373 0.177999     0.000000
2453642.658626 -0.048246 0.178056     0.000000
2453642.658753 -0.048119 0.178113     0.000000
2453642.658881 -0.047991 0.178171     0.000000
2453642.659008 -0.047864 0.178228     0.000000
2453642.659135 -0.047737 0.178285     0.000000
2453642.659262 -0.047610 0.178343     0.000000
2453642.659389 -0.047483 0.178400     0.000000
2453642.659517 -0.047355 0.178457     0.000000
2453642.659644 -0.047228 0.178515     0.000000
2453642.659771 -0.047101 0.178572     0.000000
2453642.659898 -0.046974 0.178629     0.000000
2453642.660025 -0.046847 0.178687     0.000000
2453642.660153 -0.046719 0.178744     0.000000
2453642.660280 -0.046592 0.178801     0.000000
2453642.660407 -0.046465 0.178859     0.000000
2453642.660534 -0.046338 0.178916     0.000000
2453642.660661 -0.046211 0.178973     0.000000
2453642.660789 -0.046083 0.179031     0.000000
2453642.660916 -0.045956 0.179088     0.000000
2453642.661043 -0.045829 0.179145     0.000000
2453642.661170 -0.045702 0.179203     0.000000
2453642.661297 -0.045575 0.179260     0.000000
2453642.661425 -0.045448 0.179317     0.000000
2453642.661552 -0.045320 0.179375     0.000000
2453642.661679 -0.045193 0.179432     0.000000
2453642.661806 -0.045066 0.179489     0.000000
2453642.661933 -0.044939 0.179547     0.000000
2453642.662060 -0.044812 0.179604     0.000000
2453642.662188 -0.044684 0.179661     0.000000
2453642.662315 -0.044557 0.179719     0.000000
2453642.662442 -0.044430 0.179776     0.000000
2453642.662569 -0.044303 0.179833     0.000000
2453642.662696 -0.044176 0.179891     0.000000
2453642.662824 -0.044048 0.179948     0.000000
2453642.662951 -0.043921 0.180005     0.000000
2453642.663078 -0.043794 0.180063     0.000000
2453642.663205 -0.043667 0.180120     0.000000
2453642.663332 -0.043540 0.180177     0.000000
2453642.663460 -0.043412 0.180235     0.000000
2453642.663587 -0.043285 0.180292     0.000000
2453642.663714 -0.043158 0.180349     0.000000
2453642.663841 -0.043031 0.180407     0.000000
2453642.663968 -0.042904 0.180464     0.000000
2453642.664096 -0.042776 0.180521     0.000000
2453642.664223 -0.042649 0.180579     0.000000
2453642.664350 -0.042522 0.180636     0.000000
2453642.664477 -0.042395 0.180693     0.000000
2453642.664604 -0.042268 0.180751     0.000000
2453642.664732 -0.042140 0.180808     0.000000
2453642.664859 -0.042013 0.180865     0.000000
2453642.664986 -0.041886 0.180923     0.000000
2453642.665113 -0.041759 0.180980     0.000000
2453642.665240 -0.041632 0.181037     0.000000
2453642.665368 -0.041504 0.181095     0.000000
2453642.665495 -0.041377 0.181152     0.000000
2453642.665622 -0.041250 0.181209     0.000000
2453642.665749 -0.041123 0.181267     0.000000
2453642.665876 -0.040996 0.181324     0.000000
2453642.666004 -0.040868 0.181381     0.000000
2453642.666131 -0.040741 0.181439     0.000000
2453642.666258 -0.040614 0.181496     0.000000
2453642.666385 -0.040487 0.181553     0.000000
2453642.666512 -0.040360 0.181611     0.000000
2453642.666640 -0.040232 0.181668     0.000000
2453642.666767 -0.040105 0.181725     0.000000
2453642.666894 -0.039978 0.181783     0.000000
2453642.667021 -0.039851 0.181840     0.000000
2453642.667148 -0.039724 0.181897     0.000000
2453642.667276 -0.039597 0.181955     0.000000
2453642.667403 -0.039469 0.182012     0.000000
2453642.667530 -0.039342 0.182069     0.000000
2453642.667657 -0.039215 0.182127     0.000000
2453642.667784 -0.039088 0.182184     0.000000
2453642.667911 -0.038961 0.182241     0.000000
2453642.668039 -0.038833 0.182299     0.000000
2453642.668166 -0.038706 0.182356     0.000000
2453642.668293 -0.038579 0.182413     0.000000
2453642.668420 -0.038452 0.182471     0.000000
2453642.668547 -0.038325 0.182528     0.000000
2453642.668675 -0.038197 0.182585     0.000000
2453642.668802 -0.038070 0.182643     0.000000
2453642.668929 -0.037943 0.182700     0.000000
2453642.669056 -0.037816 0.182757    -0.000002
2453642.669183 -0.037689 0.182815    -0.000028
2453642.669311 -0.037561 0.182872    -0.000055
2453642.669438 -0.037434 0.182929    -0.000097
2453642.669565 -0.037307 0.182987    -0.000147
2453642.669692 -0.037180 0.183044    -0.000203
2453642.669819 -0.037053 0.183101    -0.000268
2453642.669947 -0.036925 0.183159    -0.000335
2453642.670074 -0.036798 0.183216    -0.000413
2453642.670201 -0.036671 0.183273    -0.000491
2453642.670328 -0.036544 0.183331    -0.000579
2453642.670455 -0.036417 0.183388    -0.000669
2453642.670583 -0.036289 0.183445    -0.000765
2453642.670710 -0.036162 0.183503    -0.000865
2453642.670837 -0.036035 0.183560    -0.000968
2453642.670964 -0.035908 0.183617    -0.001078
2453642.671091 -0.035781 0.183675    -0.001187
2453642.671219 -0.035653 0.183732    -0.001306
2453642.671346 -0.035526 0.183789    -0.001424
2453642.671473 -0.035399 0.183847    -0.001548
2453642.671600 -0.035272 0.183904    -0.001675
2453642.671727 -0.035145 0.183961    -0.001804
2453642.671855 -0.035017 0.184019    -0.001938
2453642.671982 -0.034890 0.184076    -0.002072
2453642.672109 -0.034763 0.184133    -0.002214
2453642.672236 -0.034636 0.184191    -0.002355
2453642.672363 -0.034509 0.184248    -0.002501
2453642.672491 -0.034382 0.184305    -0.002649
2453642.672618 -0.034254 0.184363    -0.002798
2453642.672745 -0.034127 0.184420    -0.002953
2453642.672872 -0.034000 0.184477    -0.003107
2453642.672999 -0.033873 0.184535    -0.003266
2453642.673126 -0.033746 0.184592    -0.003426
2453642.673254 -0.033618 0.184649    -0.003589
2453642.673381 -0.033491 0.184707    -0.003755
2453642.673508 -0.033364 0.184764    -0.003921
2453642.673635 -0.033237 0.184821    -0.004092
2453642.673762 -0.033110 0.184879    -0.004262
2453642.673890 -0.032982 0.184936    -0.004436
2453642.674017 -0.032855 0.184993    -0.004611
2453642.674144 -0.032728 0.185051    -0.004788
2453642.674271 -0.032601 0.185108    -0.004967
2453642.674398 -0.032474 0.185165    -0.005147
2453642.674526 -0.032346 0.185223    -0.005330
2453642.674653 -0.032219 0.185280    -0.005513
2453642.674780 -0.032092 0.185337    -0.005699
2453642.674907 -0.031965 0.185395    -0.005886
2453642.675034 -0.031838 0.185452    -0.006074
2453642.675162 -0.031710 0.185509    -0.006264
2453642.675289 -0.031583 0.185567    -0.006454
2453642.675416 -0.031456 0.185624    -0.006647
2453642.675543 -0.031329 0.185681    -0.006840
2453642.675670 -0.031202 0.185739    -0.007035
2453642.675798 -0.031074 0.185796    -0.007231
2453642.675925 -0.030947 0.185853    -0.007427
2453642.676052 -0.030820 0.185911    -0.007625
2453642.676179 -0.030693 0.185968    -0.007823
2453642.676306 -0.030566 0.186025    -0.008023
2453642.676434 -0.030438 0.186083    -0.008223
2453642.676561 -0.030311 0.186140    -0.008424
2453642.676688 -0.030184 0.186197    -0.008626
2453642.676815 -0.030057 0.186255    -0.008828
2453642.676942 -0.029930 0.186312    -0.009031
2453642.677070 -0.029802 0.186369    -0.009234
2453642.677197 -0.029675 0.186427    -0.009438
2453642.677324 -0.029548 0.186484    -0.009643
2453642.677451 -0.029421 0.186541    -0.009847
2453642.677578 -0.029294 0.186599    -0.010053
2453642.677706 -0.029167 0.186656    -0.010258
2453642.677833 -0.029039 0.186713    -0.010464
2453642.677960 -0.028912 0.186771    -0.010670
2453642.678087 -0.028785 0.186828    -0.010876
2453642.678214 -0.028658 0.186885    -0.011082
2453642.678342 -0.028531 0.186943    -0.011288
2453642.678469 -0.028403 0.187000    -0.011494
2453642.678596 -0.028276 0.187057    -0.011701
2453642.678723 -0.028149 0.187115    -0.011907
2453642.678850 -0.028022 0.187172    -0.012112
2453642.678977 -0.027895 0.187229    -0.012318
2453642.679105 -0.027767 0.187287    -0.012523
2453642.679232 -0.027640 0.187344    -0.012728
2453642.679359 -0.027513 0.187401    -0.012933
2453642.679486 -0.027386 0.187459    -0.013137
2453642.679613 -0.027259 0.187516    -0.013341
2453642.679741 -0.027131 0.187573    -0.013544
2453642.679868 -0.027004 0.187631    -0.013746
2453642.679995 -0.026877 0.187688    -0.013948
2453642.680122 -0.026750 0.187745    -0.014149
2453642.680249 -0.026623 0.187803    -0.014350
2453642.680377 -0.026495 0.187860    -0.014550
2453642.680504 -0.026368 0.187917    -0.014748
2453642.680631 -0.026241 0.187975    -0.014946
2453642.680758 -0.026114 0.188032    -0.015143
2453642.680885 -0.025987 0.188089    -0.015339
2453642.681013 -0.025859 0.188147    -0.015533
2453642.681140 -0.025732 0.188204    -0.015727
2453642.681267 -0.025605 0.188261    -0.015919
2453642.681394 -0.025478 0.188319    -0.016111
2453642.681521 -0.025351 0.188376    -0.016300
2453642.681649 -0.025223 0.188433    -0.016488
2453642.681776 -0.025096 0.188491    -0.016676
2453642.681903 -0.024969 0.188548    -0.016860
2453642.682030 -0.024842 0.188605    -0.017045
2453642.682157 -0.024715 0.188663    -0.017227
2453642.682285 -0.024587 0.188720    -0.017407
2453642.682412 -0.024460 0.188777    -0.017586
2453642.682539 -0.024333 0.188835    -0.017762
2453642.682666 -0.024206 0.188892    -0.017937
2453642.682793 -0.024079 0.188949    -0.018111
2453642.682921 -0.023951 0.189007    -0.018280
2453642.683048 -0.023824 0.189064    -0.018449
2453642.683175 -0.023697 0.189121    -0.018616
2453642.683302 -0.023570 0.189179    -0.018778
2453642.683429 -0.023443 0.189236    -0.018941
2453642.683557 -0.023316 0.189293    -0.019099
2453642.683684 -0.023188 0.189350    -0.019255
2453642.683811 -0.023061 0.189408    -0.019410
2453642.683938 -0.022934 0.189465    -0.019559
2453642.684065 -0.022807 0.189522    -0.019706
2453642.684192 -0.022680 0.189580    -0.019853
2453642.684320 -0.022552 0.189637    -0.019992
2453642.684447 -0.022425 0.189694    -0.020129
2453642.684574 -0.022298 0.189752    -0.020266
2453642.684701 -0.022171 0.189809    -0.020393
2453642.684828 -0.022044 0.189866    -0.020519
2453642.684956 -0.021916 0.189924    -0.020643
2453642.685083 -0.021789 0.189981    -0.020756
2453642.685210 -0.021662 0.190038    -0.020869
2453642.685337 -0.021535 0.190096    -0.020977
2453642.685464 -0.021408 0.190153    -0.021071
2453642.685592 -0.021280 0.190210    -0.021165
2453642.685719 -0.021153 0.190268    -0.021248
2453642.685846 -0.021026 0.190325    -0.021314
2453642.685973 -0.020899 0.190382    -0.021379
2453642.686100 -0.020772 0.190440    -0.021441
2453642.686228 -0.020644 0.190497    -0.021500
2453642.686355 -0.020517 0.190554    -0.021558
2453642.686482 -0.020390 0.190612    -0.021615
2453642.686609 -0.020263 0.190669    -0.021669
2453642.686736 -0.020136 0.190726    -0.021724
2453642.686864 -0.020008 0.190784    -0.021777
2453642.686991 -0.019881 0.190841    -0.021829
2453642.687118 -0.019754 0.190898    -0.021881
2453642.687245 -0.019627 0.190956    -0.021932
2453642.687372 -0.019500 0.191013    -0.021981
2453642.687500 -0.019372 0.191070    -0.022029
2453642.687627 -0.019245 0.191128    -0.022078
2453642.687754 -0.019118 0.191185    -0.022125
2453642.687881 -0.018991 0.191242    -0.022171
2453642.688008 -0.018864 0.191300    -0.022217
2453642.688136 -0.018736 0.191357    -0.022262
2453642.688263 -0.018609 0.191414    -0.022306
2453642.688390 -0.018482 0.191472    -0.022350
2453642.688517 -0.018355 0.191529    -0.022393
2453642.688644 -0.018228 0.191586    -0.022435
2453642.688772 -0.018101 0.191644    -0.022477
2453642.688899 -0.017973 0.191701    -0.022518
2453642.689026 -0.017846 0.191758    -0.022558
2453642.689153 -0.017719 0.191816    -0.022598
2453642.689280 -0.017592 0.191873    -0.022638
2453642.689407 -0.017465 0.191930    -0.022677
2453642.689535 -0.017337 0.191988    -0.022715
2453642.689662 -0.017210 0.192045    -0.022753
2453642.689789 -0.017083 0.192102    -0.022790
2453642.689916 -0.016956 0.192160    -0.022827
2453642.690043 -0.016829 0.192217    -0.022863
2453642.690171 -0.016701 0.192274    -0.022899
2453642.690298 -0.016574 0.192332    -0.022934
2453642.690425 -0.016447 0.192389    -0.022969
2453642.690552 -0.016320 0.192446    -0.023004
2453642.690679 -0.016193 0.192504    -0.023037
2453642.690807 -0.016065 0.192561    -0.023071
2453642.690934 -0.015938 0.192618    -0.023104
2453642.691061 -0.015811 0.192676    -0.023136
2453642.691188 -0.015684 0.192733    -0.023168
2453642.691315 -0.015557 0.192790    -0.023200
2453642.691443 -0.015429 0.192848    -0.023232
2453642.691570 -0.015302 0.192905    -0.023262
2453642.691697 -0.015175 0.192962    -0.023293
2453642.691824 -0.015048 0.193020    -0.023323
2453642.691951 -0.014921 0.193077    -0.023353
2453642.692079 -0.014793 0.193134    -0.023382
2453642.692206 -0.014666 0.193192    -0.023411
2453642.692333 -0.014539 0.193249    -0.023439
2453642.692460 -0.014412 0.193306    -0.023468
2453642.692587 -0.014285 0.193364    -0.023495
2453642.692715 -0.014157 0.193421    -0.023523
2453642.692842 -0.014030 0.193478    -0.023550
2453642.692969 -0.013903 0.193536    -0.023577
2453642.693096 -0.013776 0.193593    -0.023603
2453642.693223 -0.013649 0.193650    -0.023629
2453642.693351 -0.013521 0.193708    -0.023655
2453642.693478 -0.013394 0.193765    -0.023680
2453642.693605 -0.013267 0.193822    -0.023705
2453642.693732 -0.013140 0.193880    -0.023729
2453642.693859 -0.013013 0.193937    -0.023754
2453642.693987 -0.012885 0.193994    -0.023778
2453642.694114 -0.012758 0.194052    -0.023802
2453642.694241 -0.012631 0.194109    -0.023825
2453642.694368 -0.012504 0.194166    -0.023848
2453642.694495 -0.012377 0.194224    -0.023871
2453642.694623 -0.012250 0.194281    -0.023893
2453642.694750 -0.012122 0.194338    -0.023915
2453642.694877 -0.011995 0.194396    -0.023937
2453642.695004 -0.011868 0.194453    -0.023959
2453642.695131 -0.011741 0.194510    -0.023980
2453642.695258 -0.011614 0.194568    -0.024001
2453642.695386 -0.011486 0.194625    -0.024022
2453642.695513 -0.011359 0.194682    -0.024042
2453642.695640 -0.011232 0.194740    -0.024062
2453642.695767 -0.011105 0.194797    -0.024082
2453642.695894 -0.010978 0.194854    -0.024101
2453642.696022 -0.010850 0.194912    -0.024121
2453642.696149 -0.010723 0.194969    -0.024140
2453642.696276 -0.010596 0.195026    -0.024158
2453642.696403 -0.010469 0.195084    -0.024177
2453642.696530 -0.010342 0.195141    -0.024195
2453642.696658 -0.010214 0.195198    -0.024213
2453642.696785 -0.010087 0.195256    -0.024230
2453642.696912 -0.009960 0.195313    -0.024248
2453642.697039 -0.009833 0.195370    -0.024265
2453642.697166 -0.009706 0.195428    -0.024282
2453642.697294 -0.009578 0.195485    -0.024298
2453642.697421 -0.009451 0.195542    -0.024314
2453642.697548 -0.009324 0.195600    -0.024331
2453642.697675 -0.009197 0.195657    -0.024346
2453642.697802 -0.009070 0.195714    -0.024362
2453642.697930 -0.008942 0.195772    -0.024377
2453642.698057 -0.008815 0.195829    -0.024392
2453642.698184 -0.008688 0.195886    -0.024407
2453642.698311 -0.008561 0.195944    -0.024422
2453642.698438 -0.008434 0.196001    -0.024436
2453642.698566 -0.008306 0.196058    -0.024450
2453642.698693 -0.008179 0.196116    -0.024464
2453642.698820 -0.008052 0.196173    -0.024477
2453642.698947 -0.007925 0.196230    -0.024491
2453642.699074 -0.007798 0.196288    -0.024504
2453642.699202 -0.007670 0.196345    -0.024517
2453642.699329 -0.007543 0.196402    -0.024529
2453642.699456 -0.007416 0.196460    -0.024542
2453642.699583 -0.007289 0.196517    -0.024554
2453642.699710 -0.007162 0.196574    -0.024566
2453642.699838 -0.007035 0.196632    -0.024578
2453642.699965 -0.006907 0.196689    -0.024589
2453642.700092 -0.006780 0.196746    -0.024600
2453642.700219 -0.006653 0.196804    -0.024611
2453642.700346 -0.006526 0.196861    -0.024622
2453642.700473 -0.006399 0.196918    -0.024633
2453642.700601 -0.006271 0.196976    -0.024643
2453642.700728 -0.006144 0.197033    -0.024653
2453642.700855 -0.006017 0.197090    -0.024663
2453642.700982 -0.005890 0.197148    -0.024673
2453642.701109 -0.005763 0.197205    -0.024682
2453642.701237 -0.005635 0.197262    -0.024692
2453642.701364 -0.005508 0.197320    -0.024701
2453642.701491 -0.005381 0.197377    -0.024709
2453642.701618 -0.005254 0.197434    -0.024718
2453642.701745 -0.005127 0.197492    -0.024726
2453642.701873 -0.004999 0.197549    -0.024735
2453642.702000 -0.004872 0.197606    -0.024743
2453642.702127 -0.004745 0.197664    -0.024750
2453642.702254 -0.004618 0.197721    -0.024758
2453642.702381 -0.004491 0.197778    -0.024765
2453642.702509 -0.004363 0.197836    -0.024772
2453642.702636 -0.004236 0.197893    -0.024779
2453642.702763 -0.004109 0.197950    -0.024786
2453642.702890 -0.003982 0.198008    -0.024792
2453642.703017 -0.003855 0.198065    -0.024798
2453642.703145 -0.003727 0.198122    -0.024804
2453642.703272 -0.003600 0.198180    -0.024810
2453642.703399 -0.003473 0.198237    -0.024816
2453642.703526 -0.003346 0.198294    -0.024821
2453642.703653 -0.003219 0.198352    -0.024827
2453642.703781 -0.003091 0.198409    -0.024832
2453642.703908 -0.002964 0.198466    -0.024837
2453642.704035 -0.002837 0.198524    -0.024841
2453642.704162 -0.002710 0.198581    -0.024846
2453642.704289 -0.002583 0.198638    -0.024850
2453642.704417 -0.002455 0.198696    -0.024854
2453642.704544 -0.002328 0.198753    -0.024857
2453642.704671 -0.002201 0.198810    -0.024861
2453642.704798 -0.002074 0.198868    -0.024864
2453642.704925 -0.001947 0.198925    -0.024868
2453642.705053 -0.001819 0.198982    -0.024871
2453642.705180 -0.001692 0.199040    -0.024873
2453642.705307 -0.001565 0.199097    -0.024876
2453642.705434 -0.001438 0.199154    -0.024878
2453642.705561 -0.001311 0.199212    -0.024880
2453642.705689 -0.001184 0.199269    -0.024882
2453642.705816 -0.001056 0.199326    -0.024884
2453642.705943 -0.000929 0.199384    -0.024886
2453642.706070 -0.000802 0.199441    -0.024887
2453642.706197 -0.000675 0.199498    -0.024888
2453642.706324 -0.000548 0.199556    -0.024889
2453642.706452 -0.000420 0.199613    -0.024890
2453642.706579 -0.000293 0.199670    -0.024891
2453642.706706 -0.000166 0.199728    -0.024891
2453642.706833 -0.000039 0.199785    -0.024891
2453642.706960 0.000088 0.199842    -0.024891
2453642.707088 0.000216 0.199900    -0.024891
2453642.707215 0.000343 0.199957    -0.024890
2453642.707342 0.000470 0.200014    -0.024890
2453642.707469 0.000597 0.200072    -0.024889
2453642.707596 0.000724 0.200129    -0.024888
2453642.707724 0.000852 0.200186    -0.024886
2453642.707851 0.000979 0.200244    -0.024885
2453642.707978 0.001106 0.200301    -0.024883
2453642.708105 0.001233 0.200358    -0.024881
2453642.708232 0.001360 0.200416    -0.024879
2453642.708360 0.001488 0.200473    -0.024877
2453642.708487 0.001615 0.200530    -0.024875
2453642.708614 0.001742 0.200588    -0.024872
2453642.708741 0.001869 0.200645    -0.024869
2453642.708868 0.001996 0.200702    -0.024866
2453642.708996 0.002124 0.200760    -0.024863
2453642.709123 0.002251 0.200817    -0.024859
2453642.709250 0.002378 0.200874    -0.024856
2453642.709377 0.002505 0.200932    -0.024852
2453642.709504 0.002632 0.200989    -0.024848
2453642.709632 0.002760 0.201046    -0.024843
2453642.709759 0.002887 0.201104    -0.024839
2453642.709886 0.003014 0.201161    -0.024834
2453642.710013 0.003141 0.201218    -0.024829
2453642.710140 0.003268 0.201276    -0.024824
2453642.710268 0.003396 0.201333    -0.024819
2453642.710395 0.003523 0.201390    -0.024813
2453642.710522 0.003650 0.201448    -0.024807
2453642.710649 0.003777 0.201505    -0.024801
2453642.710776 0.003904 0.201562    -0.024795
2453642.710904 0.004031 0.201620    -0.024789
2453642.711031 0.004159 0.201677    -0.024782
2453642.711158 0.004286 0.201734    -0.024776
2453642.711285 0.004413 0.201792    -0.024769
2453642.711412 0.004540 0.201849    -0.024762
2453642.711539 0.004667 0.201906    -0.024754
2453642.711667 0.004795 0.201964    -0.024746
2453642.711794 0.004922 0.202021    -0.024739
2453642.711921 0.005049 0.202078    -0.024730
2453642.712048 0.005176 0.202136    -0.024722
2453642.712175 0.005303 0.202193    -0.024714
2453642.712303 0.005431 0.202250    -0.024705
2453642.712430 0.005558 0.202308    -0.024696
2453642.712557 0.005685 0.202365    -0.024687
2453642.712684 0.005812 0.202422    -0.024678
2453642.712811 0.005939 0.202480    -0.024668
2453642.712939 0.006067 0.202537    -0.024658
2453642.713066 0.006194 0.202594    -0.024648
2453642.713193 0.006321 0.202652    -0.024638
2453642.713320 0.006448 0.202709    -0.024627
2453642.713447 0.006575 0.202766    -0.024617
2453642.713575 0.006703 0.202824    -0.024606
2453642.713702 0.006830 0.202881    -0.024595
2453642.713829 0.006957 0.202938    -0.024583
2453642.713956 0.007084 0.202996    -0.024572
2453642.714083 0.007211 0.203053    -0.024560
2453642.714211 0.007339 0.203110    -0.024548
2453642.714338 0.007466 0.203168    -0.024536
2453642.714465 0.007593 0.203225    -0.024523
2453642.714592 0.007720 0.203282    -0.024510
2453642.714719 0.007847 0.203340    -0.024497
2453642.714847 0.007975 0.203397    -0.024484
2453642.714974 0.008102 0.203454    -0.024471
2453642.715101 0.008229 0.203512    -0.024457
2453642.715228 0.008356 0.203569    -0.024443
2453642.715355 0.008483 0.203626    -0.024429
2453642.715483 0.008611 0.203684    -0.024414
2453642.715610 0.008738 0.203741    -0.024400
2453642.715737 0.008865 0.203798    -0.024385
2453642.715864 0.008992 0.203855    -0.024370
2453642.715991 0.009119 0.203913    -0.024354
2453642.716119 0.009247 0.203970    -0.024339
2453642.716246 0.009374 0.204027    -0.024323
2453642.716373 0.009501 0.204085    -0.024306
2453642.716500 0.009628 0.204142    -0.024290
2453642.716627 0.009755 0.204199    -0.024273
2453642.716755 0.009882 0.204257    -0.024256
2453642.716882 0.010010 0.204314    -0.024239
2453642.717009 0.010137 0.204371    -0.024222
2453642.717136 0.010264 0.204429    -0.024204
2453642.717263 0.010391 0.204486    -0.024186
2453642.717390 0.010518 0.204543    -0.024168
2453642.717518 0.010646 0.204601    -0.024149
2453642.717645 0.010773 0.204658    -0.024130
2453642.717772 0.010900 0.204715    -0.024111
2453642.717899 0.011027 0.204773    -0.024092
2453642.718026 0.011154 0.204830    -0.024072
2453642.718154 0.011282 0.204887    -0.024052
2453642.718281 0.011409 0.204945    -0.024032
2453642.718408 0.011536 0.205002    -0.024011
2453642.718535 0.011663 0.205059    -0.023991
2453642.718662 0.011790 0.205117    -0.023970
2453642.718790 0.011918 0.205174    -0.023948
2453642.718917 0.012045 0.205231    -0.023926
2453642.719044 0.012172 0.205289    -0.023904
2453642.719171 0.012299 0.205346    -0.023882
2453642.719298 0.012426 0.205403    -0.023860
2453642.719426 0.012554 0.205461    -0.023837
2453642.719553 0.012681 0.205518    -0.023813
2453642.719680 0.012808 0.205575    -0.023790
2453642.719807 0.012935 0.205633    -0.023766
2453642.719934 0.013062 0.205690    -0.023742
2453642.720062 0.013190 0.205747    -0.023717
2453642.720189 0.013317 0.205805    -0.023692
2453642.720316 0.013444 0.205862    -0.023667
2453642.720443 0.013571 0.205919    -0.023642
2453642.720570 0.013698 0.205977    -0.023616
2453642.720698 0.013826 0.206034    -0.023590
2453642.720825 0.013953 0.206091    -0.023563
2453642.720952 0.014080 0.206149    -0.023536
2453642.721079 0.014207 0.206206    -0.023509
2453642.721206 0.014334 0.206263    -0.023481
2453642.721334 0.014462 0.206321    -0.023454
2453642.721461 0.014589 0.206378    -0.023425
2453642.721588 0.014716 0.206435    -0.023396
2453642.721715 0.014843 0.206493    -0.023367
2453642.721842 0.014970 0.206550    -0.023338
2453642.721970 0.015097 0.206607    -0.023308
2453642.722097 0.015225 0.206665    -0.023278
2453642.722224 0.015352 0.206722    -0.023247
2453642.722351 0.015479 0.206779    -0.023216
2453642.722478 0.015606 0.206837    -0.023184
2453642.722605 0.015733 0.206894    -0.023152
2453642.722733 0.015861 0.206951    -0.023120
2453642.722860 0.015988 0.207009    -0.023087
2453642.722987 0.016115 0.207066    -0.023054
2453642.723114 0.016242 0.207123    -0.023021
2453642.723241 0.016369 0.207181    -0.022986
2453642.723369 0.016497 0.207238    -0.022952
2453642.723496 0.016624 0.207295    -0.022917
2453642.723623 0.016751 0.207353    -0.022881
2453642.723750 0.016878 0.207410    -0.022845
2453642.723877 0.017005 0.207467    -0.022809
2453642.724005 0.017133 0.207525    -0.022772
2453642.724132 0.017260 0.207582    -0.022734
2453642.724259 0.017387 0.207639    -0.022696
2453642.724386 0.017514 0.207697    -0.022658
2453642.724513 0.017641 0.207754    -0.022619
2453642.724641 0.017769 0.207811    -0.022579
2453642.724768 0.017896 0.207869    -0.022538
2453642.724895 0.018023 0.207926    -0.022498
2453642.725022 0.018150 0.207983    -0.022456
2453642.725149 0.018277 0.208041    -0.022414
2453642.725277 0.018405 0.208098    -0.022372
2453642.725404 0.018532 0.208155    -0.022328
2453642.725531 0.018659 0.208213    -0.022284
2453642.725658 0.018786 0.208270    -0.022240
2453642.725785 0.018913 0.208327    -0.022194
2453642.725913 0.019041 0.208385    -0.022148
2453642.726040 0.019168 0.208442    -0.022101
2453642.726167 0.019295 0.208499    -0.022054
2453642.726294 0.019422 0.208557    -0.022005
2453642.726421 0.019549 0.208614    -0.021956
2453642.726549 0.019677 0.208671    -0.021907
2453642.726676 0.019804 0.208729    -0.021855
2453642.726803 0.019931 0.208786    -0.021803
2453642.726930 0.020058 0.208843    -0.021751
2453642.727057 0.020185 0.208901    -0.021697
2453642.727185 0.020313 0.208958    -0.021642
2453642.727312 0.020440 0.209015    -0.021587
2453642.727439 0.020567 0.209073    -0.021529
2453642.727566 0.020694 0.209130    -0.021471
2453642.727693 0.020821 0.209187    -0.021411
2453642.727821 0.020948 0.209245    -0.021346
2453642.727948 0.021076 0.209302    -0.021281
2453642.728075 0.021203 0.209359    -0.021212
2453642.728202 0.021330 0.209417    -0.021118
2453642.728329 0.021457 0.209474    -0.021024
2453642.728456 0.021584 0.209531    -0.020926
2453642.728584 0.021712 0.209589    -0.020813
2453642.728711 0.021839 0.209646    -0.020700
2453642.728838 0.021966 0.209703    -0.020583
2453642.728965 0.022093 0.209761    -0.020456
2453642.729092 0.022220 0.209818    -0.020330
2453642.729220 0.022348 0.209875    -0.020198
2453642.729347 0.022475 0.209933    -0.020061
2453642.729474 0.022602 0.209990    -0.019923
2453642.729601 0.022729 0.210047    -0.019780
2453642.729728 0.022856 0.210105    -0.019633
2453642.729856 0.022984 0.210162    -0.019486
2453642.729983 0.023111 0.210219    -0.019333
2453642.730110 0.023238 0.210277    -0.019177
2453642.730237 0.023365 0.210334    -0.019022
2453642.730364 0.023492 0.210391    -0.018860
2453642.730492 0.023620 0.210449    -0.018697
2453642.730619 0.023747 0.210506    -0.018534
2453642.730746 0.023874 0.210563    -0.018365
2453642.730873 0.024001 0.210621    -0.018196
2453642.731000 0.024128 0.210678    -0.018024
2453642.731128 0.024256 0.210735    -0.017850
2453642.731255 0.024383 0.210793    -0.017675
2453642.731382 0.024510 0.210850    -0.017497
2453642.731509 0.024637 0.210907    -0.017317
2453642.731636 0.024764 0.210965    -0.017137
2453642.731764 0.024892 0.211022    -0.016953
2453642.731891 0.025019 0.211079    -0.016769
2453642.732018 0.025146 0.211137    -0.016583
2453642.732145 0.025273 0.211194    -0.016395
2453642.732272 0.025400 0.211251    -0.016206
2453642.732400 0.025528 0.211309    -0.016015
2453642.732527 0.025655 0.211366    -0.015824
2453642.732654 0.025782 0.211423    -0.015631
2453642.732781 0.025909 0.211481    -0.015437
2453642.732908 0.026036 0.211538    -0.015241
2453642.733036 0.026163 0.211595    -0.015045
2453642.733163 0.026291 0.211653    -0.014848
2453642.733290 0.026418 0.211710    -0.014649
2453642.733417 0.026545 0.211767    -0.014450
2453642.733544 0.026672 0.211825    -0.014250
2453642.733671 0.026799 0.211882    -0.014050
2453642.733799 0.026927 0.211939    -0.013848
2453642.733926 0.027054 0.211997    -0.013646
2453642.734053 0.027181 0.212054    -0.013443
2453642.734180 0.027308 0.212111    -0.013239
2453642.734307 0.027435 0.212169    -0.013035
2453642.734435 0.027563 0.212226    -0.012831
2453642.734562 0.027690 0.212283    -0.012626
2453642.734689 0.027817 0.212341    -0.012421
2453642.734816 0.027944 0.212398    -0.012216
2453642.734943 0.028071 0.212455    -0.012010
2453642.735071 0.028199 0.212513    -0.011804
2453642.735198 0.028326 0.212570    -0.011598
2453642.735325 0.028453 0.212627    -0.011392
2453642.735452 0.028580 0.212685    -0.011186
2453642.735579 0.028707 0.212742    -0.010979
2453642.735707 0.028835 0.212799    -0.010774
2453642.735834 0.028962 0.212857    -0.010568
2453642.735961 0.029089 0.212914    -0.010361
2453642.736088 0.029216 0.212971    -0.010156
2453642.736215 0.029343 0.213029    -0.009951
2453642.736343 0.029471 0.213086    -0.009746
2453642.736470 0.029598 0.213143    -0.009541
2453642.736597 0.029725 0.213201    -0.009337
2453642.736724 0.029852 0.213258    -0.009133
2453642.736851 0.029979 0.213315    -0.008929
2453642.736979 0.030107 0.213373    -0.008727
2453642.737106 0.030234 0.213430    -0.008525
2453642.737233 0.030361 0.213487    -0.008324
2453642.737360 0.030488 0.213545    -0.008123
2453642.737487 0.030615 0.213602    -0.007923
2453642.737615 0.030743 0.213659    -0.007725
2453642.737742 0.030870 0.213717    -0.007526
2453642.737869 0.030997 0.213774    -0.007329
2453642.737996 0.031124 0.213831    -0.007133
2453642.738123 0.031251 0.213889    -0.006937
2453642.738251 0.031379 0.213946    -0.006744
2453642.738378 0.031506 0.214003    -0.006551
2453642.738505 0.031633 0.214061    -0.006360
2453642.738632 0.031760 0.214118    -0.006169
2453642.738759 0.031887 0.214175    -0.005980
2453642.738887 0.032014 0.214233    -0.005793
2453642.739014 0.032142 0.214290    -0.005606
2453642.739141 0.032269 0.214347    -0.005422
2453642.739268 0.032396 0.214405    -0.005239
2453642.739395 0.032523 0.214462    -0.005057
2453642.739522 0.032650 0.214519    -0.004878
2453642.739650 0.032778 0.214577    -0.004699
2453642.739777 0.032905 0.214634    -0.004524
2453642.739904 0.033032 0.214691    -0.004349
2453642.740031 0.033159 0.214749    -0.004177
2453642.740158 0.033286 0.214806    -0.004007
2453642.740286 0.033414 0.214863    -0.003838
2453642.740413 0.033541 0.214921    -0.003672
2453642.740540 0.033668 0.214978    -0.003507
2453642.740667 0.033795 0.215035    -0.003347
2453642.740794 0.033922 0.215093    -0.003187
2453642.740922 0.034050 0.215150    -0.003030
2453642.741049 0.034177 0.215207    -0.002876
2453642.741176 0.034304 0.215265    -0.002723
2453642.741303 0.034431 0.215322    -0.002575
2453642.741430 0.034558 0.215379    -0.002427
2453642.741558 0.034686 0.215437    -0.002285
2453642.741685 0.034813 0.215494    -0.002143
2453642.741812 0.034940 0.215551    -0.002005
2453642.741939 0.035067 0.215609    -0.001871
2453642.742066 0.035194 0.215666    -0.001738
2453642.742194 0.035322 0.215723    -0.001611
2453642.742321 0.035449 0.215781    -0.001485
2453642.742448 0.035576 0.215838    -0.001365
2453642.742575 0.035703 0.215895    -0.001246
2453642.742702 0.035830 0.215953    -0.001133
2453642.742830 0.035958 0.216010    -0.001023
2453642.742957 0.036085 0.216067    -0.000916
2453642.743084 0.036212 0.216125    -0.000815
2453642.743211 0.036339 0.216182    -0.000715
2453642.743338 0.036466 0.216239    -0.000625
2453642.743466 0.036594 0.216297    -0.000535
2453642.743593 0.036721 0.216354    -0.000452
2453642.743720 0.036848 0.216411    -0.000374
2453642.743847 0.036975 0.216469    -0.000301
2453642.743974 0.037102 0.216526    -0.000235
2453642.744102 0.037229 0.216583    -0.000172
2453642.744229 0.037357 0.216641    -0.000122
2453642.744356 0.037484 0.216698    -0.000073
2453642.744483 0.037611 0.216755    -0.000042
2453642.744610 0.037738 0.216813    -0.000014
2453642.744737 0.037865 0.216870     0.000000
2453642.744865 0.037993 0.216927     0.000000
2453642.744992 0.038120 0.216985     0.000000
2453642.745119 0.038247 0.217042     0.000000
2453642.745246 0.038374 0.217099     0.000000
2453642.745373 0.038501 0.217157     0.000000
2453642.745501 0.038629 0.217214     0.000000
2453642.745628 0.038756 0.217271     0.000000
2453642.745755 0.038883 0.217329     0.000000
2453642.745882 0.039010 0.217386     0.000000
2453642.746009 0.039137 0.217443     0.000000
2453642.746137 0.039265 0.217501     0.000000
2453642.746264 0.039392 0.217558     0.000000
2453642.746391 0.039519 0.217615     0.000000
2453642.746518 0.039646 0.217673     0.000000
2453642.746645 0.039773 0.217730     0.000000
2453642.746773 0.039901 0.217787     0.000000
2453642.746900 0.040028 0.217845     0.000000
2453642.747027 0.040155 0.217902     0.000000
2453642.747154 0.040282 0.217959     0.000000
2453642.747281 0.040409 0.218017     0.000000
2453642.747409 0.040537 0.218074     0.000000
2453642.747536 0.040664 0.218131     0.000000
2453642.747663 0.040791 0.218189     0.000000
2453642.747790 0.040918 0.218246     0.000000
2453642.747917 0.041045 0.218303     0.000000
2453642.748045 0.041173 0.218361     0.000000
2453642.748172 0.041300 0.218418     0.000000
2453642.748299 0.041427 0.218475     0.000000
2453642.748426 0.041554 0.218532     0.000000
2453642.748553 0.041681 0.218590     0.000000
2453642.748681 0.041809 0.218647     0.000000
2453642.748808 0.041936 0.218704     0.000000
2453642.748935 0.042063 0.218762     0.000000
2453642.749062 0.042190 0.218819     0.000000
2453642.749189 0.042317 0.218876     0.000000
2453642.749317 0.042444 0.218934     0.000000
2453642.749444 0.042572 0.218991     0.000000
2453642.749571 0.042699 0.219048     0.000000
2453642.749698 0.042826 0.219106     0.000000
2453642.749825 0.042953 0.219163     0.000000
2453642.749952 0.043080 0.219220     0.000000
2453642.750080 0.043208 0.219278     0.000000
2453642.750207 0.043335 0.219335     0.000000
2453642.750334 0.043462 0.219392     0.000000
2453642.750461 0.043589 0.219450     0.000000
2453642.750588 0.043716 0.219507     0.000000
2453642.750716 0.043844 0.219564     0.000000
2453642.750843 0.043971 0.219622     0.000000
2453642.750970 0.044098 0.219679     0.000000
2453642.751097 0.044225 0.219736     0.000000
2453642.751224 0.044352 0.219794     0.000000
2453642.751352 0.044480 0.219851     0.000000
2453642.751479 0.044607 0.219908     0.000000
2453642.751606 0.044734 0.219966     0.000000
2453642.751733 0.044861 0.220023     0.000000
2453642.751860 0.044988 0.220080     0.000000
2453642.751988 0.045116 0.220138     0.000000
2453642.752115 0.045243 0.220195     0.000000
2453642.752242 0.045370 0.220252     0.000000
2453642.752369 0.045497 0.220310     0.000000
2453642.752496 0.045624 0.220367     0.000000
2453642.752624 0.045752 0.220424     0.000000
2453642.752751 0.045879 0.220482     0.000000
2453642.752878 0.046006 0.220539     0.000000
2453642.753005 0.046133 0.220596     0.000000
2453642.753132 0.046260 0.220654     0.000000
2453642.753260 0.046388 0.220711     0.000000
2453642.753387 0.046515 0.220768     0.000000
2453642.753514 0.046642 0.220826     0.000000
2453642.753641 0.046769 0.220883     0.000000
2453642.753768 0.046896 0.220940     0.000000
2453642.753896 0.047024 0.220998     0.000000
2453642.754023 0.047151 0.221055     0.000000
2453642.754150 0.047278 0.221112     0.000000
2453642.754277 0.047405 0.221170     0.000000
2453642.754404 0.047532 0.221227     0.000000
2453642.754532 0.047660 0.221284     0.000000
2453642.754659 0.047787 0.221342     0.000000
2453642.754786 0.047914 0.221399     0.000000
2453642.754913 0.048041 0.221456     0.000000
2453642.755040 0.048168 0.221514     0.000000
2453642.755168 0.048295 0.221571     0.000000
2453642.755295 0.048423 0.221628     0.000000
2453642.755422 0.048550 0.221686     0.000000
2453642.755549 0.048677 0.221743     0.000000
2453642.755676 0.048804 0.221800     0.000000
2453642.755803 0.048931 0.221858     0.000000
2453642.755931 0.049059 0.221915     0.000000
2453642.756058 0.049186 0.221972     0.000000
2453642.756185 0.049313 0.222030     0.000000
2453642.756312 0.049440 0.222087     0.000000
2453642.756439 0.049567 0.222144     0.000000
2453642.756567 0.049695 0.222202     0.000000
2453642.756694 0.049822 0.222259     0.000000
2453642.756821 0.049949 0.222316     0.000000
2453642.756948 0.050076 0.222374     0.000000
2453642.757075 0.050203 0.222431     0.000000
2453642.757203 0.050331 0.222488     0.000000
2453642.757330 0.050458 0.222546     0.000000
2453642.757457 0.050585 0.222603     0.000000
2453642.757584 0.050712 0.222660     0.000000
2453642.757711 0.050839 0.222718     0.000000
2453642.757839 0.050967 0.222775     0.000000
2453642.757966 0.051094 0.222832     0.000000
2453642.758093 0.051221 0.222890     0.000000
2453642.758220 0.051348 0.222947     0.000000
2453642.758347 0.051475 0.223004     0.000000
2453642.758475 0.051603 0.223062     0.000000
2453642.758602 0.051730 0.223119     0.000000
2453642.758729 0.051857 0.223176     0.000000
2453642.758856 0.051984 0.223234     0.000000
2453642.758983 0.052111 0.223291     0.000000
2453642.759111 0.052239 0.223348     0.000000
2453642.759238 0.052366 0.223406     0.000000
2453642.759365 0.052493 0.223463     0.000000
2453642.759492 0.052620 0.223520     0.000000
2453642.759619 0.052747 0.223578     0.000000
2453642.759747 0.052875 0.223635     0.000000
2453642.759874 0.053002 0.223692     0.000000
2453642.760001 0.053129 0.223750     0.000000
2453642.760128 0.053256 0.223807     0.000000
2453642.760255 0.053383 0.223864     0.000000
2453642.760383 0.053510 0.223922     0.000000
2453642.760510 0.053638 0.223979     0.000000
2453642.760637 0.053765 0.224036     0.000000
2453642.760764 0.053892 0.224094     0.000000
2453642.760891 0.054019 0.224151     0.000000
2453642.761018 0.054146 0.224208     0.000000
2453642.761146 0.054274 0.224266     0.000000
2453642.761273 0.054401 0.224323     0.000000
2453642.761400 0.054528 0.224380     0.000000
2453642.761527 0.054655 0.224438     0.000000
2453642.761654 0.054782 0.224495     0.000000
2453642.761782 0.054910 0.224552     0.000000
2453642.761909 0.055037 0.224610     0.000000
2453642.762036 0.055164 0.224667     0.000000
2453642.762163 0.055291 0.224724     0.000000
2453642.762290 0.055418 0.224782     0.000000
2453642.762418 0.055546 0.224839     0.000000
2453642.762545 0.055673 0.224896     0.000000
2453642.762672 0.055800 0.224954     0.000000
2453642.762799 0.055927 0.225011     0.000000
2453642.762926 0.056054 0.225068     0.000000
2453642.763054 0.056182 0.225126     0.000000
2453642.763181 0.056309 0.225183     0.000000
2453642.763308 0.056436 0.225240     0.000000
2453642.763435 0.056563 0.225298     0.000000
2453642.763562 0.056690 0.225355     0.000000
2453642.763690 0.056818 0.225412     0.000000
2453642.763817 0.056945 0.225470     0.000000
2453642.763944 0.057072 0.225527     0.000000
2453642.764071 0.057199 0.225584     0.000000
2453642.764198 0.057326 0.225642     0.000000
2453642.764326 0.057454 0.225699     0.000000
2453642.764453 0.057581 0.225756     0.000000
2453642.764580 0.057708 0.225814     0.000000
2453642.764707 0.057835 0.225871     0.000000
2453642.764834 0.057962 0.225928     0.000000
2453642.764962 0.058090 0.225986     0.000000
2453642.765089 0.058217 0.226043     0.000000
2453642.765216 0.058344 0.226100     0.000000
2453642.765343 0.058471 0.226158     0.000000
2453642.765470 0.058598 0.226215     0.000000
2453642.765598 0.058726 0.226272     0.000000
2453642.765725 0.058853 0.226330     0.000000
2453642.765852 0.058980 0.226387     0.000000
2453642.765979 0.059107 0.226444     0.000000
2453642.766106 0.059234 0.226502     0.000000
2453642.766234 0.059361 0.226559     0.000000
2453642.766361 0.059489 0.226616     0.000000
2453642.766488 0.059616 0.226674     0.000000
2453642.766615 0.059743 0.226731     0.000000
2453642.766742 0.059870 0.226788     0.000000
2453642.766869 0.059997 0.226846     0.000000
2453642.766997 0.060125 0.226903     0.000000
2453642.767124 0.060252 0.226960     0.000000
2453642.767251 0.060379 0.227018     0.000000
2453642.767378 0.060506 0.227075     0.000000
2453642.767505 0.060633 0.227132     0.000000
2453642.767633 0.060761 0.227190     0.000000
2453642.767760 0.060888 0.227247     0.000000
2453642.767887 0.061015 0.227304     0.000000
2453642.768014 0.061142 0.227362     0.000000
2453642.768141 0.061269 0.227419     0.000000
2453642.768269 0.061397 0.227476     0.000000
2453642.768396 0.061524 0.227534     0.000000
2453642.768523 0.061651 0.227591     0.000000
2453642.768650 0.061778 0.227648     0.000000
2453642.768777 0.061905 0.227706     0.000000
2453642.768905 0.062033 0.227763     0.000000
2453642.769032 0.062160 0.227820     0.000000
2453642.769159 0.062287 0.227878     0.000000
2453642.769286 0.062414 0.227935     0.000000
2453642.769413 0.062541 0.227992     0.000000
2453642.769541 0.062669 0.228050     0.000000
2453642.769668 0.062796 0.228107     0.000000
2453642.769795 0.062923 0.228164     0.000000
2453642.769922 0.063050 0.228222     0.000000
2453642.770049 0.063177 0.228279     0.000000
2453642.770177 0.063305 0.228336     0.000000
2453642.770304 0.063432 0.228394     0.000000
2453642.770431 0.063559 0.228451     0.000000
2453642.770558 0.063686 0.228508     0.000000
2453642.770685 0.063813 0.228566     0.000000
2453642.770813 0.063941 0.228623     0.000000
2453642.770940 0.064068 0.228680     0.000000
2453642.771067 0.064195 0.228738     0.000000
2453642.771194 0.064322 0.228795     0.000000
2453642.771321 0.064449 0.228852     0.000000
2453642.771449 0.064576 0.228910     0.000000
2453642.771576 0.064704 0.228967     0.000000
2453642.771703 0.064831 0.229024     0.000000
2453642.771830 0.064958 0.229082     0.000000
2453642.771957 0.065085 0.229139     0.000000
2453642.772084 0.065212 0.229196     0.000000
2453642.772212 0.065340 0.229254     0.000000
2453642.772339 0.065467 0.229311     0.000000
2453642.772466 0.065594 0.229368     0.000000
2453642.772593 0.065721 0.229426     0.000000
2453642.772720 0.065848 0.229483     0.000000
2453642.772848 0.065976 0.229540     0.000000
2453642.772975 0.066103 0.229598     0.000000
2453642.773102 0.066230 0.229655     0.000000
2453642.773229 0.066357 0.229712     0.000000
2453642.773356 0.066484 0.229770     0.000000
2453642.773484 0.066612 0.229827     0.000000
2453642.773611 0.066739 0.229884     0.000000
2453642.773738 0.066866 0.229942     0.000000
2453642.773865 0.066993 0.229999     0.000000
2453642.773992 0.067120 0.230056     0.000000
2453642.774120 0.067248 0.230114     0.000000
2453642.774247 0.067375 0.230171     0.000000
2453642.774374 0.067502 0.230228     0.000000
2453642.774501 0.067629 0.230286     0.000000
2453642.774628 0.067756 0.230343     0.000000
2453642.774756 0.067884 0.230400     0.000000
2453642.774883 0.068011 0.230458     0.000000
2453642.775010 0.068138 0.230515     0.000000
2453642.775137 0.068265 0.230572     0.000000
2453642.775264 0.068392 0.230630     0.000000
2453642.775392 0.068520 0.230687     0.000000
2453642.775519 0.068647 0.230744     0.000000
2453642.775646 0.068774 0.230802     0.000000
2453642.775773 0.068901 0.230859     0.000000
2453642.775900 0.069028 0.230916     0.000000
2453642.776028 0.069156 0.230974     0.000000
2453642.776155 0.069283 0.231031     0.000000
2453642.776282 0.069410 0.231088     0.000000
2453642.776409 0.069537 0.231146     0.000000
2453642.776536 0.069664 0.231203     0.000000
2453642.776664 0.069792 0.231260     0.000000
2453642.776791 0.069919 0.231318     0.000000
2453642.776918 0.070046 0.231375     0.000000
2453642.777045 0.070173 0.231432     0.000000
2453642.777172 0.070300 0.231490     0.000000
2453642.777300 0.070427 0.231547     0.000000
2453642.777427 0.070555 0.231604     0.000000
2453642.777554 0.070682 0.231662     0.000000
2453642.777681 0.070809 0.231719     0.000000
2453642.777808 0.070936 0.231776     0.000000
2453642.777935 0.071063 0.231834     0.000000
2453642.778063 0.071191 0.231891     0.000000
2453642.778190 0.071318 0.231948     0.000000
2453642.778317 0.071445 0.232006     0.000000
2453642.778444 0.071572 0.232063     0.000000
2453642.778571 0.071699 0.232120     0.000000
2453642.778699 0.071827 0.232178     0.000000
2453642.778826 0.071954 0.232235     0.000000
2453642.778953 0.072081 0.232292     0.000000
2453642.779080 0.072208 0.232350     0.000000
2453642.779207 0.072335 0.232407     0.000000
2453642.779335 0.072463 0.232464     0.000000
2453642.779462 0.072590 0.232522     0.000000
2453642.779589 0.072717 0.232579     0.000000
2453642.779716 0.072844 0.232636     0.000000
2453642.779843 0.072971 0.232694     0.000000
2453642.779971 0.073099 0.232751     0.000000
2453642.780098 0.073226 0.232808     0.000000
2453642.780225 0.073353 0.232866     0.000000
2453642.780352 0.073480 0.232923     0.000000
2453642.780479 0.073607 0.232980     0.000000
2453642.780607 0.073735 0.233037     0.000000
2453642.780734 0.073862 0.233095     0.000000
2453642.780861 0.073989 0.233152     0.000000
2453642.780988 0.074116 0.233209     0.000000
2453642.781115 0.074243 0.233267     0.000000
2453642.781243 0.074371 0.233324     0.000000
2453642.781370 0.074498 0.233381     0.000000
2453642.781497 0.074625 0.233439     0.000000
2453642.781624 0.074752 0.233496     0.000000
2453642.781751 0.074879 0.233553     0.000000
2453642.781879 0.075007 0.233611     0.000000
2453642.782006 0.075134 0.233668     0.000000
2453642.782133 0.075261 0.233725     0.000000
2453642.782260 0.075388 0.233783     0.000000
2453642.782387 0.075515 0.233840     0.000000
2453642.782515 0.075642 0.233897     0.000000
2453642.782642 0.075770 0.233955     0.000000
2453642.782769 0.075897 0.234012     0.000000
2453642.782896 0.076024 0.234069     0.000000
2453642.783023 0.076151 0.234127     0.000000
2453642.783150 0.076278 0.234184     0.000000
2453642.783278 0.076406 0.234241     0.000000
2453642.783405 0.076533 0.234299     0.000000
2453642.783532 0.076660 0.234356     0.000000
2453642.783659 0.076787 0.234413     0.000000
2453642.783786 0.076914 0.234471     0.000000
2453642.783914 0.077042 0.234528     0.000000
2453642.784041 0.077169 0.234585     0.000000
2453642.784168 0.077296 0.234643     0.000000
2453642.784295 0.077423 0.234700     0.000000
2453642.784422 0.077550 0.234757     0.000000
2453642.784550 0.077678 0.234815     0.000000
2453642.784677 0.077805 0.234872     0.000000
2453642.784804 0.077932 0.234929     0.000000
2453642.784931 0.078059 0.234987     0.000000
2453642.785058 0.078186 0.235044     0.000000
2453642.785186 0.078314 0.235101     0.000000
