# epoch Tc_folded Tref_folded model 
2453642.573272 -0.133600 0.139583     0.000000
2453642.573486 -0.133386 0.139680     0.000000
2453642.573701 -0.133171 0.139777     0.000000
2453642.573915 -0.132957 0.139874     0.000000
2453642.574130 -0.132742 0.139970     0.000000
2453642.574345 -0.132527 0.140067     0.000000
2453642.574559 -0.132313 0.140164     0.000000
2453642.574774 -0.132098 0.140260     0.000000
2453642.574988 -0.131884 0.140357     0.000000
2453642.575203 -0.131669 0.140454     0.000000
2453642.575418 -0.131454 0.140551     0.000000
2453642.575632 -0.131240 0.140647     0.000000
2453642.575847 -0.131025 0.140744     0.000000
2453642.576061 -0.130811 0.140841     0.000000
2453642.576276 -0.130596 0.140938     0.000000
2453642.576491 -0.130381 0.141034     0.000000
2453642.576705 -0.130167 0.141131     0.000000
2453642.576920 -0.129952 0.141228     0.000000
2453642.577134 -0.129738 0.141324     0.000000
2453642.577349 -0.129523 0.141421     0.000000
2453642.577564 -0.129308 0.141518     0.000000
2453642.577778 -0.129094 0.141615     0.000000
2453642.577993 -0.128879 0.141711     0.000000
2453642.578207 -0.128665 0.141808     0.000000
2453642.578422 -0.128450 0.141905     0.000000
2453642.578637 -0.128235 0.142002     0.000000
2453642.578851 -0.128021 0.142098     0.000000
2453642.579066 -0.127806 0.142195     0.000000
2453642.579280 -0.127592 0.142292     0.000000
2453642.579495 -0.127377 0.142388     0.000000
2453642.579710 -0.127163 0.142485     0.000000
2453642.579924 -0.126948 0.142582     0.000000
2453642.580139 -0.126733 0.142679     0.000000
2453642.580353 -0.126519 0.142775     0.000000
2453642.580568 -0.126304 0.142872     0.000000
2453642.580782 -0.126090 0.142969     0.000000
2453642.580997 -0.125875 0.143066     0.000000
2453642.581212 -0.125660 0.143162     0.000000
2453642.581426 -0.125446 0.143259     0.000000
2453642.581641 -0.125231 0.143356     0.000000
2453642.581855 -0.125017 0.143452     0.000000
2453642.582070 -0.124802 0.143549     0.000000
2453642.582285 -0.124587 0.143646     0.000000
2453642.582499 -0.124373 0.143743     0.000000
2453642.582714 -0.124158 0.143839     0.000000
2453642.582928 -0.123944 0.143936     0.000000
2453642.583143 -0.123729 0.144033     0.000000
2453642.583358 -0.123514 0.144130     0.000000
2453642.583572 -0.123300 0.144226     0.000000
2453642.583787 -0.123085 0.144323     0.000000
2453642.584001 -0.122871 0.144420     0.000000
2453642.584216 -0.122656 0.144516     0.000000
2453642.584431 -0.122441 0.144613     0.000000
2453642.584645 -0.122227 0.144710     0.000000
2453642.584860 -0.122012 0.144807     0.000000
2453642.585074 -0.121798 0.144903     0.000000
2453642.585289 -0.121583 0.145000     0.000000
2453642.585504 -0.121368 0.145097     0.000000
2453642.585718 -0.121154 0.145194     0.000000
2453642.585933 -0.120939 0.145290     0.000000
2453642.586147 -0.120725 0.145387     0.000000
2453642.586362 -0.120510 0.145484     0.000000
2453642.586577 -0.120295 0.145580     0.000000
2453642.586791 -0.120081 0.145677     0.000000
2453642.587006 -0.119866 0.145774     0.000000
2453642.587220 -0.119652 0.145871     0.000000
2453642.587435 -0.119437 0.145967     0.000000
2453642.587649 -0.119223 0.146064     0.000000
2453642.587864 -0.119008 0.146161     0.000000
2453642.588079 -0.118793 0.146258     0.000000
2453642.588293 -0.118579 0.146354     0.000000
2453642.588508 -0.118364 0.146451     0.000000
2453642.588722 -0.118150 0.146548     0.000000
2453642.588937 -0.117935 0.146644     0.000000
2453642.589152 -0.117720 0.146741     0.000000
2453642.589366 -0.117506 0.146838     0.000000
2453642.589581 -0.117291 0.146935     0.000000
2453642.589795 -0.117077 0.147031     0.000000
2453642.590010 -0.116862 0.147128     0.000000
2453642.590225 -0.116647 0.147225     0.000000
2453642.590439 -0.116433 0.147321     0.000000
2453642.590654 -0.116218 0.147418     0.000000
2453642.590868 -0.116004 0.147515     0.000000
2453642.591083 -0.115789 0.147612     0.000000
2453642.591298 -0.115574 0.147708     0.000000
2453642.591512 -0.115360 0.147805     0.000000
2453642.591727 -0.115145 0.147902     0.000000
2453642.591941 -0.114931 0.147999     0.000000
2453642.592156 -0.114716 0.148095     0.000000
2453642.592371 -0.114501 0.148192     0.000000
2453642.592585 -0.114287 0.148289     0.000000
2453642.592800 -0.114072 0.148385     0.000000
2453642.593014 -0.113858 0.148482     0.000000
2453642.593229 -0.113643 0.148579     0.000000
2453642.593444 -0.113428 0.148676     0.000000
2453642.593658 -0.113214 0.148772     0.000000
2453642.593873 -0.112999 0.148869     0.000000
2453642.594087 -0.112785 0.148966     0.000000
2453642.594302 -0.112570 0.149063     0.000000
2453642.594517 -0.112356 0.149159     0.000000
2453642.594731 -0.112141 0.149256     0.000000
2453642.594946 -0.111926 0.149353     0.000000
2453642.595160 -0.111712 0.149449     0.000000
2453642.595375 -0.111497 0.149546     0.000000
2453642.595589 -0.111283 0.149643     0.000000
2453642.595804 -0.111068 0.149740     0.000000
2453642.596019 -0.110853 0.149836     0.000000
2453642.596233 -0.110639 0.149933     0.000000
2453642.596448 -0.110424 0.150030     0.000000
2453642.596662 -0.110210 0.150127     0.000000
2453642.596877 -0.109995 0.150223     0.000000
2453642.597092 -0.109780 0.150320     0.000000
2453642.597306 -0.109566 0.150417     0.000000
2453642.597521 -0.109351 0.150513     0.000000
2453642.597735 -0.109137 0.150610     0.000000
2453642.597950 -0.108922 0.150707     0.000000
2453642.598165 -0.108707 0.150804     0.000000
2453642.598379 -0.108493 0.150900     0.000000
2453642.598594 -0.108278 0.150997     0.000000
2453642.598808 -0.108064 0.151094     0.000000
2453642.599023 -0.107849 0.151191     0.000000
2453642.599238 -0.107634 0.151287     0.000000
2453642.599452 -0.107420 0.151384     0.000000
2453642.599667 -0.107205 0.151481     0.000000
2453642.599881 -0.106991 0.151577     0.000000
2453642.600096 -0.106776 0.151674     0.000000
2453642.600311 -0.106561 0.151771     0.000000
2453642.600525 -0.106347 0.151868     0.000000
2453642.600740 -0.106132 0.151964     0.000000
2453642.600954 -0.105918 0.152061     0.000000
2453642.601169 -0.105703 0.152158     0.000000
2453642.601384 -0.105489 0.152255     0.000000
2453642.601598 -0.105274 0.152351     0.000000
2453642.601813 -0.105059 0.152448     0.000000
2453642.602027 -0.104845 0.152545     0.000000
2453642.602242 -0.104630 0.152641     0.000000
2453642.602456 -0.104416 0.152738     0.000000
2453642.602671 -0.104201 0.152835     0.000000
2453642.602886 -0.103986 0.152932     0.000000
2453642.603100 -0.103772 0.153028     0.000000
2453642.603315 -0.103557 0.153125     0.000000
2453642.603529 -0.103343 0.153222     0.000000
2453642.603744 -0.103128 0.153319     0.000000
2453642.603959 -0.102913 0.153415     0.000000
2453642.604173 -0.102699 0.153512     0.000000
2453642.604388 -0.102484 0.153609     0.000000
2453642.604602 -0.102270 0.153705     0.000000
2453642.604817 -0.102055 0.153802     0.000000
2453642.605032 -0.101840 0.153899     0.000000
2453642.605246 -0.101626 0.153996     0.000000
2453642.605461 -0.101411 0.154092     0.000000
2453642.605675 -0.101197 0.154189     0.000000
2453642.605890 -0.100982 0.154286     0.000000
2453642.606105 -0.100767 0.154382     0.000000
2453642.606319 -0.100553 0.154479     0.000000
2453642.606534 -0.100338 0.154576     0.000000
2453642.606748 -0.100124 0.154673     0.000000
2453642.606963 -0.099909 0.154769     0.000000
2453642.607178 -0.099694 0.154866     0.000000
2453642.607392 -0.099480 0.154963     0.000000
2453642.607607 -0.099265 0.155060     0.000000
2453642.607821 -0.099051 0.155156     0.000000
2453642.608036 -0.098836 0.155253     0.000000
2453642.608251 -0.098622 0.155350     0.000000
2453642.608465 -0.098407 0.155446     0.000000
2453642.608680 -0.098192 0.155543     0.000000
2453642.608894 -0.097978 0.155640     0.000000
2453642.609109 -0.097763 0.155737     0.000000
2453642.609323 -0.097549 0.155833     0.000000
2453642.609538 -0.097334 0.155930     0.000000
2453642.609753 -0.097119 0.156027     0.000000
2453642.609967 -0.096905 0.156124     0.000000
2453642.610182 -0.096690 0.156220     0.000000
2453642.610396 -0.096476 0.156317     0.000000
2453642.610611 -0.096261 0.156414     0.000000
2453642.610826 -0.096046 0.156510     0.000000
2453642.611040 -0.095832 0.156607     0.000000
2453642.611255 -0.095617 0.156704     0.000000
2453642.611469 -0.095403 0.156801     0.000000
2453642.611684 -0.095188 0.156897     0.000000
2453642.611899 -0.094973 0.156994     0.000000
2453642.612113 -0.094759 0.157091     0.000000
2453642.612328 -0.094544 0.157188     0.000000
2453642.612542 -0.094330 0.157284     0.000000
2453642.612757 -0.094115 0.157381     0.000000
2453642.612972 -0.093900 0.157478     0.000000
2453642.613186 -0.093686 0.157574     0.000000
2453642.613401 -0.093471 0.157671     0.000000
2453642.613615 -0.093257 0.157768     0.000000
2453642.613830 -0.093042 0.157865     0.000000
2453642.614045 -0.092827 0.157961     0.000000
2453642.614259 -0.092613 0.158058     0.000000
2453642.614474 -0.092398 0.158155     0.000000
2453642.614688 -0.092184 0.158252     0.000000
2453642.614903 -0.091969 0.158348     0.000000
2453642.615118 -0.091755 0.158445     0.000000
2453642.615332 -0.091540 0.158542     0.000000
2453642.615547 -0.091325 0.158638     0.000000
2453642.615761 -0.091111 0.158735     0.000000
2453642.615976 -0.090896 0.158832     0.000000
2453642.616190 -0.090682 0.158929     0.000000
2453642.616405 -0.090467 0.159025     0.000000
2453642.616620 -0.090252 0.159122     0.000000
2453642.616834 -0.090038 0.159219     0.000000
2453642.617049 -0.089823 0.159316     0.000000
2453642.617263 -0.089609 0.159412     0.000000
2453642.617478 -0.089394 0.159509     0.000000
2453642.617693 -0.089179 0.159606     0.000000
2453642.617907 -0.088965 0.159702     0.000000
2453642.618122 -0.088750 0.159799     0.000000
2453642.618336 -0.088536 0.159896     0.000000
2453642.618551 -0.088321 0.159993     0.000000
2453642.618766 -0.088106 0.160089     0.000000
2453642.618980 -0.087892 0.160186     0.000000
2453642.619195 -0.087677 0.160283     0.000000
2453642.619409 -0.087463 0.160380     0.000000
2453642.619624 -0.087248 0.160476     0.000000
2453642.619839 -0.087033 0.160573     0.000000
2453642.620053 -0.086819 0.160670     0.000000
2453642.620268 -0.086604 0.160766     0.000000
2453642.620482 -0.086390 0.160863     0.000000
2453642.620697 -0.086175 0.160960     0.000000
2453642.620912 -0.085960 0.161057     0.000000
2453642.621126 -0.085746 0.161153     0.000000
2453642.621341 -0.085531 0.161250     0.000000
2453642.621555 -0.085317 0.161347     0.000000
2453642.621770 -0.085102 0.161443     0.000000
2453642.621985 -0.084887 0.161540     0.000000
2453642.622199 -0.084673 0.161637     0.000000
2453642.622414 -0.084458 0.161734     0.000000
2453642.622628 -0.084244 0.161830     0.000000
2453642.622843 -0.084029 0.161927     0.000000
2453642.623057 -0.083815 0.162024     0.000000
2453642.623272 -0.083600 0.162121     0.000000
2453642.623487 -0.083385 0.162217     0.000000
2453642.623701 -0.083171 0.162314     0.000000
2453642.623916 -0.082956 0.162411     0.000000
2453642.624130 -0.082742 0.162507     0.000000
2453642.624345 -0.082527 0.162604     0.000000
2453642.624560 -0.082312 0.162701     0.000000
2453642.624774 -0.082098 0.162798     0.000000
2453642.624989 -0.081883 0.162894     0.000000
2453642.625203 -0.081669 0.162991     0.000000
2453642.625418 -0.081454 0.163088     0.000000
2453642.625633 -0.081239 0.163185     0.000000
2453642.625847 -0.081025 0.163281     0.000000
2453642.626062 -0.080810 0.163378     0.000000
2453642.626276 -0.080596 0.163475     0.000000
2453642.626491 -0.080381 0.163571     0.000000
2453642.626706 -0.080166 0.163668     0.000000
2453642.626920 -0.079952 0.163765     0.000000
2453642.627135 -0.079737 0.163862     0.000000
2453642.627349 -0.079523 0.163958     0.000000
2453642.627564 -0.079308 0.164055     0.000000
2453642.627779 -0.079093 0.164152     0.000000
2453642.627993 -0.078879 0.164249     0.000000
2453642.628208 -0.078664 0.164345     0.000000
2453642.628422 -0.078450 0.164442     0.000000
2453642.628637 -0.078235 0.164539     0.000000
2453642.628852 -0.078020 0.164635     0.000000
2453642.629066 -0.077806 0.164732     0.000000
2453642.629281 -0.077591 0.164829     0.000000
2453642.629495 -0.077377 0.164926     0.000000
2453642.629710 -0.077162 0.165022     0.000000
2453642.629925 -0.076948 0.165119     0.000000
2453642.630139 -0.076733 0.165216     0.000000
2453642.630354 -0.076518 0.165313     0.000000
2453642.630568 -0.076304 0.165409     0.000000
2453642.630783 -0.076089 0.165506     0.000000
2453642.630997 -0.075875 0.165603     0.000000
2453642.631212 -0.075660 0.165699     0.000000
2453642.631427 -0.075445 0.165796     0.000000
2453642.631641 -0.075231 0.165893     0.000000
2453642.631856 -0.075016 0.165990     0.000000
2453642.632070 -0.074802 0.166086     0.000000
2453642.632285 -0.074587 0.166183     0.000000
2453642.632500 -0.074372 0.166280     0.000000
2453642.632714 -0.074158 0.166377     0.000000
2453642.632929 -0.073943 0.166473     0.000000
2453642.633143 -0.073729 0.166570     0.000000
2453642.633358 -0.073514 0.166667     0.000000
2453642.633573 -0.073299 0.166763     0.000000
2453642.633787 -0.073085 0.166860     0.000000
2453642.634002 -0.072870 0.166957     0.000000
2453642.634216 -0.072656 0.167054     0.000000
2453642.634431 -0.072441 0.167150     0.000000
2453642.634646 -0.072226 0.167247     0.000000
2453642.634860 -0.072012 0.167344     0.000000
2453642.635075 -0.071797 0.167441     0.000000
2453642.635289 -0.071583 0.167537     0.000000
2453642.635504 -0.071368 0.167634     0.000000
2453642.635719 -0.071153 0.167731     0.000000
2453642.635933 -0.070939 0.167827     0.000000
2453642.636148 -0.070724 0.167924     0.000000
2453642.636362 -0.070510 0.168021     0.000000
2453642.636577 -0.070295 0.168118     0.000000
2453642.636792 -0.070081 0.168214     0.000000
2453642.637006 -0.069866 0.168311     0.000000
2453642.637221 -0.069651 0.168408     0.000000
2453642.637435 -0.069437 0.168504     0.000000
2453642.637650 -0.069222 0.168601     0.000000
2453642.637864 -0.069008 0.168698     0.000000
2453642.638079 -0.068793 0.168795     0.000000
2453642.638294 -0.068578 0.168891     0.000000
2453642.638508 -0.068364 0.168988     0.000000
2453642.638723 -0.068149 0.169085     0.000000
2453642.638937 -0.067935 0.169182     0.000000
2453642.639152 -0.067720 0.169278     0.000000
2453642.639367 -0.067505 0.169375     0.000000
2453642.639581 -0.067291 0.169472     0.000000
2453642.639796 -0.067076 0.169568     0.000000
2453642.640010 -0.066862 0.169665     0.000000
2453642.640225 -0.066647 0.169762     0.000000
2453642.640440 -0.066432 0.169859     0.000000
2453642.640654 -0.066218 0.169955     0.000000
2453642.640869 -0.066003 0.170052     0.000000
2453642.641083 -0.065789 0.170149     0.000000
2453642.641298 -0.065574 0.170246     0.000000
2453642.641513 -0.065359 0.170342     0.000000
2453642.641727 -0.065145 0.170439     0.000000
2453642.641942 -0.064930 0.170536     0.000000
2453642.642156 -0.064716 0.170632     0.000000
2453642.642371 -0.064501 0.170729     0.000000
2453642.642586 -0.064286 0.170826     0.000000
2453642.642800 -0.064072 0.170923     0.000000
2453642.643015 -0.063857 0.171019     0.000000
2453642.643229 -0.063643 0.171116     0.000000
2453642.643444 -0.063428 0.171213     0.000000
2453642.643659 -0.063214 0.171310     0.000000
2453642.643873 -0.062999 0.171406     0.000000
2453642.644088 -0.062784 0.171503     0.000000
2453642.644302 -0.062570 0.171600     0.000000
2453642.644517 -0.062355 0.171696     0.000000
2453642.644731 -0.062141 0.171793     0.000000
2453642.644946 -0.061926 0.171890     0.000000
2453642.645161 -0.061711 0.171987     0.000000
2453642.645375 -0.061497 0.172083     0.000000
2453642.645590 -0.061282 0.172180     0.000000
2453642.645804 -0.061068 0.172277     0.000000
2453642.646019 -0.060853 0.172374     0.000000
2453642.646234 -0.060638 0.172470     0.000000
2453642.646448 -0.060424 0.172567     0.000000
2453642.646663 -0.060209 0.172664     0.000000
2453642.646877 -0.059995 0.172760     0.000000
2453642.647092 -0.059780 0.172857     0.000000
2453642.647307 -0.059565 0.172954     0.000000
2453642.647521 -0.059351 0.173051     0.000000
2453642.647736 -0.059136 0.173147     0.000000
2453642.647950 -0.058922 0.173244     0.000000
2453642.648165 -0.058707 0.173341     0.000000
2453642.648380 -0.058492 0.173438     0.000000
2453642.648594 -0.058278 0.173534     0.000000
2453642.648809 -0.058063 0.173631     0.000000
2453642.649023 -0.057849 0.173728     0.000000
2453642.649238 -0.057634 0.173824     0.000000
2453642.649453 -0.057419 0.173921     0.000000
2453642.649667 -0.057205 0.174018     0.000000
2453642.649882 -0.056990 0.174115     0.000000
2453642.650096 -0.056776 0.174211     0.000000
2453642.650311 -0.056561 0.174308     0.000000
2453642.650526 -0.056347 0.174405     0.000000
2453642.650740 -0.056132 0.174502     0.000000
2453642.650955 -0.055917 0.174598     0.000000
2453642.651169 -0.055703 0.174695     0.000000
2453642.651384 -0.055488 0.174792     0.000000
2453642.651598 -0.055274 0.174888     0.000000
2453642.651813 -0.055059 0.174985     0.000000
2453642.652028 -0.054844 0.175082     0.000000
2453642.652242 -0.054630 0.175179     0.000000
2453642.652457 -0.054415 0.175275     0.000000
2453642.652671 -0.054201 0.175372     0.000000
2453642.652886 -0.053986 0.175469     0.000000
2453642.653101 -0.053771 0.175565     0.000000
2453642.653315 -0.053557 0.175662     0.000000
2453642.653530 -0.053342 0.175759     0.000000
2453642.653744 -0.053128 0.175856     0.000000
2453642.653959 -0.052913 0.175952     0.000000
2453642.654174 -0.052698 0.176049     0.000000
2453642.654388 -0.052484 0.176146     0.000000
2453642.654603 -0.052269 0.176243     0.000000
2453642.654817 -0.052055 0.176339     0.000000
2453642.655032 -0.051840 0.176436     0.000000
2453642.655247 -0.051625 0.176533     0.000000
2453642.655461 -0.051411 0.176629     0.000000
2453642.655676 -0.051196 0.176726     0.000000
2453642.655890 -0.050982 0.176823     0.000000
2453642.656105 -0.050767 0.176920     0.000000
2453642.656320 -0.050552 0.177016     0.000000
2453642.656534 -0.050338 0.177113     0.000000
2453642.656749 -0.050123 0.177210     0.000000
2453642.656963 -0.049909 0.177307     0.000000
2453642.657178 -0.049694 0.177403     0.000000
2453642.657393 -0.049479 0.177500     0.000000
2453642.657607 -0.049265 0.177597     0.000000
2453642.657822 -0.049050 0.177693     0.000000
2453642.658036 -0.048836 0.177790     0.000000
2453642.658251 -0.048621 0.177887     0.000000
2453642.658465 -0.048407 0.177984     0.000000
2453642.658680 -0.048192 0.178080     0.000000
2453642.658895 -0.047977 0.178177     0.000000
2453642.659109 -0.047763 0.178274     0.000000
2453642.659324 -0.047548 0.178371     0.000000
2453642.659538 -0.047334 0.178467     0.000000
2453642.659753 -0.047119 0.178564     0.000000
2453642.659968 -0.046904 0.178661     0.000000
2453642.660182 -0.046690 0.178757     0.000000
2453642.660397 -0.046475 0.178854     0.000000
2453642.660611 -0.046261 0.178951     0.000000
2453642.660826 -0.046046 0.179048     0.000000
2453642.661041 -0.045831 0.179144     0.000000
2453642.661255 -0.045617 0.179241     0.000000
2453642.661470 -0.045402 0.179338     0.000000
2453642.661684 -0.045188 0.179435     0.000000
2453642.661899 -0.044973 0.179531     0.000000
2453642.662114 -0.044758 0.179628     0.000000
2453642.662328 -0.044544 0.179725     0.000000
2453642.662543 -0.044329 0.179821     0.000000
2453642.662757 -0.044115 0.179918     0.000000
2453642.662972 -0.043900 0.180015     0.000000
2453642.663187 -0.043685 0.180112     0.000000
2453642.663401 -0.043471 0.180208     0.000000
2453642.663616 -0.043256 0.180305     0.000000
2453642.663830 -0.043042 0.180402     0.000000
2453642.664045 -0.042827 0.180499     0.000000
2453642.664260 -0.042612 0.180595     0.000000
2453642.664474 -0.042398 0.180692     0.000000
2453642.664689 -0.042183 0.180789     0.000000
2453642.664903 -0.041969 0.180885     0.000000
2453642.665118 -0.041754 0.180982     0.000000
2453642.665333 -0.041540 0.181079     0.000000
2453642.665547 -0.041325 0.181176     0.000000
2453642.665762 -0.041110 0.181272     0.000000
2453642.665976 -0.040896 0.181369     0.000000
2453642.666191 -0.040681 0.181466     0.000000
2453642.666405 -0.040467 0.181563     0.000000
2453642.666620 -0.040252 0.181659     0.000000
2453642.666835 -0.040037 0.181756     0.000000
2453642.667049 -0.039823 0.181853     0.000000
2453642.667264 -0.039608 0.181949     0.000000
2453642.667478 -0.039394 0.182046     0.000000
2453642.667693 -0.039179 0.182143     0.000000
2453642.667908 -0.038964 0.182240     0.000000
2453642.668122 -0.038750 0.182336     0.000000
2453642.668337 -0.038535 0.182433     0.000000
2453642.668551 -0.038321 0.182530     0.000000
2453642.668766 -0.038106 0.182626     0.000000
2453642.668981 -0.037891 0.182723     0.000000
2453642.669195 -0.037677 0.182820    -0.000030
2453642.669410 -0.037462 0.182917    -0.000087
2453642.669624 -0.037248 0.183013    -0.000170
2453642.669839 -0.037033 0.183110    -0.000278
2453642.670054 -0.036818 0.183207    -0.000401
2453642.670268 -0.036604 0.183304    -0.000537
2453642.670483 -0.036389 0.183400    -0.000689
2453642.670697 -0.036175 0.183497    -0.000855
2453642.670912 -0.035960 0.183594    -0.001033
2453642.671127 -0.035745 0.183690    -0.001220
2453642.671341 -0.035531 0.183787    -0.001420
2453642.671556 -0.035316 0.183884    -0.001630
2453642.671770 -0.035102 0.183981    -0.001849
2453642.671985 -0.034887 0.184077    -0.002076
2453642.672200 -0.034673 0.184174    -0.002314
2453642.672414 -0.034458 0.184271    -0.002560
2453642.672629 -0.034243 0.184368    -0.002812
2453642.672843 -0.034029 0.184464    -0.003072
2453642.673058 -0.033814 0.184561    -0.003340
2453642.673272 -0.033600 0.184658    -0.003614
2453642.673487 -0.033385 0.184754    -0.003893
2453642.673702 -0.033170 0.184851    -0.004180
2453642.673916 -0.032956 0.184948    -0.004473
2453642.674131 -0.032741 0.185045    -0.004769
2453642.674345 -0.032527 0.185141    -0.005072
2453642.674560 -0.032312 0.185238    -0.005380
2453642.674775 -0.032097 0.185335    -0.005691
2453642.674989 -0.031883 0.185432    -0.006006
2453642.675204 -0.031668 0.185528    -0.006327
2453642.675418 -0.031454 0.185625    -0.006651
2453642.675633 -0.031239 0.185722    -0.006977
2453642.675848 -0.031024 0.185818    -0.007308
2453642.676062 -0.030810 0.185915    -0.007641
2453642.676277 -0.030595 0.186012    -0.007976
2453642.676491 -0.030381 0.186109    -0.008314
2453642.676706 -0.030166 0.186205    -0.008654
2453642.676921 -0.029951 0.186302    -0.008996
2453642.677135 -0.029737 0.186399    -0.009339
2453642.677350 -0.029522 0.186496    -0.009685
2453642.677564 -0.029308 0.186592    -0.010030
2453642.677779 -0.029093 0.186689    -0.010377
2453642.677994 -0.028878 0.186786    -0.010725
2453642.678208 -0.028664 0.186882    -0.011072
2453642.678423 -0.028449 0.186979    -0.011420
2453642.678637 -0.028235 0.187076    -0.011768
2453642.678852 -0.028020 0.187173    -0.012115
2453642.679067 -0.027806 0.187269    -0.012462
2453642.679281 -0.027591 0.187366    -0.012808
2453642.679496 -0.027376 0.187463    -0.013152
2453642.679710 -0.027162 0.187560    -0.013495
2453642.679925 -0.026947 0.187656    -0.013837
2453642.680139 -0.026733 0.187753    -0.014177
2453642.680354 -0.026518 0.187850    -0.014514
2453642.680569 -0.026303 0.187946    -0.014849
2453642.680783 -0.026089 0.188043    -0.015182
2453642.680998 -0.025874 0.188140    -0.015511
2453642.681212 -0.025660 0.188237    -0.015837
2453642.681427 -0.025445 0.188333    -0.016160
2453642.681642 -0.025230 0.188430    -0.016478
2453642.681856 -0.025016 0.188527    -0.016793
2453642.682071 -0.024801 0.188624    -0.017103
2453642.682285 -0.024587 0.188720    -0.017408
2453642.682500 -0.024372 0.188817    -0.017709
2453642.682715 -0.024157 0.188914    -0.018003
2453642.682929 -0.023943 0.189010    -0.018292
2453642.683144 -0.023728 0.189107    -0.018576
2453642.683358 -0.023514 0.189204    -0.018850
2453642.683573 -0.023299 0.189301    -0.019119
2453642.683788 -0.023084 0.189397    -0.019381
2453642.684002 -0.022870 0.189494    -0.019633
2453642.684217 -0.022655 0.189591    -0.019880
2453642.684431 -0.022441 0.189687    -0.020112
2453642.684646 -0.022226 0.189784    -0.020338
2453642.684861 -0.022011 0.189881    -0.020551
2453642.685075 -0.021797 0.189978    -0.020749
2453642.685290 -0.021582 0.190074    -0.020940
2453642.685504 -0.021368 0.190171    -0.021100
2453642.685719 -0.021153 0.190268    -0.021248
2453642.685934 -0.020939 0.190365    -0.021358
2453642.686148 -0.020724 0.190461    -0.021463
2453642.686363 -0.020509 0.190558    -0.021561
2453642.686577 -0.020295 0.190655    -0.021656
2453642.686792 -0.020080 0.190751    -0.021748
2453642.687006 -0.019866 0.190848    -0.021836
2453642.687221 -0.019651 0.190945    -0.021922
2453642.687436 -0.019436 0.191042    -0.022005
2453642.687650 -0.019222 0.191138    -0.022086
2453642.687865 -0.019007 0.191235    -0.022165
2453642.688079 -0.018793 0.191332    -0.022242
2453642.688294 -0.018578 0.191429    -0.022317
2453642.688509 -0.018363 0.191525    -0.022390
2453642.688723 -0.018149 0.191622    -0.022461
2453642.688938 -0.017934 0.191719    -0.022530
2453642.689152 -0.017720 0.191815    -0.022598
2453642.689367 -0.017505 0.191912    -0.022664
2453642.689582 -0.017290 0.192009    -0.022729
2453642.689796 -0.017076 0.192106    -0.022792
2453642.690011 -0.016861 0.192202    -0.022854
2453642.690225 -0.016647 0.192299    -0.022914
2453642.690440 -0.016432 0.192396    -0.022973
2453642.690655 -0.016217 0.192493    -0.023031
2453642.690869 -0.016003 0.192589    -0.023087
2453642.691084 -0.015788 0.192686    -0.023142
2453642.691298 -0.015574 0.192783    -0.023196
2453642.691513 -0.015359 0.192879    -0.023249
2453642.691728 -0.015144 0.192976    -0.023300
2453642.691942 -0.014930 0.193073    -0.023351
2453642.692157 -0.014715 0.193170    -0.023400
2453642.692371 -0.014501 0.193266    -0.023448
2453642.692586 -0.014286 0.193363    -0.023495
2453642.692801 -0.014071 0.193460    -0.023541
2453642.693015 -0.013857 0.193557    -0.023586
2453642.693230 -0.013642 0.193653    -0.023630
2453642.693444 -0.013428 0.193750    -0.023673
2453642.693659 -0.013213 0.193847    -0.023715
2453642.693874 -0.012999 0.193943    -0.023757
2453642.694088 -0.012784 0.194040    -0.023797
2453642.694303 -0.012569 0.194137    -0.023836
2453642.694517 -0.012355 0.194234    -0.023875
2453642.694732 -0.012140 0.194330    -0.023912
2453642.694946 -0.011926 0.194427    -0.023949
2453642.695161 -0.011711 0.194524    -0.023985
2453642.695376 -0.011496 0.194621    -0.024020
2453642.695590 -0.011282 0.194717    -0.024054
2453642.695805 -0.011067 0.194814    -0.024088
2453642.696019 -0.010853 0.194911    -0.024120
2453642.696234 -0.010638 0.195007    -0.024152
2453642.696449 -0.010423 0.195104    -0.024183
2453642.696663 -0.010209 0.195201    -0.024213
2453642.696878 -0.009994 0.195298    -0.024243
2453642.697092 -0.009780 0.195394    -0.024272
2453642.697307 -0.009565 0.195491    -0.024300
2453642.697522 -0.009350 0.195588    -0.024327
2453642.697736 -0.009136 0.195685    -0.024354
2453642.697951 -0.008921 0.195781    -0.024380
2453642.698165 -0.008707 0.195878    -0.024405
2453642.698380 -0.008492 0.195975    -0.024429
2453642.698595 -0.008277 0.196071    -0.024453
2453642.698809 -0.008063 0.196168    -0.024476
2453642.699024 -0.007848 0.196265    -0.024499
2453642.699238 -0.007634 0.196362    -0.024520
2453642.699453 -0.007419 0.196458    -0.024541
2453642.699668 -0.007204 0.196555    -0.024562
2453642.699882 -0.006990 0.196652    -0.024582
2453642.700097 -0.006775 0.196748    -0.024601
2453642.700311 -0.006561 0.196845    -0.024619
2453642.700526 -0.006346 0.196942    -0.024637
2453642.700741 -0.006132 0.197039    -0.024654
2453642.700955 -0.005917 0.197135    -0.024671
2453642.701170 -0.005702 0.197232    -0.024687
2453642.701384 -0.005488 0.197329    -0.024702
2453642.701599 -0.005273 0.197426    -0.024717
2453642.701813 -0.005059 0.197522    -0.024731
2453642.702028 -0.004844 0.197619    -0.024744
2453642.702243 -0.004629 0.197716    -0.024757
2453642.702457 -0.004415 0.197812    -0.024769
2453642.702672 -0.004200 0.197909    -0.024781
2453642.702886 -0.003986 0.198006    -0.024792
2453642.703101 -0.003771 0.198103    -0.024802
2453642.703316 -0.003556 0.198199    -0.024812
2453642.703530 -0.003342 0.198296    -0.024822
2453642.703745 -0.003127 0.198393    -0.024830
2453642.703959 -0.002913 0.198490    -0.024838
2453642.704174 -0.002698 0.198586    -0.024846
2453642.704389 -0.002483 0.198683    -0.024853
2453642.704603 -0.002269 0.198780    -0.024859
2453642.704818 -0.002054 0.198876    -0.024865
2453642.705032 -0.001840 0.198973    -0.024870
2453642.705247 -0.001625 0.199070    -0.024875
2453642.705462 -0.001410 0.199167    -0.024879
2453642.705676 -0.001196 0.199263    -0.024882
2453642.705891 -0.000981 0.199360    -0.024885
2453642.706105 -0.000767 0.199457    -0.024887
2453642.706320 -0.000552 0.199554    -0.024889
2453642.706535 -0.000337 0.199650    -0.024890
2453642.706749 -0.000123 0.199747    -0.024891
2453642.706964 0.000092 0.199844    -0.024891
2453642.707178 0.000306 0.199940    -0.024890
2453642.707393 0.000521 0.200037    -0.024889
2453642.707608 0.000735 0.200134    -0.024888
2453642.707822 0.000950 0.200231    -0.024885
2453642.708037 0.001165 0.200327    -0.024882
2453642.708251 0.001379 0.200424    -0.024879
2453642.708466 0.001594 0.200521    -0.024875
2453642.708680 0.001808 0.200618    -0.024870
2453642.708895 0.002023 0.200714    -0.024865
2453642.709110 0.002238 0.200811    -0.024860
2453642.709324 0.002452 0.200908    -0.024853
2453642.709539 0.002667 0.201004    -0.024847
2453642.709753 0.002881 0.201101    -0.024839
2453642.709968 0.003096 0.201198    -0.024831
2453642.710183 0.003311 0.201295    -0.024822
2453642.710397 0.003525 0.201391    -0.024813
2453642.710612 0.003740 0.201488    -0.024803
2453642.710826 0.003954 0.201585    -0.024793
2453642.711041 0.004169 0.201682    -0.024782
2453642.711256 0.004384 0.201778    -0.024770
2453642.711470 0.004598 0.201875    -0.024758
2453642.711685 0.004813 0.201972    -0.024745
2453642.711899 0.005027 0.202068    -0.024732
2453642.712114 0.005242 0.202165    -0.024718
2453642.712329 0.005457 0.202262    -0.024703
2453642.712543 0.005671 0.202359    -0.024688
2453642.712758 0.005886 0.202455    -0.024672
2453642.712972 0.006100 0.202552    -0.024656
2453642.713187 0.006315 0.202649    -0.024638
2453642.713402 0.006530 0.202746    -0.024621
2453642.713616 0.006744 0.202842    -0.024602
2453642.713831 0.006959 0.202939    -0.024583
2453642.714045 0.007173 0.203036    -0.024563
2453642.714260 0.007388 0.203132    -0.024543
2453642.714475 0.007602 0.203229    -0.024522
2453642.714689 0.007817 0.203326    -0.024501
2453642.714904 0.008032 0.203423    -0.024478
2453642.715118 0.008246 0.203519    -0.024455
2453642.715333 0.008461 0.203616    -0.024431
2453642.715547 0.008675 0.203713    -0.024407
2453642.715762 0.008890 0.203809    -0.024382
2453642.715977 0.009105 0.203906    -0.024356
2453642.716191 0.009319 0.204003    -0.024330
2453642.716406 0.009534 0.204100    -0.024302
2453642.716620 0.009748 0.204196    -0.024274
2453642.716835 0.009963 0.204293    -0.024246
2453642.717050 0.010178 0.204390    -0.024216
2453642.717264 0.010392 0.204487    -0.024186
2453642.717479 0.010607 0.204583    -0.024155
2453642.717693 0.010821 0.204680    -0.024123
2453642.717908 0.011036 0.204777    -0.024090
2453642.718123 0.011251 0.204873    -0.024057
2453642.718337 0.011465 0.204970    -0.024023
2453642.718552 0.011680 0.205067    -0.023988
2453642.718766 0.011894 0.205164    -0.023952
2453642.718981 0.012109 0.205260    -0.023915
2453642.719196 0.012324 0.205357    -0.023878
2453642.719410 0.012538 0.205454    -0.023839
2453642.719625 0.012753 0.205551    -0.023800
2453642.719839 0.012967 0.205647    -0.023760
2453642.720054 0.013182 0.205744    -0.023719
2453642.720269 0.013397 0.205841    -0.023677
2453642.720483 0.013611 0.205937    -0.023634
2453642.720698 0.013826 0.206034    -0.023590
2453642.720912 0.014040 0.206131    -0.023545
2453642.721127 0.014255 0.206228    -0.023499
2453642.721342 0.014470 0.206324    -0.023452
2453642.721556 0.014684 0.206421    -0.023404
2453642.721771 0.014899 0.206518    -0.023355
2453642.721985 0.015113 0.206615    -0.023304
2453642.722200 0.015328 0.206711    -0.023253
2453642.722414 0.015542 0.206808    -0.023200
2453642.722629 0.015757 0.206905    -0.023147
2453642.722844 0.015972 0.207001    -0.023092
2453642.723058 0.016186 0.207098    -0.023035
2453642.723273 0.016401 0.207195    -0.022978
2453642.723487 0.016615 0.207292    -0.022919
2453642.723702 0.016830 0.207388    -0.022859
2453642.723917 0.017045 0.207485    -0.022797
2453642.724131 0.017259 0.207582    -0.022734
2453642.724346 0.017474 0.207679    -0.022670
2453642.724560 0.017688 0.207775    -0.022604
2453642.724775 0.017903 0.207872    -0.022536
2453642.724990 0.018118 0.207969    -0.022467
2453642.725204 0.018332 0.208065    -0.022396
2453642.725419 0.018547 0.208162    -0.022323
2453642.725633 0.018761 0.208259    -0.022248
2453642.725848 0.018976 0.208356    -0.022171
2453642.726063 0.019191 0.208452    -0.022093
2453642.726277 0.019405 0.208549    -0.022012
2453642.726492 0.019620 0.208646    -0.021929
2453642.726706 0.019834 0.208743    -0.021843
2453642.726921 0.020049 0.208839    -0.021755
2453642.727136 0.020264 0.208936    -0.021663
2453642.727350 0.020478 0.209033    -0.021569
2453642.727565 0.020693 0.209129    -0.021471
2453642.727779 0.020907 0.209226    -0.021367
2453642.727994 0.021122 0.209323    -0.021257
2453642.728209 0.021337 0.209420    -0.021113
2453642.728423 0.021551 0.209516    -0.020954
2453642.728638 0.021766 0.209613    -0.020765
2453642.728852 0.021980 0.209710    -0.020569
2453642.729067 0.022195 0.209807    -0.020355
2453642.729282 0.022409 0.209903    -0.020131
2453642.729496 0.022624 0.210000    -0.019899
2453642.729711 0.022839 0.210097    -0.019654
2453642.729925 0.023053 0.210193    -0.019403
2453642.730140 0.023268 0.210290    -0.019141
2453642.730354 0.023482 0.210387    -0.018873
2453642.730569 0.023697 0.210484    -0.018598
2453642.730784 0.023912 0.210580    -0.018315
2453642.730998 0.024126 0.210677    -0.018027
2453642.731213 0.024341 0.210774    -0.017733
2453642.731427 0.024555 0.210871    -0.017433
2453642.731642 0.024770 0.210967    -0.017129
2453642.731857 0.024985 0.211064    -0.016818
2453642.732071 0.025199 0.211161    -0.016504
2453642.732286 0.025414 0.211257    -0.016186
2453642.732500 0.025628 0.211354    -0.015863
2453642.732715 0.025843 0.211451    -0.015538
2453642.732930 0.026058 0.211548    -0.015209
2453642.733144 0.026272 0.211644    -0.014876
2453642.733359 0.026487 0.211741    -0.014542
2453642.733573 0.026701 0.211838    -0.014204
2453642.733788 0.026916 0.211934    -0.013865
2453642.734003 0.027131 0.212031    -0.013523
2453642.734217 0.027345 0.212128    -0.013180
2453642.734432 0.027560 0.212225    -0.012836
2453642.734646 0.027774 0.212321    -0.012490
2453642.734861 0.027989 0.212418    -0.012143
2453642.735076 0.028204 0.212515    -0.011796
2453642.735290 0.028418 0.212612    -0.011448
2453642.735505 0.028633 0.212708    -0.011101
2453642.735719 0.028847 0.212805    -0.010753
2453642.735934 0.029062 0.212902    -0.010405
2453642.736149 0.029276 0.212998    -0.010059
2453642.736363 0.029491 0.213095    -0.009713
2453642.736578 0.029706 0.213192    -0.009367
2453642.736792 0.029920 0.213289    -0.009024
2453642.737007 0.030135 0.213385    -0.008682
2453642.737221 0.030349 0.213482    -0.008342
2453642.737436 0.030564 0.213579    -0.008004
2453642.737651 0.030779 0.213676    -0.007668
2453642.737865 0.030993 0.213772    -0.007335
2453642.738080 0.031208 0.213869    -0.007004
2453642.738294 0.031422 0.213966    -0.006677
2453642.738509 0.031637 0.214062    -0.006353
2453642.738724 0.031852 0.214159    -0.006032
2453642.738938 0.032066 0.214256    -0.005717
2453642.739153 0.032281 0.214353    -0.005405
2453642.739367 0.032495 0.214449    -0.005096
2453642.739582 0.032710 0.214546    -0.004794
2453642.739797 0.032925 0.214643    -0.004497
2453642.740011 0.033139 0.214740    -0.004204
2453642.740226 0.033354 0.214836    -0.003916
2453642.740440 0.033568 0.214933    -0.003637
2453642.740655 0.033783 0.215030    -0.003362
2453642.740870 0.033998 0.215126    -0.003093
2453642.741084 0.034212 0.215223    -0.002833
2453642.741299 0.034427 0.215320    -0.002580
2453642.741513 0.034641 0.215417    -0.002334
2453642.741728 0.034856 0.215513    -0.002095
2453642.741943 0.035071 0.215610    -0.001868
2453642.742157 0.035285 0.215707    -0.001648
2453642.742372 0.035500 0.215804    -0.001436
2453642.742586 0.035714 0.215900    -0.001236
2453642.742801 0.035929 0.215997    -0.001048
2453642.743016 0.036143 0.216094    -0.000869
2453642.743230 0.036358 0.216190    -0.000701
2453642.743445 0.036573 0.216287    -0.000549
2453642.743659 0.036787 0.216384    -0.000411
2453642.743874 0.037002 0.216481    -0.000287
2453642.744088 0.037216 0.216577    -0.000177
2453642.744303 0.037431 0.216674    -0.000093
2453642.744518 0.037646 0.216771    -0.000034
2453642.744732 0.037860 0.216868     0.000000
2453642.744947 0.038075 0.216964     0.000000
2453642.745161 0.038289 0.217061     0.000000
2453642.745376 0.038504 0.217158     0.000000
2453642.745591 0.038719 0.217254     0.000000
2453642.745805 0.038933 0.217351     0.000000
2453642.746020 0.039148 0.217448     0.000000
2453642.746234 0.039362 0.217545     0.000000
2453642.746449 0.039577 0.217641     0.000000
2453642.746664 0.039792 0.217738     0.000000
2453642.746878 0.040006 0.217835     0.000000
2453642.747093 0.040221 0.217932     0.000000
2453642.747307 0.040435 0.218028     0.000000
2453642.747522 0.040650 0.218125     0.000000
2453642.747737 0.040865 0.218222     0.000000
2453642.747951 0.041079 0.218318     0.000000
2453642.748166 0.041294 0.218415     0.000000
2453642.748380 0.041508 0.218512     0.000000
2453642.748595 0.041723 0.218609     0.000000
2453642.748810 0.041938 0.218705     0.000000
2453642.749024 0.042152 0.218802     0.000000
2453642.749239 0.042367 0.218899     0.000000
2453642.749453 0.042581 0.218995     0.000000
2453642.749668 0.042796 0.219092     0.000000
2453642.749883 0.043010 0.219189     0.000000
2453642.750097 0.043225 0.219286     0.000000
2453642.750312 0.043440 0.219382     0.000000
2453642.750526 0.043654 0.219479     0.000000
2453642.750741 0.043869 0.219576     0.000000
2453642.750955 0.044083 0.219673     0.000000
2453642.751170 0.044298 0.219769     0.000000
2453642.751385 0.044513 0.219866     0.000000
2453642.751599 0.044727 0.219963     0.000000
2453642.751814 0.044942 0.220059     0.000000
2453642.752028 0.045156 0.220156     0.000000
2453642.752243 0.045371 0.220253     0.000000
2453642.752458 0.045586 0.220350     0.000000
2453642.752672 0.045800 0.220446     0.000000
2453642.752887 0.046015 0.220543     0.000000
2453642.753101 0.046229 0.220640     0.000000
2453642.753316 0.046444 0.220737     0.000000
2453642.753531 0.046659 0.220833     0.000000
2453642.753745 0.046873 0.220930     0.000000
2453642.753960 0.047088 0.221027     0.000000
2453642.754174 0.047302 0.221123     0.000000
2453642.754389 0.047517 0.221220     0.000000
2453642.754604 0.047732 0.221317     0.000000
2453642.754818 0.047946 0.221414     0.000000
2453642.755033 0.048161 0.221510     0.000000
2453642.755247 0.048375 0.221607     0.000000
2453642.755462 0.048590 0.221704     0.000000
2453642.755677 0.048805 0.221801     0.000000
2453642.755891 0.049019 0.221897     0.000000
2453642.756106 0.049234 0.221994     0.000000
2453642.756320 0.049448 0.222091     0.000000
2453642.756535 0.049663 0.222187     0.000000
2453642.756750 0.049878 0.222284     0.000000
2453642.756964 0.050092 0.222381     0.000000
2453642.757179 0.050307 0.222478     0.000000
2453642.757393 0.050521 0.222574     0.000000
2453642.757608 0.050736 0.222671     0.000000
2453642.757822 0.050950 0.222768     0.000000
2453642.758037 0.051165 0.222865     0.000000
2453642.758252 0.051380 0.222961     0.000000
2453642.758466 0.051594 0.223058     0.000000
2453642.758681 0.051809 0.223155     0.000000
2453642.758895 0.052023 0.223251     0.000000
2453642.759110 0.052238 0.223348     0.000000
2453642.759325 0.052453 0.223445     0.000000
2453642.759539 0.052667 0.223542     0.000000
2453642.759754 0.052882 0.223638     0.000000
2453642.759968 0.053096 0.223735     0.000000
2453642.760183 0.053311 0.223832     0.000000
2453642.760398 0.053526 0.223929     0.000000
2453642.760612 0.053740 0.224025     0.000000
2453642.760827 0.053955 0.224122     0.000000
2453642.761041 0.054169 0.224219     0.000000
2453642.761256 0.054384 0.224315     0.000000
2453642.761471 0.054599 0.224412     0.000000
2453642.761685 0.054813 0.224509     0.000000
2453642.761900 0.055028 0.224606     0.000000
2453642.762114 0.055242 0.224702     0.000000
2453642.762329 0.055457 0.224799     0.000000
2453642.762544 0.055672 0.224896     0.000000
2453642.762758 0.055886 0.224993     0.000000
2453642.762973 0.056101 0.225089     0.000000
2453642.763187 0.056315 0.225186     0.000000
2453642.763402 0.056530 0.225283     0.000000
2453642.763617 0.056745 0.225379     0.000000
2453642.763831 0.056959 0.225476     0.000000
2453642.764046 0.057174 0.225573     0.000000
2453642.764260 0.057388 0.225670     0.000000
2453642.764475 0.057603 0.225766     0.000000
2453642.764690 0.057817 0.225863     0.000000
2453642.764904 0.058032 0.225960     0.000000
2453642.765119 0.058247 0.226056     0.000000
2453642.765333 0.058461 0.226153     0.000000
2453642.765548 0.058676 0.226250     0.000000
2453642.765762 0.058890 0.226347     0.000000
2453642.765977 0.059105 0.226443     0.000000
2453642.766192 0.059320 0.226540     0.000000
2453642.766406 0.059534 0.226637     0.000000
2453642.766621 0.059749 0.226734     0.000000
2453642.766835 0.059963 0.226830     0.000000
2453642.767050 0.060178 0.226927     0.000000
2453642.767265 0.060393 0.227024     0.000000
2453642.767479 0.060607 0.227120     0.000000
2453642.767694 0.060822 0.227217     0.000000
2453642.767908 0.061036 0.227314     0.000000
2453642.768123 0.061251 0.227411     0.000000
2453642.768338 0.061466 0.227507     0.000000
2453642.768552 0.061680 0.227604     0.000000
2453642.768767 0.061895 0.227701     0.000000
2453642.768981 0.062109 0.227798     0.000000
2453642.769196 0.062324 0.227894     0.000000
2453642.769411 0.062539 0.227991     0.000000
2453642.769625 0.062753 0.228088     0.000000
2453642.769840 0.062968 0.228184     0.000000
2453642.770054 0.063182 0.228281     0.000000
2453642.770269 0.063397 0.228378     0.000000
2453642.770484 0.063612 0.228475     0.000000
2453642.770698 0.063826 0.228571     0.000000
2453642.770913 0.064041 0.228668     0.000000
2453642.771127 0.064255 0.228765     0.000000
2453642.771342 0.064470 0.228862     0.000000
2453642.771557 0.064684 0.228958     0.000000
2453642.771771 0.064899 0.229055     0.000000
2453642.771986 0.065114 0.229152     0.000000
2453642.772200 0.065328 0.229248     0.000000
2453642.772415 0.065543 0.229345     0.000000
2453642.772629 0.065757 0.229442     0.000000
2453642.772844 0.065972 0.229539     0.000000
2453642.773059 0.066187 0.229635     0.000000
2453642.773273 0.066401 0.229732     0.000000
2453642.773488 0.066616 0.229829     0.000000
2453642.773702 0.066830 0.229926     0.000000
2453642.773917 0.067045 0.230022     0.000000
2453642.774132 0.067260 0.230119     0.000000
2453642.774346 0.067474 0.230216     0.000000
2453642.774561 0.067689 0.230312     0.000000
2453642.774775 0.067903 0.230409     0.000000
2453642.774990 0.068118 0.230506     0.000000
2453642.775205 0.068333 0.230603     0.000000
2453642.775419 0.068547 0.230699     0.000000
2453642.775634 0.068762 0.230796     0.000000
2453642.775848 0.068976 0.230893     0.000000
2453642.776063 0.069191 0.230990     0.000000
2453642.776278 0.069406 0.231086     0.000000
2453642.776492 0.069620 0.231183     0.000000
2453642.776707 0.069835 0.231280     0.000000
2453642.776921 0.070049 0.231376     0.000000
2453642.777136 0.070264 0.231473     0.000000
2453642.777351 0.070479 0.231570     0.000000
2453642.777565 0.070693 0.231667     0.000000
2453642.777780 0.070908 0.231763     0.000000
2453642.777994 0.071122 0.231860     0.000000
2453642.778209 0.071337 0.231957     0.000000
2453642.778424 0.071551 0.232054     0.000000
2453642.778638 0.071766 0.232150     0.000000
2453642.778853 0.071981 0.232247     0.000000
2453642.779067 0.072195 0.232344     0.000000
2453642.779282 0.072410 0.232440     0.000000
2453642.779496 0.072624 0.232537     0.000000
2453642.779711 0.072839 0.232634     0.000000
2453642.779926 0.073054 0.232731     0.000000
2453642.780140 0.073268 0.232827     0.000000
2453642.780355 0.073483 0.232924     0.000000
2453642.780569 0.073697 0.233021     0.000000
2453642.780784 0.073912 0.233117     0.000000
2453642.780999 0.074127 0.233214     0.000000
2453642.781213 0.074341 0.233311     0.000000
2453642.781428 0.074556 0.233408     0.000000
2453642.781642 0.074770 0.233504     0.000000
2453642.781857 0.074985 0.233601     0.000000
2453642.782072 0.075200 0.233698     0.000000
2453642.782286 0.075414 0.233795     0.000000
2453642.782501 0.075629 0.233891     0.000000
2453642.782715 0.075843 0.233988     0.000000
2453642.782930 0.076058 0.234085     0.000000
2453642.783145 0.076273 0.234181     0.000000
2453642.783359 0.076487 0.234278     0.000000
2453642.783574 0.076702 0.234375     0.000000
2453642.783788 0.076916 0.234472     0.000000
2453642.784003 0.077131 0.234568     0.000000
2453642.784218 0.077346 0.234665     0.000000
2453642.784432 0.077560 0.234762     0.000000
2453642.784647 0.077775 0.234859     0.000000
2453642.784861 0.077989 0.234955     0.000000
2453642.785076 0.078204 0.235052     0.000000
2453642.785291 0.078418 0.235149     0.000000
2453642.785505 0.078633 0.235245     0.000000
2453642.785720 0.078848 0.235342     0.000000
2453642.785934 0.079062 0.235439     0.000000
2453642.786149 0.079277 0.235536     0.000000
2453642.786363 0.079491 0.235632     0.000000
2453642.786578 0.079706 0.235729     0.000000
2453642.786793 0.079921 0.235826     0.000000
