# epoch Tc_folded Tref_folded value value_err offset model full_model val_compare val_compare_err residuals residuals_err jitter jitter_flag offset_flag subset_flag 
57972.642391 0.000000 0.000000 -3403.950745 2.539091 -3413.085086 7.123607 -3407.515800 10.688662 2.539091 3.565055 2.539091 5.266727   0   0  -1 
57989.571677 0.000000 0.000000 -3403.491118 4.308768 -3413.085086 -3.713541 -3407.088334 -0.116325 4.308768 3.597216 4.308768 5.266727   0   0  -1 
57991.553196 0.000000 0.000000 -3392.727040 5.085907 -3413.085086 1.911331 -3407.219686 16.403978 5.085907 14.492646 5.085907 5.266727   0   0  -1 
57991.656885 0.000000 0.000000 -3401.895347 5.279425 -3413.085086 2.044361 -3418.869682 19.018695 5.279425 16.974335 5.279425 5.266727   0   0  -1 
57992.564895 0.000000 0.000000 -3414.435048 1.785553 -3413.085086 0.336661 -3419.452778 5.354391 1.785553 5.017730 1.785553 5.266727   0   0  -1 
57992.647092 0.000000 0.000000 -3407.356187 1.636293 -3413.085086 -0.041695 -3411.665800 4.267918 1.636293 4.309613 1.636293 5.266727   0   0  -1 
57992.737182 0.000000 0.000000 -3417.465868 2.594756 -3413.085086 -0.484218 -3420.820105 2.870019 2.594756 3.354237 2.594756 5.266727   0   0  -1 
57993.569005 0.000000 0.000000 -3423.538827 1.597645 -3413.085086 -4.848746 -3422.826447 -5.561126 1.597645 -0.712380 1.597645 5.266727   0   0  -1 
57993.649707 0.000000 0.000000 -3430.623726 5.901415 -3413.085086 -5.190677 -3427.480302 -8.334101 5.901415 -3.143424 5.901415 5.266727   0   0  -1 
57994.540226 0.000000 0.000000 -3421.639748 1.379527 -3413.085086 -6.308899 -3420.144423 -7.804225 1.379527 -1.495325 1.379527 5.266727   0   0  -1 
57994.614332 0.000000 0.000000 -3412.782905 10.883783 -3413.085086 -6.152888 -3413.270369 -5.665425 10.883783 0.487464 10.883783 5.266727   0   0  -1 
57994.726301 0.000000 0.000000 -3423.971140 1.846029 -3413.085086 -5.847028 -3424.107914 -5.710254 1.846029 0.136774 1.846029 5.266727   0   0  -1 
57995.521310 0.000000 0.000000 -3418.160026 2.422678 -3413.085086 -1.799233 -3412.530663 -7.428596 2.422678 -5.629363 2.422678 5.266727   0   0  -1 
57995.613168 0.000000 0.000000 -3420.573246 1.865867 -3413.085086 -1.200033 -3417.620893 -4.152386 1.865867 -2.952353 1.865867 5.266727   0   0  -1 
57996.519648 0.000000 0.000000 -3397.815330 6.174933 -3413.085086 4.580188 -3402.899508 9.664366 6.174933 5.084178 6.174933 5.266727   0   0  -1 
57996.586905 0.000000 0.000000 -3399.385989 3.985312 -3413.085086 4.951968 -3398.612483 4.178462 3.985312 -0.773506 3.985312 5.266727   0   0  -1 
57996.696770 0.000000 0.000000 -3409.231371 3.762886 -3413.085086 5.533980 -3409.766699 6.069308 3.762886 0.535328 3.762886 5.266727   0   0  -1 
57997.518889 0.000000 0.000000 -3416.192127 10.512481 -3413.085086 8.878727 -3405.144501 -2.168899 10.512481 -11.047626 10.512481 5.266727   0   0  -1 
57999.514325 0.000000 0.000000 -3420.186816 1.986259 -3413.085086 9.615834 -3411.930534 1.359552 1.986259 -8.256282 1.986259 5.266727   0   0  -1 
57999.683151 0.000000 0.000000 -3410.126393 1.923508 -3413.085086 9.125288 -3401.564758 0.563653 1.923508 -8.561635 1.923508 5.266727   0   0  -1 
58000.517294 0.000000 0.000000 -3411.448860 2.158012 -3413.085086 5.949844 -3406.290320 0.791304 2.158012 -5.158540 2.158012 5.266727   0   0  -1 
58000.587327 0.000000 0.000000 -3418.004900 2.210032 -3413.085086 5.656255 -3414.849901 2.501256 2.210032 -3.154999 2.210032 5.266727   0   0  -1 
58000.661400 0.000000 0.000000 -3425.541901 2.702821 -3413.085086 5.344949 -3418.115200 -2.081752 2.702821 -7.426701 2.702821 5.266727   0   0  -1 
58001.483841 0.000000 0.000000 -3416.756314 1.574567 -3413.085086 1.928088 -3420.625679 5.797454 1.574567 3.869365 1.574567 5.266727   0   0  -1 
58001.659262 0.000000 0.000000 -3405.159578 1.746470 -3413.085086 1.214013 -3410.532233 6.586668 1.746470 5.372655 1.746470 5.266727   0   0  -1 
58011.441099 0.000000 0.000000 -3395.359033 2.361032 -3413.085086 9.105935 -3395.004421 8.751323 2.361032 -0.354612 2.361032 5.266727   0   0  -1 
58011.463972 0.000000 0.000000 -3398.194550 2.270627 -3413.085086 9.167282 -3396.355618 7.328350 2.270627 -1.838932 2.270627 5.266727   0   0  -1 
58011.492837 0.000000 0.000000 -3400.505372 2.126682 -3413.085086 9.242992 -3399.696568 8.434188 2.126682 -0.808804 2.126682 5.266727   0   0  -1 
58011.514782 0.000000 0.000000 -3403.093911 2.230855 -3413.085086 9.299277 -3402.654139 8.859506 2.230855 -0.439772 2.230855 5.266727   0   0  -1 
58011.537045 0.000000 0.000000 -3405.241656 2.085680 -3413.085086 9.355254 -3405.208815 9.322414 2.085680 -0.032841 2.085680 5.266727   0   0  -1 
58011.559660 0.000000 0.000000 -3404.004867 1.607452 -3413.085086 9.410958 -3406.686039 12.092130 1.607452 2.681172 1.607452 5.266727   0   0  -1 
58011.588087 0.000000 0.000000 -3408.272196 2.359123 -3413.085086 9.479320 -3406.381464 7.588588 2.359123 -1.890732 2.359123 5.266727   0   0  -1 
58011.611718 0.000000 0.000000 -3408.808471 1.755062 -3413.085086 9.534741 -3404.354377 5.080647 1.755062 -4.454094 1.755062 5.266727   0   0  -1 
58011.634613 0.000000 0.000000 -3403.524582 2.076258 -3413.085086 9.587217 -3401.366558 7.429193 2.076258 -2.158024 2.076258 5.266727   0   0  -1 
58019.530387 0.000000 0.000000 -3416.808792 4.312076 -3413.085086 1.987256 -3402.963080 -11.858456 4.312076 -13.845712 4.312076 5.266727   0   0  -1 
58019.576096 0.000000 0.000000 -3419.493020 4.761156 -3413.085086 1.953770 -3401.909981 -15.629269 4.761156 -17.583039 4.761156 5.266727   0   0  -1 
58021.485174 0.000000 0.000000 -3415.906900 3.276578 -3413.085086 -5.874962 -3412.658121 -9.123741 3.276578 -3.248779 3.276578 5.266727   0   0  -1 
58021.550035 0.000000 0.000000 -3412.895741 4.662862 -3413.085086 -6.044299 -3411.954318 -6.985721 4.662862 -0.941423 4.662862 5.266727   0   0  -1 
58022.507855 0.000000 0.000000 -3426.093967 2.137532 -3413.085086 -5.194688 -3425.714345 -5.574310 2.137532 -0.379622 2.137532 5.266727   0   0  -1 
58022.613117 0.000000 0.000000 -3413.354952 2.387842 -3413.085086 -4.738389 -3414.663405 -3.429936 2.387842 1.308453 2.387842 5.266727   0   0  -1 
58025.440973 0.000000 0.000000 -3394.381850 1.198154 -3413.085086 9.463341 -3398.266547 13.348038 1.198154 3.884697 1.198154 5.266727   0   0  -1 
58025.604040 0.000000 0.000000 -3406.049107 1.440550 -3413.085086 9.793265 -3409.447376 13.191534 1.440550 3.398269 1.440550 5.266727   0   0  -1 
58026.439462 0.000000 0.000000 -3400.170009 2.651136 -3413.085086 10.428619 -3406.786271 17.044881 2.651136 6.616262 2.651136 5.266727   0   0  -1 
58026.524119 0.000000 0.000000 -3391.749324 2.834279 -3413.085086 10.380078 -3397.221234 15.851988 2.834279 5.471910 2.834279 5.266727   0   0  -1 
58820.385845 0.000000 0.000000 -3407.233581 5.604244 -3413.085086 7.014965 -3405.286611 5.067995 5.604244 -1.946970 5.604244 5.266727   0   0  -1 
59416.667143 0.000000 0.000000 -3416.016064 2.191666 -3413.085086 0.073534 -3407.223729 -8.718801 2.191666 -8.792335 2.191666 5.266727   0   0  -1 
59428.721191 0.000000 0.000000 -3379.863485 1.928625 -3413.085086 16.521094 -3390.683251 27.340861 1.928625 10.819766 1.928625 5.266727   0   0  -1 
59442.689993 0.000000 0.000000 -3394.128765 2.616052 -3413.085086 15.527979 -3402.594079 23.993293 2.616052 8.465314 2.616052 5.266727   0   0  -1 
59459.571626 0.000000 0.000000 -3406.988796 1.986261 -3413.085086 2.481168 -3403.982327 -0.525302 1.986261 -3.006469 1.986261 5.266727   0   0  -1 
59473.565133 0.000000 0.000000 -3417.074562 3.502489 -3413.085086 3.503662 -3409.725977 -3.844923 3.502489 -7.348585 3.502489 5.266727   0   0  -1 
57984.680256 0.000000 0.000000 -3384.100000 1.800000 -3381.019435 10.830178 -3380.266728 6.996906 1.800000 -3.833272 1.800000 1.199360   1   1  -1 
57984.751983 0.000000 0.000000 -3374.200000 1.700000 -3381.019435 10.865985 -3371.824677 8.490662 1.700000 -2.375323 1.700000 1.199360   1   1  -1 
57985.674925 0.000000 0.000000 -3368.400000 1.600000 -3381.019435 9.809037 -3370.749925 12.158963 1.600000 2.349925 1.600000 1.199360   1   1  -1 
57985.734244 0.000000 0.000000 -3378.400000 1.900000 -3381.019435 9.646932 -3378.386810 9.633742 1.900000 -0.013190 1.900000 1.199360   1   1  -1 
57985.785126 0.000000 0.000000 -3381.500000 1.600000 -3381.019435 9.500057 -3381.596754 9.596811 1.600000 0.096754 1.600000 1.199360   1   1  -1 
57985.813252 0.000000 0.000000 -3378.400000 1.900000 -3381.019435 9.415884 -3380.118955 11.134839 1.900000 1.718955 1.900000 1.199360   1   1  -1 
57986.682822 0.000000 0.000000 -3380.000000 1.900000 -3381.019435 6.098990 -3377.181214 3.280204 1.900000 -2.818786 1.900000 1.199360   1   1  -1 
57986.754654 0.000000 0.000000 -3369.900000 1.600000 -3381.019435 5.792649 -3369.712557 5.605206 1.600000 -0.187443 1.600000 1.199360   1   1  -1 
57986.778833 0.000000 0.000000 -3367.500000 1.800000 -3381.019435 5.689287 -3370.029729 8.219016 1.800000 2.529729 1.800000 1.199360   1   1  -1 
57986.826543 0.000000 0.000000 -3376.900000 1.900000 -3381.019435 5.485102 -3375.049688 3.634790 1.900000 -1.850312 1.900000 1.199360   1   1  -1 
57987.709214 0.000000 0.000000 -3381.300000 1.600000 -3381.019435 1.754114 -3381.734412 2.188525 1.600000 0.434412 1.600000 1.199360   1   1  -1 
57987.734608 0.000000 0.000000 -3383.700000 1.600000 -3381.019435 1.648953 -3383.454243 1.403197 1.600000 -0.245757 1.600000 1.199360   1   1  -1 
57987.781925 0.000000 0.000000 -3381.600000 1.400000 -3381.019435 1.453352 -3381.558216 1.411569 1.400000 -0.041784 1.400000 1.199360   1   1  -1 
57987.806336 0.000000 0.000000 -3377.700000 1.400000 -3381.019435 1.352624 -3378.558819 2.211443 1.400000 0.858819 1.400000 1.199360   1   1  -1 
57990.664452 0.000000 0.000000 -3374.300000 2.500000 -3381.019435 -1.036093 -3374.870863 -0.465230 2.500000 0.570863 2.500000 1.199360   1   1  -1 
57990.695714 0.000000 0.000000 -3373.500000 2.200000 -3381.019435 -0.908546 -3374.127789 -0.280756 2.200000 0.627789 2.200000 1.199360   1   1  -1 
57990.732741 0.000000 0.000000 -3374.800000 2.100000 -3381.019435 -0.756959 -3376.936004 1.379044 2.100000 2.136004 2.100000 1.199360   1   1  -1 
57990.800776 0.000000 0.000000 -3389.700000 2.100000 -3381.019435 -0.478282 -3385.315536 -4.862746 2.100000 -4.384464 2.100000 1.199360   1   1  -1 
57991.701381 0.000000 0.000000 -3383.100000 1.800000 -3381.019435 2.081516 -3385.536979 4.518496 1.800000 2.436979 1.800000 1.199360   1   1  -1 
57991.772391 0.000000 0.000000 -3379.600000 1.500000 -3381.019435 2.115093 -3376.851171 -0.633736 1.500000 -2.748829 1.500000 1.199360   1   1  -1 
57992.672127 0.000000 0.000000 -3380.000000 1.500000 -3381.019435 -0.161968 -3380.512668 0.350700 1.500000 0.512668 1.500000 1.199360   1   1  -1 
57992.697220 0.000000 0.000000 -3385.800000 1.500000 -3381.019435 -0.284671 -3383.113127 -2.971543 1.500000 -2.686873 1.500000 1.199360   1   1  -1 
57992.743541 0.000000 0.000000 -3387.500000 2.000000 -3381.019435 -0.516412 -3389.588477 1.572065 2.000000 2.088477 2.000000 1.199360   1   1  -1 
57992.771308 0.000000 0.000000 -3390.400000 1.900000 -3381.019435 -0.658310 -3392.290329 1.232018 1.900000 1.890329 1.900000 1.199360   1   1  -1 
57992.826622 0.000000 0.000000 -3391.900000 2.000000 -3381.019435 -0.946824 -3391.115495 -1.731329 2.000000 -0.784505 2.000000 1.199360   1   1  -1 
