-2372.835082918877 
-2366.692216096419 
-2363.428091017148 
-2361.990504890857 
-2358.067676526680 
-2359.306379580731 
-2364.494253235906 
-2360.834052658190 
-2365.424585227420 
-2367.156293377013 
-2366.208596200643 
-2370.708885912883 
-2357.691690515822 
-2361.164738470794 
-2368.085089961980 
-2362.565352936084 
-2365.556687802113 
-2360.721452959812 
-2362.863948905770 
-2358.998413255061 
-2362.770726184563 
-2360.306229831612 
-2364.953237631350 
-2358.579677003559 
-2367.090785303103 
-2361.917295923151 
-2366.051229366393 
-2362.739619394993 
-2357.640941639346 
-2359.616839699253 
-2376.661313056170 
-2364.086751634151 
-2360.625420379954 
-2363.017621397220 
-2358.409496480990 
-2357.671603334708 
-2358.222167726825 
-2364.541920943575 
-2376.883671570226 
-2374.741296329920 
-2352.072359021928 
-2362.326053310928 
-2350.302518159859 
-2360.139024982987 
-2366.702765942410 
-2364.499709340891 
-2353.867178314291 
-2373.092888980827 
-2365.140684290111 
-2364.504827695248 
-2350.032385308945 
-2361.304743013578 
-2361.198570341306 
-2363.348021788142 
-2363.388532859018 
-2356.348765625490 
-2356.804729780464 
-2365.418546993315 
-2357.843342538904 
-2364.235235845081 
-2362.805136497335 
-2366.887242805763 
-2357.694869398435 
-2357.254112758971 
-2364.307334044915 
-2372.519897499943 
-2364.096539182389 
-2354.418131743582 
-2361.643723041717 
-2373.042862928309 
-2366.068045357112 
-2366.715928213196 
-2371.020582399008 
-2372.123682678131 
-2358.125692594961 
-2363.324159425074 
-2358.867016274410 
-2367.026201989818 
-2361.894772125258 
-2359.571265517352 
-2354.927490319626 
-2357.004192754529 
-2364.509591764287 
-2370.252214129647 
-2371.053035252348 
-2362.258429100168 
-2367.735962691806 
-2368.513060795487 
-2371.342398791814 
-2362.835534193260 
-2362.889709954081 
-2364.928587086451 
-2376.875880827600 
-2364.486523452400 
-2367.481467409910 
-2366.195294568998 
-2363.459122994594 
-2358.052628683609 
-2361.476336027539 
-2359.697933704069 
-2364.780650312745 
-2362.992617046537 
-2368.898978971763 
-2364.993167580587 
-2367.048195321727 
-2361.247297648915 
-2371.408151899262 
-2365.607851615399 
-2360.624731160212 
-2365.105141903409 
-2356.662789645666 
-2361.743854111347 
-2367.506202581335 
-2361.335320673267 
-2358.800709582722 
-2370.107905130402 
-2361.705280514992 
-2373.102980792899 
-2360.940555794450 
-2362.302073417302 
-2359.880956247213 
-2366.435352755395 
-2373.342664426703 
-2363.875996847214 
-2363.496366048032 
-2365.664088005655 
-2364.757562011037 
-2360.049977371333 
-2368.110857923583 
-2361.398530530262 
-2353.024726042261 
-2370.790787579346 
-2368.518050167329 
-2365.084985061027 
-2361.992597520527 
-2355.923506813720 
-2365.352831780006 
-2372.529554857887 
-2367.095600437685 
-2367.746285828738 
-2363.957408286209 
-2362.236945421027 
-2355.199807267113 
-2373.830665750223 
-2374.908328383006 
-2374.204832137985 
-2362.099686245232 
-2360.567485331089 
-2353.192972229753 
-2360.716026935529 
-2363.871679560518 
-2364.017236115070 
-2361.254488977975 
-2345.106419312630 
-2364.129456849711 
-2362.488423413230 
-2372.403754858211 
-2365.804728915343 
-2368.736704106178 
-2363.086554241832 
-2361.348736085905 
-2356.413394017048 
-2362.846462558723 
-2354.031092270033 
-2372.396918273605 
-2357.585314072141 
-2370.317439956416 
-2358.277642545198 
-2364.490727994785 
-2365.354170631832 
-2366.721170902882 
-2366.508526641780 
-2365.432621504829 
-2365.415337477702 
-2362.568988103595 
-2366.763702516836 
-2366.109996901816 
-2365.398800229107 
-2356.014212567717 
-2365.754346403232 
-2368.202567749061 
-2368.274645643583 
-2370.689928726742 
-2368.198957189798 
-2362.390922868354 
-2368.195780515623 
-2363.086092541833 
-2368.899115444366 
-2364.281002616074 
-2361.016196834648 
-2356.771762463531 
-2364.960744375023 
-2362.310020267773 
-2371.641656423122 
-2360.573911103943 
-2362.642870412600 
-2361.623608144781 
-2373.532938475914 
-2362.974134254607 
-2361.855351679391 
-2354.358862324552 
-2375.573046438948 
-2368.603971195919 
-2357.317659677043 
-2355.646087158684 
-2364.571006036255 
-2366.471667638352 
-2364.495164593378 
-2369.014646188155 
-2363.876161031054 
-2366.945151631162 
-2361.289302967602 
-2360.698148999848 
-2367.229475271088 
-2358.477386913132 
-2363.478128973288 
-2365.758141571332 
-2364.883663983647 
-2369.668540344780 
-2361.487786316800 
-2364.209002464476 
-2353.604348327458 
-2376.225177000040 
-2357.260253489953 
-2365.592323062821 
-2369.727806889067 
-2355.638264875988 
-2368.282489450348 
-2363.093861725603 
-2366.827080060742 
-2354.811372828369 
-2366.116471063537 
-2365.044038701555 
-2361.872408687445 
-2361.090075213906 
-2363.033662847168 
-2367.620604832538 
-2364.816565234083 
-2372.737531081568 
-2367.994513714820 
-2366.695155043848 
-2356.025235946188 
-2362.762210311917 
-2367.322005152042 
-2365.807034267210 
-2364.109151237349 
-2365.178833658520 
-2363.498980831097 
-2363.425063744857 
-2352.292416120841 
-2361.786825225695 
-2371.488981292560 
-2364.538985342599 
-2363.206948029635 
-2356.869396683016 
-2367.793458198971 
-2379.745106502203 
-2370.327758013360 
-2364.340942148037 
-2369.218257253296 
-2364.148462192613 
-2369.763247070712 
-2367.630824201111 
-2368.990270923989 
-2362.642691948278 
-2359.193460866296 
-2350.499705670628 
-2361.226935904177 
-2367.025157097323 
-2364.908964896975 
-2372.288415528406 
-2360.010763591669 
-2362.223523231718 
-2359.555593085226 
-2361.900377291573 
-2370.542616878874 
-2362.148017663912 
-2354.718425538241 
-2359.338722108177 
-2356.334099948388 
-2358.871841331378 
-2363.825924642415 
-2361.706117428493 
-2360.219495202322 
-2367.192263332204 
-2376.054546193780 
-2379.966261146073 
-2353.581575228843 
-2374.917153586348 
-2368.665566213602 
-2356.786963458863 
-2365.111236841134 
-2375.282761086978 
-2371.001161238955 
-2357.886359815918 
-2371.785633085804 
-2369.957076210775 
-2349.288202171776 
-2364.569866938431 
-2354.725189821774 
-2326.198575067140 
-2341.618383310889 
-2337.964259702346 
-2307.927953287981 
-2327.666982435030 
-2292.437716723329 
-2344.547277077239 
-2339.482259413616 
-2344.661601804065 
-2323.179665748700 
-2302.697195241841 
-2231.302066568230 
-2273.195047632445 
-2272.239287432938 
-2284.910615911913 
-2254.013728337758 
-2248.521581122003 
-2268.404675084196 
-2243.679102211166 
-2321.455883483275 
-2296.692556488794 
-2286.167412342797 
-2197.203098492910 
-2254.177226558147 
-2286.857140112520 
-2269.080127103393 
-2301.799266969368 
-2307.310216261136 
-2325.530971211553 
-2335.315039449967 
-2298.165454686988 
-2217.377529208856 
-2294.958113944082 
-2322.331080133330 
-2308.813208913895 
-2338.363080982705 
-2343.859535696586 
-2360.086083202744 
-2384.581341006573 
-2380.897266314755 
-2383.027829622375 
-2389.108579632585 
-2375.020319642406 
-2356.541663866496 
-2363.857382489741 
-2387.979004086699 
-2384.469875230039 
-2380.807066125131 
-2367.857784884331 
-2366.804424331394 
-2360.848301277311 
-2363.713887698965 
-2369.401232515560 
-2360.731828927995 
-2382.520072143424 
-2374.327210463248 
-2368.182421724685 
-2375.729034531576 
-2370.761146446941 
-2352.688189737885 
-2351.571267579463 
-2344.293740970103 
-2347.636255075173 
-2342.865432359543 
-2331.784461630619 
-2317.733463123413 
-2325.710537269645 
-2332.495030673961 
-2344.826601506987 
-2281.412639324141 
-2270.964660815710 
-2277.158631057624 
-2318.374115609250 
-2326.974796289755 
-2286.854798159865 
-2305.028568545101 
-2286.167888865255 
-2345.478885942083 
-2332.564401021341 
-2340.966248021135 
-2343.526013752043 
-2326.561471704320 
-2339.263894351320 
-2322.232348881739 
-2345.382693353448 
-2329.942826899317 
-2309.003913306728 
-2319.819468955189 
-2312.842432546970 
-2329.016793486929 
-2329.910036817615 
-2323.802454317627 
-2319.652348260041 
-2334.408161385043 
-2333.704620520203 
-2349.583204032494 
-2356.606776598860 
-2357.158093195055 
-2374.469343081032 
-2372.073825978890 
-2397.153385491844 
-2424.601955792893 
-2428.649849108801 
-2440.567330293058 
-2368.255300074503 
-2398.325520025289 
-2446.880355586334 
-2478.563742587440 
-2445.372381181358 
-2394.763997562437 
-2439.425939933700 
-2434.450274946977 
-2405.901285442080 
-2375.419189802005 
-2378.376080441561 
-2371.274054248328 
-2374.118742190671 
-2378.905646729025 
-2343.210294342701 
-2371.990457921816 
-2375.330364269308 
-2360.002374618095 
-2344.976638820197 
-2375.611413082889 
-2379.699826827655 
-2376.184990975014 
-2383.800735528796 
-2379.886111421597 
-2380.668879751325 
-2377.809432293100 
-2385.261484124291 
-2356.399133728428 
-2416.366732018626 
-2394.155051415210 
-2341.422952680015 
-2323.573427733786 
-2315.986106977676 
-2327.811924952809 
-2330.072368702060 
-2347.074674034051 
-2339.902535044720 
-2313.709224454119 
-2323.559081605600 
-2322.243740804938 
-2335.592300426784 
-2317.122756319724 
-2352.064390774943 
-2333.381658451390 
-2336.808217908990 
-2343.738975218500 
-2352.017657396279 
-2350.573044963783 
-2343.620748622885 
-2346.184835235815 
-2356.628941893736 
-2356.869731892330 
-2355.937021721623 
-2348.441383869108 
-2352.948098526205 
-2356.469082541218 
-2357.544797326621 
-2361.525619315390 
-2359.440692257072 
-2363.320367207424 
-2361.606492314413 
-2356.980306288012 
-2355.943699131956 
-2358.746972093746 
-2359.728200378298 
-2363.077233713207 
-2376.961667412671 
-2367.820815241768 
-2369.964939771908 
-2368.971305269151 
-2366.143455082564 
-2352.069673290990 
-2373.347212371849 
-2409.971678079390 
-2407.857035948577 
-2396.226954449905 
-2399.637630926603 
-2405.465997402055 
-2413.486188482519 
-2404.056996355057 
-2369.601022341326 
-2342.316387403253 
-2365.349285209356 
-2356.056649834809 
-2378.086062394349 
-2388.945507017346 
-2356.758785084694 
-2373.001523379611 
-2373.952024956958 
-2328.661208474771 
-2331.728695455286 
-2329.924911049454 
-2343.389748571359 
-2340.782139003690 
-2342.312071472532 
-2337.850805342990 
-2360.091487169860 
-2361.429740646559 
-2358.432349714209 
-2375.232710888155 
-2367.727389115453 
-2358.950028535900 
-2359.194135104272 
-2365.882913244059 
-2375.741067186631 
-2365.331167850979 
-2368.341879295104 
-2370.345259581344 
-2357.843886307852 
-2364.396393430857 
-2363.258049673638 
-2364.109323264280 
-2366.447678058189 
-2362.458061567417 
-2364.799650091855 
-2371.994078550189 
-2362.794604727145 
-2362.673294167643 
-2359.063650995306 
-2367.888636934426 
-2362.764818008631 
-2364.500263879951 
-2355.015314340953 
-2370.148701254473 
-2362.106441486525 
-2369.346619038081 
-2353.946606058905 
-2360.328481635577 
-2360.022319577727 
-2364.854581354099 
-2367.694631435317 
-2365.179656937370 
-2366.716743057324 
-2358.433042859920 
-2360.077306637071 
-2353.771588583041 
-2367.759550735123 
-2364.572308354564 
-2361.639461369511 
-2362.287653416296 
-2363.716896989902 
-2375.160931086320 
-2362.478410950870 
-2359.998519104587 
-2367.928684886088 
-2359.500704445442 
-2358.261547379164 
-2361.781655052248 
-2369.372819444742 
-2360.792713027546 
-2369.220733245289 
-2355.417789796315 
-2353.844063479174 
-2356.427705634290 
-2357.418070288380 
-2356.900758249596 
-2363.393278084782 
-2370.629156558990 
-2361.625231731447 
-2365.789607982630 
-2363.219819136221 
-2362.401152543752 
-2359.521026826986 
-2359.593184164724 
-2351.495048775404 
-2360.158761302527 
-2346.004946717180 
-2365.184183277473 
-2373.860111483609 
-2362.019459639772 
-2362.974312489681 
-2371.205794287210 
-2363.821285083241 
-2365.442336068270 
-2367.364604922000 
-2368.156354157902 
-2367.447742308221 
-2369.976461205990 
-2355.916695051639 
-2355.688499510614 
-2355.752078572078 
-2366.086898900898 
-2365.328255249948 
-2356.516515389782 
-2359.600343626495 
-2363.541595250464 
-2363.668686574315 
-2367.850233365439 
-2363.058969231178 
-2370.291713900341 
-2363.375042332337 
-2368.025478017292 
-2361.999859601979 
-2357.438676832951 
-2368.154363359446 
-2363.982365655133 
-2371.755098305509 
-2364.226562940116 
-2362.212443882199 
-2365.418523278585 
-2355.977719514119 
-2362.833115024528 
-2370.299165384801 
-2379.898376112882 
-2372.742936977945 
-2365.002090329106 
-2365.790074142588 
-2365.573884796378 
-2354.834970866626 
-2358.315803359445 
-2365.978747773386 
-2365.891082454987 
-2375.653077617204 
-2364.211043560272 
-2364.209572205331 
-2373.971610639316 
-2365.384993561162 
-2360.441232387458 
-2368.341154223396 
-2361.915086896138 
-2364.297434401641 
-2359.370773200683 
-2362.008103996127 
-2360.756462742913 
-2363.122890236567 
-2363.696836454075 
-2365.123866797759 
-2358.480254588470 
-2359.549839613514 
-2361.811328567580 
-2363.039240969257 
-2367.221428964376 
-2366.585179089841 
-2359.559688274196 
-2362.126330610586 
-2363.336363824775 
-2361.688601274588 
-2361.946406816183 
-2363.322055145672 
-2359.851049754814 
-2368.423809133194 
-2368.907367182591 
-2359.823745455303 
-2361.569149302856 
-2368.323683474011 
-2360.374224723574 
-2358.478763743017 
-2363.718547689160 
-2360.677395811156 
-2361.481083705988 
-2357.914679214229 
-2349.370803418217 
-2358.034002672629 
-2366.284960840935 
-2362.074134377000 
-2361.953192285243 
-2371.418893535177 
-2365.572309036351 
-2374.285124303319 
-2373.786958580836 
-2355.470644644486 
-2367.572474952497 
-2363.944558753325 
-2367.327959968500 
-2361.144966694891 
-2350.077529222670 
-2354.544138960446 
-2361.864912970265 
-2357.913503043771 
-2369.024879609142 
-2367.785586227802 
-2361.331118987485 
-2362.538147763426 
-2362.121105441558 
-2357.941460166672 
-2362.939674074122 
-2358.216560630684 
-2361.732101050111 
-2367.271102242101 
-2367.200597407620 
-2369.852802016892 
-2361.681168453209 
-2366.549127187080 
-2367.044491573634 
-2369.081360591027 
-2370.651091065232 
-2367.673944299891 
-2369.804996776320 
-2365.234356611576 
-2359.196439667871 
-2359.453681522814 
-2360.225106469788 
-2370.927563084128 
-2374.427929342656 
-2367.344310335228 
-2357.173136174093 
-2366.260994291538 
-2355.615598907228 
-2369.343324908519 
-2360.160798020940 
-2356.250870571588 
-2361.443694625250 
-2361.419573475536 
-2359.934442919242 
-2366.217208030808 
-2368.671545538449 
-2356.700904319534 
-2370.568859690907 
-2365.969391988135 
-2370.975444899108 
-2359.738089884340 
-2364.698450348112 
-2367.257430128106 
-2374.137024973531 
-2366.980409222104 
-2373.477104905166 
-2363.275413734271 
-2360.720008961261 
-2361.735186289568 
-2356.174108851549 
-2357.929491663750 
-2369.536892263775 
-2363.775654663475 
-2375.445558437333 
-2361.311086480195 
-2367.732939380017 
-2363.579084134434 
-2368.359609791753 
-2356.061041655290 
-2350.960981160789 
-2352.842416023597 
-2362.151686536055 
-2371.081610884324 
-2364.310868295618 
-2353.738012932070 
-2361.623583884592 
-2365.770170698483 
-2369.089145994936 
-2362.110687539250 
-2360.600579790837 
-2365.857203466141 
-2376.164448494818 
-2359.734060535152 
-2369.353370724828 
-2361.070640671942 
-2355.445950834383 
-2362.559025593725 
-2357.572816344525 
-2360.204085267049 
-2363.789957961386 
-2373.562929556056 
-2360.277055430122 
-2362.734082376890 
-2367.764822267438 
-2361.616226371610 
-2364.169598772523 
-2369.493520328070 
-2359.425326662318 
-2367.778732205681 
-2368.216721343899 
-2372.360179876103 
-2362.847371832633 
-2367.815010744760 
-2359.934427310252 
-2359.493071935910 
-2361.047295811604 
-2366.635021281642 
-2364.439967978733 
-2365.985434529002 
-2362.018790387998 
-2358.909593494061 
-2361.974307345027 
-2362.437131634953 
-2365.535275262161 
-2359.711538631655 
-2361.950804758178 
-2358.521999334920 
-2362.143749318092 
-2367.568210171971 
-2363.689388456725 
-2356.088526343654 
-2360.833406996978 
-2348.947252401354 
-2365.872562746647 
-2363.557658363542 
-2362.362507904440 
-2367.884338249773 
-2359.352664028302 
-2362.505722574890 
-2368.900692482021 
-2360.486167792944 
-2363.673774870521 
-2359.024689764120 
-2360.316094815785 
-2368.682000472317 
-2368.866623349292 
-2361.737002293406 
-2362.524451047076 
-2360.630425947242 
-2356.827780823461 
-2364.507807973039 
-2359.907008537939 
-2361.920422509297 
-2364.745515522475 
-2357.101561770728 
-2367.420794888786 
-2366.732240097988 
-2357.441615973680 
-2361.239428062094 
-2362.214421236606 
-2364.313104037671 
-2360.651087871649 
-2362.827373658502 
-2362.299662871986 
-2363.269727696501 
-2361.970022236603 
-2361.285523882952 
-2365.781044846028 
-2370.349153988800 
-2365.584203004379 
-2358.446165291673 
-2360.932998330515 
-2363.162314066608 
-2350.696781169926 
-2354.202485140006 
-2356.589617687296 
-2380.787556871301 
-2374.498510359133 
-2361.162713751409 
-2356.952813641848 
-2370.630325690141 
-2362.204640311376 
-2366.748947815356 
-2363.731198064320 
-2374.868157130205 
-2360.220795467828 
-2363.645308698891 
-2360.635129273184 
-2366.104338571489 
-2362.676521167027 
-2357.520551359917 
-2365.618546461594 
-2364.811405229023 
-2362.711870623484 
-2355.317041241931 
-2357.086183961134 
-2372.615962668312 
-2362.119722429202 
-2379.008204187095 
-2362.653339125259 
-2361.671458441198 
-2369.673258578232 
-2377.940462575225 
-2372.929886713305 
-2362.473912958953 
-2361.528900508666 
-2365.996818806123 
-2369.542045807271 
-2364.954694552440 
-2370.690598542687 
-2359.279231631295 
-2365.972292304643 
-2353.211785588425 
-2360.738192996425 
-2356.731660818613 
-2362.245239457491 
-2362.444831602666 
-2363.931900335297 
-2367.475453347420 
-2358.832712512059 
-2368.686500747770 
-2358.390560259776 
-2372.712572358270 
-2362.556501917251 
-2365.047626246185 
-2366.088199665473 
-2359.511014234383 
-2360.207887749632 
-2363.736312661415 
-2365.918461597599 
-2361.470195743350 
-2366.936292345451 
-2363.537163365162 
-2361.811967174639 
-2365.817737011161 
-2364.679217066109 
-2364.970535625294 
-2363.953653440271 
-2373.128377761100 
-2366.654984585593 
-2365.858155535189 
-2362.249393187424 
-2369.477296573042 
-2360.413230336652 
-2364.167938186059 
-2361.759835748024 
-2367.146017990365 
-2360.591652952559 
-2368.110875944820 
-2358.338914882067 
-2359.763587553621 
-2358.013911329382 
-2369.977816298023 
-2363.173926664259 
-2364.577097109313 
-2369.379077892546 
-2365.428508487500 
-2360.913177111745 
-2362.766474318381 
-2356.560032950289 
-2367.463248968500 
-2364.722662502832 
-2369.162270225850 
-2365.351155400330 
-2359.568589733458 
-2367.419270493864 
-2365.064344471137 
-2364.332148382442 
-2362.346346775331 
-2370.816462902867 
-2366.256362551929 
-2365.417134456078 
-2362.234039367036 
-2367.920831961615 
-2359.275474998698 
-2374.170596517126 
-2361.496215797105 
-2374.425622990271 
-2364.541566848508 
-2353.116758157438 
-2361.806347079522 
-2362.891104229117 
-2357.072411403851 
-2363.355780291567 
-2364.062638957474 
-2366.606878135783 
-2363.646555794663 
-2359.145000560921 
-2360.892300833886 
-2365.597279589749 
-2364.457918215644 
-2362.653776406921 
-2360.310179335112 
-2360.366779914514 
-2362.658049031081 
-2367.062793560823 
-2359.142405123303 
-2369.629309595338 
-2367.031424189060 
-2364.406655477020 
-2363.212149395482 
-2361.409453459686 
-2365.142855544338 
-2363.327444648499 
-2363.380322565912 
-2371.970597845725 
-2364.677883242798 
-2381.938277999355 
-2371.050565710354 
-2361.805929909976 
-2370.547633225525 
-2364.884984445703 
-2359.859818250337 
-2362.499441389799 
-2369.110994673225 
-2363.642492701087 
-2362.787630166374 
-2357.822680117057 
-2368.932888285080 
-2364.403172096603 
-2368.302720788479 
-2368.869271403468 
-2360.308526250345 
-2361.430231941408 
-2358.825139957994 
-2358.244042268022 
-2369.166503463250 
-2359.220742393185 
-2360.447975619564 
-2354.368557013451 
-2366.259568057072 
-2363.669543554120 
-2366.009055008079 
-2365.500515600259 
-2365.033775278447 
-2362.705931766678 
-2364.257044639740 
-2365.201163915510 
-2367.906440520617 
-2362.352155754598 
-2368.937375643886 
-2367.760656057545 
-2360.983199958872 
-2361.650666407708 
-2362.123108892808 
-2361.469106406338 
-2361.124219622340 
-2366.320979325915 
-2364.879552657959 
-2365.056693708741 
-2362.094874819564 
-2371.941780871411 
-2364.602670746363 
-2365.878511112140 
-2371.058829032035 
-2362.173956691817 
-2363.637233776376 
-2366.083982746289 
-2361.388056458694 
-2360.920265386511 
-2364.554293917055 
-2355.617795807387 
-2365.056215798218 
-2354.724675854692 
-2366.169392489917 
-2360.648778981563 
-2366.944324607304 
-2364.685619082118 
-2359.536644291204 
-2364.875784795231 
-2365.099138751909 
-2375.395252532039 
-2365.613977411862 
-2362.923098761094 
-2366.117250636696 
-2365.677415878165 
-2374.547769263585 
-2364.992459551770 
-2370.058387025943 
-2360.540743503020 
-2363.052826056145 
-2355.980060880236 
-2358.107960993249 
-2357.070386433998 
-2362.208538973333 
-2363.647057212260 
-2360.274037982305 
-2362.177684068579 
-2363.466841035175 
-2362.266799480027 
-2365.960790258817 
-2365.254107085476 
-2363.023409267687 
-2367.746720833619 
-2354.151584359755 
-2360.672671209664 
-2365.164511236791 
-2365.942548414404 
-2366.914649334789 
-2371.559253841168 
-2370.337324075790 
-2370.678715177675 
-2366.441492864717 
-2360.158883544574 
-2366.097679329191 
-2365.363469308827 
-2366.470136417507 
-2356.276328666101 
-2361.054407038991 
-2364.100802740387 
-2367.987357662370 
-2369.420738768849 
-2365.929261356090 
-2365.224501813736 
-2361.527628781222 
-2363.582847298364 
-2359.809002400915 
-2359.820040177043 
-2359.450972005654 
-2368.131953323612 
-2365.519167315811 
-2369.154618555473 
-2363.029538866727 
-2368.644846558674 
-2364.831246747774 
-2364.258253767659 
-2365.483119348659 
-2363.957587157163 
-2358.487217467823 
-2366.880482654323 
-2372.158571530581 
-2361.152162260918 
-2361.282174326308 
-2356.442970460554 
-2366.781903281585 
-2374.433169797112 
-2372.088306217175 
-2387.002642338382 
-2362.445068006061 
-2364.571535857328 
-2366.807723640637 
-2363.806782858589 
-2349.775268378710 
-2371.103910466625 
-2360.498147717441 
-2366.997418138471 
-2371.958688026164 
-2363.026841624817 
-2364.177531964490 
-2367.373661521690 
-2361.484754486733 
-2370.296601441535 
-2357.141181752479 
-2369.091354222305 
-2364.918942522734 
-2366.806650028236 
-2365.003827715192 
-2366.261435768741 
-2371.428221335422 
-2369.540235865865 
-2349.207211764918 
-2372.955095528556 
-2356.444342483228 
-2361.493653072951 
-2365.167890630142 
-2356.141563947343 
-2365.549509945563 
-2361.294539593176 
-2362.972501025647 
-2359.960660811777 
-2364.212258008337 
-2360.394760742198 
-2359.896206952863 
-2363.113481016782 
-2355.562218272461 
-2358.819885199982 
-2368.154837715618 
-2357.442894111589 
-2368.739293258061 
-2362.066655461993 
-2369.618992257851 
-2366.614444428143 
-2368.927489532820 
-2370.854433201879 
-2372.626346144064 
-2364.516994178655 
-2362.263404448787 
-2353.102179774563 
-2366.825356227725 
-2352.946498794299 
-2368.041066833472 
-2363.161414476151 
-2366.211080572882 
-2361.594301795431 
-2358.117405529005 
-2357.919537370105 
-2368.273273499272 
-2373.457902976970 
-2372.352670402026 
-2364.488676691542 
-2358.566142559020 
-2368.499103467245 
-2364.416163341619 
-2369.649898744506 
-2362.043099180943 
-2366.607809339248 
-2367.448904727069 
-2366.111785776883 
-2368.959964413761 
-2365.936111874758 
-2364.841922470334 
-2360.150398038491 
-2363.206175074397 
-2364.827213323623 
-2365.059452390785 
-2369.640176222342 
-2368.848960855034 
-2368.265984721714 
-2371.985038945571 
-2356.810845171982 
-2361.177161532678 
-2359.038220665442 
-2365.991673138400 
-2361.702613305236 
-2361.588494985544 
-2359.964899874778 
-2366.159504387768 
-2361.232024283683 
-2366.898881420208 
-2364.175304074988 
-2361.177356254071 
-2356.687480479238 
-2364.732061016191 
-2373.868999849107 
-2365.753766865353 
-2366.385279102427 
-2360.226908272134 
-2360.612440060598 
-2380.344164686315 
-2354.848034263028 
-2363.906505938910 
-2365.440840149465 
-2357.367993888587 
-2370.527738376569 
-2360.593731287024 
-2365.534069430833 
-2363.537169759369 
-2372.148688394090 
-2366.556942886706 
-2365.318870464393 
-2361.677119044115 
-2369.375150836189 
-2365.452772901413 
-2363.667118335436 
-2369.545655242664 
-2376.207914086552 
-2366.462248982743 
-2365.778910488409 
-2364.735566653996 
-2355.073747992386 
-2344.831924910520 
-2358.758816742105 
-2367.305952815198 
-2358.320467431514 
-2368.045884126946 
-2356.525999905374 
-2364.992283841357 
-2366.378885617929 
-2361.643750541262 
-2362.688821114961 
-2382.590802773896 
-2367.211010943040 
-2358.354460268236 
-2365.562506773208 
-2358.917373734998 
-2370.778892333334 
-2358.015619340864 
-2367.642950945958 
-2364.611284980836 
-2369.341023507809 
-2366.706669519621 
-2359.665988204782 
-2371.564601888425 
-2363.989644137393 
-2360.709531047759 
-2352.151790864377 
-2361.221966880350 
-2362.867824836562 
-2363.780975613029 
-2368.440894023576 
-2362.674323064659 
-2365.273295442887 
-2360.660097307222 
-2355.001277327057 
-2359.880911070901 
-2362.366316883800 
-2367.049077343518 
-2355.314354406225 
-2364.284001650039 
-2363.635482937808 
-2368.000931730551 
-2359.038306969674 
-2364.078586881606 
-2355.498629719731 
-2371.269440969583 
-2364.505444276769 
-2367.044207513356 
-2357.603940461373 
-2369.341762709643 
-2371.371810639799 
-2365.006301381793 
-2368.410513536106 
-2367.772045648994 
-2369.159761164515 
-2364.072143371494 
-2361.504840581029 
-2360.724047277092 
-2362.645335871959 
-2365.583550249276 
-2369.113201826047 
-2363.537705108830 
-2363.499752012407 
-2357.686806165584 
-2357.487203098850 
-2373.711960313708 
-2359.771849924135 
-2360.117549820192 
-2364.766794133606 
-2359.171227634153 
-2360.957119308132 
-2360.577541368974 
-2366.051321799826 
-2361.475391569267 
-2366.437851607398 
-2359.436908899603 
-2366.229658340425 
-2366.922562222485 
-2363.647830111122 
-2366.484078470777 
-2363.181806597566 
-2366.794892526335 
-2369.998628801395 
-2361.895460986064 
-2355.309455299855 
-2368.556321411045 
-2368.304521508082 
-2370.040956147170 
-2359.629365950228 
-2366.224084670182 
-2366.047346989683 
-2364.337706039579 
-2363.177932990385 
-2363.677859555176 
-2361.417834989710 
-2364.657586937422 
-2360.786489687659 
-2361.336209264171 
-2369.547140680085 
-2366.462702254894 
-2361.773895887224 
-2361.649719365878 
-2358.218685510881 
-2361.879593321641 
-2357.407658109358 
-2361.046277827192 
-2363.722717102905 
-2358.780515462816 
-2359.606169611742 
-2353.691349843367 
-2365.368285336966 
-2358.862210048826 
-2361.902009833695 
-2359.356305866131 
-2361.926379372714 
-2357.734809263000 
-2362.048821078342 
-2359.421565353008 
-2363.874024131177 
-2368.674471857339 
-2359.963146764452 
-2362.233961797483 
-2360.001564449255 
-2363.634554643527 
-2353.533561489349 
-2366.552254681341 
-2362.699763126428 
-2357.276934780699 
-2365.072102988019 
-2365.270558127128 
-2355.428031781511 
-2363.430500168683 
-2356.320176432639 
-2366.993329137629 
-2363.403163103731 
-2364.945542526448 
-2363.812949793866 
-2368.281068599294 
-2364.116163702990 
-2360.322507415147 
-2362.587726039388 
-2361.575920305520 
-2358.824398403893 
-2360.868160377818 
-2361.079318254353 
-2352.634836791085 
-2361.265734256688 
-2354.873670048565 
-2367.725600007213 
-2368.457251847538 
-2360.496995046976 
-2354.020702691220 
-2365.086344508552 
-2365.914989133452 
-2372.818186600474 
-2357.410290102876 
-2369.551430772327 
-2363.085304971391 
-2369.002886117060 
-2367.576055984347 
-2361.853904815045 
-2364.646927626254 
-2357.398989632028 
-2363.262619053204 
-2362.708343248805 
-2369.922651374047 
-2375.245273069927 
-2367.217353549471 
-2365.911118985853 
-2364.482226736345 
-2358.973270759026 
-2369.698093238761 
-2362.971497517142 
-2370.074348746063 
-2355.898244998409 
-2367.373966459319 
-2359.453705386883 
-2360.409871247353 
-2364.766535795783 
-2367.515653501475 
-2362.601674240886 
-2368.486843539432 
-2364.517141083757 
-2362.866012382268 
-2377.877084632731 
-2361.356934535708 
-2368.641329295239 
-2354.651689119059 
-2362.027648679042 
-2359.977063416258 
-2355.743383654124 
-2365.738249961844 
-2364.117650636709 
-2371.048131762367 
-2366.974375164951 
-2357.901291639486 
-2359.326961538630 
-2363.112759181357 
-2362.084604753318 
-2367.403160299648 
-2364.002924339534 
-2366.938636030897 
-2369.712920404630 
-2361.513555559248 
-2363.996894455420 
-2359.091120754787 
-2367.523764938083 
-2366.338133306905 
-2362.026187015164 
-2360.044147640690 
-2366.767161010331 
-2360.756547157157 
-2364.837087706354 
-2366.339219290774 
-2379.481867493194 
-2360.976715236677 
-2370.150234162341 
-2367.456434546891 
-2368.847252031804 
-2360.975324395209 
-2368.300216210004 
-2361.719517770256 
-2363.925024140016 
-2362.847267862748 
-2363.866757154069 
-2355.537776568909 
-2359.484258212627 
-2359.590110841082 
-2362.625127652664 
-2366.105102127595 
-2369.591356625172 
-2363.418985439206 
-2366.469649485965 
-2365.870091960257 
-2359.346039159658 
-2369.285171962669 
-2361.399897457092 
-2365.980284107487 
-2358.435944260029 
-2363.761998384187 
-2366.029018247506 
-2365.201647824834 
-2371.145411618269 
-2365.648574845038 
-2364.336410008344 
-2371.484095419067 
-2361.257293395242 
-2360.857317304203 
-2362.623027982826 
-2359.951784778324 
-2355.481401207936 
-2363.102777766754 
-2369.844695696089 
-2360.425265560632 
-2369.900960927711 
-2362.691448260625 
-2364.714576828784 
-2365.568812879063 
-2367.568906167239 
-2366.995744929382 
-2369.968181505534 
-2371.390949865988 
-2364.799652164399 
-2376.093257501935 
-2356.728588386216 
-2355.696835943035 
-2365.351887862055 
-2354.676292402354 
-2363.085641103098 
-2360.725012980623 
-2370.515574358573 
-2362.643246862960 
-2366.330320490391 
-2363.854314594648 
-2362.290242632174 
-2361.138540192222 
-2363.574744778073 
-2354.159733181181 
-2365.254686468316 
-2366.390110542645 
-2366.495500790911 
-2342.239646349006 
-2354.853613145189 
-2371.691393289023 
-2356.374062282950 
-2361.090040325701 
-2357.973913852411 
-2370.524358362957 
-2368.828000656526 
-2368.238971752035 
-2362.614641768049 
-2365.840585520124 
-2364.202884326657 
-2363.186078031179 
-2368.979750552930 
-2365.203637443631 
-2363.483600211735 
-2359.231349327794 
-2372.250751376857 
-2365.950572112747 
-2358.966271594806 
-2362.780696999461 
-2372.317823298700 
-2357.515438512474 
-2365.092680124940 
-2364.675886875594 
-2361.874747622073 
-2367.218396263517 
-2366.415109336741 
-2359.364154165379 
-2354.333837708360 
-2365.763624169842 
-2361.322073697888 
-2368.445858509196 
-2358.778377769445 
-2363.818791765681 
-2360.711397388500 
-2358.000362122883 
-2363.575561056993 
-2364.751853861412 
-2364.457938812240 
-2370.437734967380 
-2365.116330333362 
-2362.901797014861 
-2361.430979570942 
-2365.309528278198 
-2360.475381056488 
-2370.772019627951 
-2363.621853689277 
-2358.737481993591 
-2362.782612874721 
-2368.225877197622 
-2368.159448495135 
-2356.100774616059 
-2360.574835546300 
-2356.539641616586 
-2371.044137794444 
-2361.383753643322 
-2361.278181007353 
-2370.663641077281 
-2371.507514399507 
-2368.266138513888 
-2365.475877561576 
-2365.713417366851 
-2359.411677540433 
-2364.674201371271 
-2360.047959218532 
-2361.885281985356 
-2366.865468433815 
-2366.633099959873 
-2362.960517525697 
-2365.586859377091 
-2370.528725507469 
-2364.006503225649 
-2359.712347724625 
-2365.071972944364 
-2363.724107992456 
-2365.936248806003 
-2354.768933053043 
-2375.666431942174 
-2360.311094174524 
-2362.318617456653 
-2365.891233377628 
-2365.368284733038 
-2355.917636357176 
-2364.892041589596 
-2362.829424174841 
-2369.153160699657 
-2365.030286584488 
-2372.834044531856 
-2368.299389508558 
-2369.858680025149 
-2359.052502454023 
-2361.565687144434 
-2365.745728503804 
-2363.428412498630 
-2351.194465674753 
-2362.683335343901 
-2364.167853945501 
-2361.687439022763 
-2351.740631626908 
-2364.190964958490 
-2362.561491185232 
-2370.408188132552 
-2372.977824043414 
-2367.634147550335 
-2366.565355791845 
-2363.593630668644 
-2363.592817709752 
-2360.883583201418 
-2362.485375027562 
-2361.404795627961 
-2362.404356758658 
-2360.155784914154 
-2359.694905715216 
-2364.305987657920 
-2366.634562965322 
-2365.115763569321 
-2357.095553544414 
-2364.299754373823 
-2378.894322359180 
-2366.184269714861 
-2354.519396597783 
-2362.327023911208 
-2364.050766834796 
-2358.082996220352 
-2366.774270909367 
-2368.514499764192 
-2366.495090444367 
-2362.517819837242 
-2363.412928877257 
-2367.312495713265 
-2370.030663842852 
-2364.204859096259 
-2365.101813975682 
-2356.907094814317 
-2368.814094199378 
-2364.739374766722 
-2359.026080221228 
-2371.178580915470 
-2369.207299226170 
-2370.696193955114 
-2361.163952955302 
-2362.554220081466 
-2366.601078000145 
-2364.470926694995 
-2353.739700715623 
-2362.351749071770 
-2359.366871306963 
-2362.618550820821 
-2368.902452851045 
-2362.414986248950 
-2363.782937750747 
-2360.335403660650 
-2359.841258662541 
-2362.314007349455 
-2364.504981849673 
-2359.412587380005 
-2353.523868787724 
-2371.203645303970 
-2365.654586449753 
-2358.695293935437 
-2352.587800414043 
-2357.075035469009 
-2363.451625180352 
-2364.620901979260 
-2365.616047230176 
-2371.259294201216 
-2366.443392421881 
-2360.145851011392 
-2360.042480388952 
-2364.011386909915 
-2367.555553659868 
-2356.599155319484 
-2355.448137818499 
-2362.007934578478 
-2364.114341888765 
-2369.590581172924 
-2370.009133908713 
-2359.117004842302 
-2360.552091693772 
-2357.972469427456 
-2364.484451858648 
-2367.746762935810 
-2365.512698761604 
-2360.279043966621 
-2363.605897503643 
-2339.958160514649 
-2366.639223756079 
-2363.738536001779 
-2365.296078050053 
-2359.050714184011 
-2362.320181205712 
-2357.279899952429 
-2363.001430751639 
-2362.728432311203 
-2363.370002120921 
-2360.256932362602 
-2372.952401050821 
-2365.546425404014 
-2367.942238773872 
-2357.359785313121 
-2359.223694321203 
-2357.578975828652 
-2360.416035968150 
-2371.160267606606 
-2378.831340712114 
-2366.146002003316 
-2367.007717265476 
-2363.780016523597 
-2367.002069525297 
-2360.037673350714 
-2364.565428992045 
-2365.486196805532 
-2359.711779857906 
-2362.337202362864 
-2364.443478437592 
-2367.140512059843 
-2356.624685510596 
-2365.254760846329 
-2366.365713607409 
-2360.849895057007 
-2365.911125923287 
-2367.581537168279 
-2362.619492402199 
-2365.640068461903 
-2378.726578835478 
-2370.872594225326 
-2365.045887972018 
-2369.279234741668 
-2361.210943467299 
-2344.688620117807 
-2362.454405852127 
-2361.038488311506 
-2366.925539320701 
-2357.287908813550 
-2366.182503869128 
-2357.857004777268 
-2369.797108159225 
-2361.808056052715 
-2364.415940065566 
-2365.379026831100 
-2359.444004133745 
-2373.945702135556 
-2364.088512955247 
-2359.182442314893 
-2358.240970873685 
-2365.525753635752 
-2375.545396655747 
-2364.177986567433 
-2355.169398795911 
-2374.769116311913 
-2366.794544336700 
-2366.723095625193 
-2363.715907702589 
-2365.781717807183 
-2368.297521539185 
-2361.961697794672 
-2366.506367603138 
-2361.629891602618 
-2368.133139670857 
-2364.829275868090 
-2364.797284573419 
-2365.251739549162 
-2361.060880318700 
-2361.584921975788 
-2360.970781149827 
-2364.422528679110 
-2363.843187697718 
-2366.198750545421 
-2366.256036327090 
-2349.029691313872 
-2369.250274988443 
-2362.335041407860 
-2365.976702667920 
-2361.869882620801 
-2365.853787033880 
-2371.226743221327 
-2365.182607818674 
-2361.110496054514 
-2359.967614741704 
-2366.272443787934 
-2364.775186425351 
-2363.645965265926 
-2363.553598183440 
-2368.460540591690 
-2371.801643635324 
-2371.226436252070 
-2366.437083738894 
-2373.044645214112 
-2362.515555255055 
-2370.450503876574 
-2361.857181660579 
-2360.903398855855 
-2360.958204781480 
-2352.868741854283 
-2364.291994906954 
-2363.116356637277 
-2364.094880681028 
-2363.757715377663 
-2360.110822595778 
-2365.948645158252 
-2363.791851326213 
-2361.224374453741 
-2369.813148838819 
-2363.555674517817 
-2349.145842983459 
-2364.394549639790 
-2355.151782673130 
-2357.083643176492 
-2361.310378594545 
-2367.806816788261 
-2367.942883061478 
-2367.021039751613 
-2353.950757010894 
-2361.197049005724 
-2372.528817519408 
-2357.059350783081 
-2362.765074603587 
-2362.463391668039 
-2358.285269950501 
-2366.530504044930 
-2364.944207272170 
-2358.176198682718 
-2362.052361267015 
-2359.896667898867 
-2363.674621691356 
-2361.358450653088 
-2366.315816839983 
-2349.768365482618 
-2367.327283737803 
-2365.131773023014 
-2363.385300812752 
-2366.671818779375 
-2369.766472675862 
-2361.632922791138 
-2347.973611487269 
-2353.522130773622 
-2356.049888094640 
-2368.319806128249 
-2366.411738419970 
-2364.006303185477 
-2362.982845215200 
-2370.581986961747 
-2364.360063253609 
-2354.022027627614 
-2369.332303929296 
-2368.170234492297 
-2365.749197187356 
-2371.755618687571 
-2356.487876371805 
-2363.993511699340 
-2361.477881580999 
-2364.646220562596 
-2358.206484849682 
-2357.900077974394 
-2358.591143615815 
-2364.737483408585 
-2367.978600831088 
-2373.074846709551 
-2373.994953967113 
-2369.554927178296 
-2361.761303288686 
-2365.544184460316 
-2369.033453898295 
-2368.803316940045 
-2365.177194110965 
-2368.008311723297 
-2356.622893270050 
-2354.608000686278 
-2360.926526452857 
-2357.510554757714 
-2365.412373910521 
-2363.406877785846 
-2372.972754826319 
-2365.168018690603 
-2366.220775170743 
-2360.405235314727 
-2364.910758296740 
-2370.506494932910 
-2359.427541682382 
-2364.003821754218 
-2374.021222504424 
-2371.206421603284 
-2371.421790540835 
-2368.432996881556 
-2361.372639429736 
-2358.869828220132 
-2365.627002328962 
-2361.279566014863 
-2362.687448692727 
-2371.709903457094 
-2356.775947341805 
-2373.414208794933 
-2362.904167774595 
-2367.551169235190 
-2361.161044936086 
-2362.255368619999 
-2367.712517274171 
-2362.475823734514 
-2362.829606553897 
-2372.556270992046 
-2359.379410787389 
-2358.342908808062 
-2364.709383815738 
-2361.578348461501 
-2363.591368483294 
-2369.901144291194 
-2357.949936809049 
-2372.401672539254 
-2366.558114803022 
-2364.435274492992 
-2368.761250396151 
-2363.254431123131 
-2360.632262597966 
-2365.326444170552 
-2366.890209319145 
-2360.444779381443 
-2371.255357441390 
-2367.644048747596 
-2362.709078757117 
-2369.329679723883 
-2359.921572563140 
-2361.428854821952 
-2359.918571905633 
-2368.860548358133 
-2368.197684606365 
-2367.082089125172 
-2372.290996020735 
-2361.719416926439 
-2361.812435946823 
-2355.253988104024 
-2363.131158055354 
-2378.449797658367 
-2359.845653665381 
-2360.467222780216 
-2364.676770053703 
-2359.991945025298 
-2367.117664934347 
-2365.487437483917 
-2368.450350950382 
-2367.331223561512 
-2369.391875403311 
-2367.263850350212 
-2364.591076575548 
-2359.022881665179 
-2364.768928576696 
-2355.925822677767 
-2369.982141176782 
-2364.006956936586 
-2371.471086923768 
-2364.990102058912 
-2361.346148534625 
-2361.194888419571 
-2362.215210259854 
-2361.040274285423 
-2361.202747248549 
-2366.262292199116 
-2367.131894482127 
-2367.461601703178 
-2369.336858602086 
-2360.883264852435 
-2360.759494786301 
-2365.053559073996 
-2363.250980381428 
-2353.012844909548 
-2368.476867696022 
-2373.719786400000 
-2358.526398408126 
-2365.518179768926 
-2364.001578294225 
-2360.037465822322 
-2364.751944597940 
-2365.352378608888 
-2366.382969704719 
-2362.019475499744 
-2373.627068231061 
-2364.670819311806 
-2366.871318509536 
-2357.672963812862 
-2364.607001732913 
-2351.965887728170 
-2365.344052416916 
-2365.980356442434 
-2362.017122415123 
-2363.546143364019 
-2364.073305831912 
-2370.080282392596 
-2364.855368352533 
-2364.372572949086 
-2367.025942982637 
-2359.596586521151 
-2367.256349493070 
-2361.117013455564 
-2359.407106455794 
-2364.938027994406 
-2366.000113724148 
-2347.805342375580 
-2367.197430216170 
-2359.411274342397 
-2363.661871987074 
-2359.875808748130 
-2357.441020952712 
-2359.420357995579 
-2365.807381164204 
-2358.959207706635 
-2366.422917136734 
