-96.394174022427 
-91.893454670542 
-91.261334837844 
-91.654503769917 
-92.315357090111 
-94.187150434458 
-92.561474430279 
-98.150138859168 
-91.352237154044 
-92.774693172666 
-91.601349063713 
-94.895002042247 
-92.330832243061 
-92.256719236915 
-91.347581279354 
-90.788182252880 
-91.997627914506 
-90.822508689514 
-91.702601093878 
-91.655548373937 
-90.713497329935 
-92.918700171714 
-96.972362593352 
-91.605895757072 
-93.094358119126 
-92.053796675419 
-91.736089392287 
-90.457116647657 
-93.910923928833 
-92.522409961041 
-96.158773635510 
-90.957085888083 
-91.729058955367 
-92.789869812908 
-92.462567171523 
-92.705208239775 
-95.198249968183 
-90.857154967579 
-98.286879248372 
-95.004281255271 
-94.796548071808 
-94.243447575596 
-97.639811239846 
-93.969418578900 
-95.133097329367 
-90.920369460586 
-95.752771660322 
-94.808817230465 
-94.767558823782 
-93.308869449788 
-95.960254418270 
-92.822336179934 
-96.950483172373 
-90.455439700924 
-91.597825362380 
-92.300037215900 
-94.650395348337 
-94.784288131175 
-92.740186893893 
-92.374756555043 
-91.262437749381 
-92.630605299112 
-92.249017560685 
-93.392483560947 
-91.447653968921 
-95.453923296908 
-93.005664213740 
-99.326349990729 
-97.153536968960 
-95.998944126242 
-91.333745305015 
-91.191821680262 
-93.779330481209 
-96.356487812367 
-93.925803117853 
-92.861851484422 
-97.260512953689 
-92.482710854992 
-93.751263261920 
-92.379434420728 
-94.191185843567 
-94.146524988955 
-95.045971687104 
-94.321345966908 
-94.135773246430 
-92.291821420574 
-93.847503561329 
-96.126920381381 
-94.056656241717 
-91.510512305189 
-94.001383324777 
-95.647150358318 
-98.833146636045 
-91.822303666141 
-92.651801369729 
-92.218981898339 
-93.646990604050 
-94.726884179741 
-91.862275574328 
-92.236304418144 
-90.507002709703 
-90.752764322600 
-92.514058608487 
-92.831926029823 
-95.581881343529 
-92.475634766201 
-94.743324794205 
-90.514195353329 
-92.377015368354 
-92.774455970516 
-94.542953904183 
-90.622730119821 
-91.465908105382 
-90.796015554209 
-93.806770391719 
-92.451451078623 
-92.674187090073 
-93.383409353908 
-91.002514877661 
-93.501477485698 
-94.359084351229 
-93.713014009010 
-97.104693484265 
-92.917954896612 
-93.148146074934 
-90.868909912840 
-90.705366761801 
-93.073292928384 
-91.251757081467 
-90.996223936018 
-94.747192077655 
-93.639999444937 
-92.141443221795 
-93.859708756470 
-93.998450477508 
-95.556350231560 
-91.638516906195 
-96.159549693322 
-92.485525294463 
-93.442312012075 
-94.460515996988 
-95.455892720375 
-96.347006622144 
-94.205912713778 
-96.544202444299 
-95.922223142320 
-93.217586453785 
-96.585763767651 
-95.810451026959 
-93.893532235396 
-94.976627234217 
-93.246537233869 
-94.742608254508 
-100.257618029816 
-92.380998239793 
-93.016276929094 
-94.260787301974 
-93.028894237728 
-95.038764618789 
-91.488295034555 
-91.479599393414 
-97.975565908726 
-90.332046079021 
-96.255736281364 
-94.901425813968 
-92.957903753708 
-92.327999359710 
-93.569378394942 
-92.721705275319 
-92.067635765614 
-95.011989561923 
-91.751854530328 
-94.005506042110 
-92.855697683375 
-91.117605900124 
-93.131272159919 
-94.884677207468 
-92.024429070922 
-92.521806469472 
-92.282343493118 
-94.486560919134 
-95.508050921487 
-92.304816489312 
-93.475956529105 
-91.128055965049 
-98.944952436984 
-92.281487149021 
-93.040770923747 
-90.754403727028 
-90.738346059099 
-93.227865153266 
-90.856822550372 
-93.316075934156 
-93.015676861890 
-91.133911640820 
-91.073620202033 
-90.515283983981 
-94.259989038955 
-90.551932455854 
-93.420489502101 
-97.657066624429 
-95.704879575550 
-92.070969697231 
-93.242377650255 
-94.901471768514 
-94.859464842139 
-91.635090640825 
-94.154932902405 
-93.350596802436 
-93.856468775837 
-96.681280492432 
-94.739651932116 
-92.293517466326 
-98.602426370105 
-91.203099940257 
-92.510457118004 
-94.292944862060 
-96.037038609675 
-95.375186841148 
-91.238571186359 
-92.802549850653 
-93.896197988664 
-95.468368368998 
-94.489225705806 
-90.936082982181 
-94.589520333625 
-93.920705972314 
-91.434739869327 
-90.749785049517 
-96.452232702528 
-93.840448284532 
-91.724847408487 
-95.040378612885 
-95.226159165377 
-91.892025751225 
-91.160165311854 
-90.976410036783 
-93.143221188374 
-93.469592389072 
-96.883979440576 
-95.714917454700 
-95.808189113709 
-91.271938819129 
-91.304346722506 
-91.925460585935 
-91.276343656668 
-91.140678737071 
-90.965233557025 
-91.481028410104 
-95.941740746001 
-95.802030998407 
-93.438264809633 
-93.872142643332 
-91.119167564825 
-94.021404259322 
-94.688156916166 
-98.209729787074 
-91.993135111952 
-91.209771119068 
-93.030330522587 
-93.515715977586 
-95.199043934672 
-95.856827258761 
-92.024773511991 
-92.560623627404 
-91.959032885252 
-95.761160982018 
-90.752796139435 
-92.070409386641 
-93.332835059350 
-96.964533155322 
-96.759780352374 
-92.463084533517 
-91.270505942490 
-92.998839538465 
-92.238391972142 
-91.463487626773 
-95.018068397160 
-95.398807570107 
-94.086827549371 
-91.602043994689 
-94.609209786597 
-91.036101069048 
-91.679255733134 
-90.876426167967 
-94.822470595790 
-99.991178210068 
-96.379210604205 
-96.551713848268 
-94.843357014675 
-95.606168760796 
-91.228520103647 
-95.318720371898 
-95.102906533418 
-92.371836384407 
-95.378082795727 
-94.920205272055 
-99.346069648472 
-92.296651744220 
-92.849787391975 
-124.550912852191 
-124.134397786668 
-125.580903970050 
-125.050551168819 
-124.333685311491 
-125.890929064623 
-124.638983869449 
-124.177603418713 
-126.091129447335 
-125.703091926917 
-125.184104310576 
-129.432551872779 
-126.860789182820 
-126.886500315058 
-127.382461203505 
-128.611034805937 
-128.213292998011 
-126.953536343814 
-129.738163788702 
-125.162346281120 
-125.340280116875 
-126.058959612245 
-130.778061744051 
-127.435228318341 
-126.839085863452 
-128.642193779904 
-125.769412073202 
-125.984866004499 
-124.473727862607 
-124.173950369660 
-125.906600927121 
-130.055693056722 
-125.724529597385 
-124.504391061801 
-127.407274745800 
-124.835727347275 
-124.823395975121 
-124.268785974559 
-124.429601007807 
-124.287589694060 
-124.367465478818 
-124.486260321371 
-124.928058982567 
-125.234646312386 
-125.677798103332 
-124.607235426825 
-124.584071312127 
-124.631684208592 
-124.432670789477 
-124.414470451547 
-124.358292434575 
-124.209326788637 
-125.010955482018 
-124.234993371164 
-125.067996656811 
-124.423992605334 
-125.588223809668 
-126.634781219886 
-125.609863424966 
-126.152108645421 
-125.097559664803 
-126.185576932078 
-124.027294621999 
-124.201545891819 
-125.293121335609 
-125.200752487412 
-124.493691869446 
-125.530591459686 
-124.314181918773 
-128.152182869489 
-126.641772259995 
-126.869593606043 
-124.718996544058 
-124.767045413166 
-126.118774769091 
-125.015222273382 
-125.849492264717 
-124.211830361999 
-125.172657379046 
-124.785338126501 
-124.150659334190 
-124.485682295469 
-124.542405379490 
-125.410616752779 
-124.043665579398 
-124.328169186368 
-125.203168534678 
-125.409374074441 
-126.276982193101 
-124.590003199143 
-124.435022549883 
-124.535442394474 
-124.587116456709 
-124.325846818657 
-125.048667584824 
-124.042512294992 
-124.070745593080 
-124.800030387730 
-124.165553378500 
-124.380441937994 
-124.771643241491 
-125.983843432140 
-127.326820828245 
-126.745508635226 
-124.086368818788 
-125.860722573238 
-127.553404483390 
-129.312160817128 
-126.789707885394 
-124.727417683777 
-127.694857891238 
-126.833587151372 
-125.238984747361 
-125.232578894975 
-124.797797530280 
-124.632443334123 
-124.298055957696 
-124.700241063440 
-125.740965306153 
-124.189059668118 
-124.210850074838 
-124.269124100837 
-124.784736607878 
-124.184377845131 
-124.257542717409 
-124.923802002253 
-124.346649468635 
-124.252086780360 
-124.276855866387 
-124.197851630980 
-124.766843544342 
-124.025869684629 
-125.507816355251 
-126.941718012548 
-125.411790310000 
-125.293624246114 
-124.729615271617 
-124.614582974461 
-124.503933706375 
-124.340821166921 
-124.393953587858 
-124.738915724759 
-124.453854289341 
-126.362401770765 
-124.196596403803 
-124.678057642747 
-124.288526901705 
-124.530524040048 
-124.233677531103 
-124.391148541361 
-124.291944073312 
-124.242551566403 
-124.082206504750 
-124.589937474940 
-124.192111759661 
-124.075743017346 
-124.028959380174 
-124.883311437575 
-124.012581024886 
-124.264658131654 
-124.184420718358 
-124.173047482696 
-124.050761187923 
-126.628656174207 
-124.559718611481 
-124.015922783382 
-124.283335049757 
-124.008692869001 
-124.014840429640 
-124.240039477408 
-124.268038556314 
-124.077521848570 
-124.174088756908 
-124.163604122098 
-124.316224200943 
-125.176425814234 
-127.177573472851 
-125.128179959438 
-125.224760298567 
-124.916581236014 
-124.859580667726 
-124.999074362954 
-125.775031295988 
-124.960719723506 
-125.431146087532 
-124.547886731957 
-124.581326279057 
-124.398710090170 
-124.357615074320 
-124.882472511975 
-125.351320160580 
-124.360890730384 
-126.769957373073 
-126.907248949400 
-124.415149003615 
-124.499812234361 
-124.202877473594 
-124.709720478452 
-125.100594282155 
-124.888906852413 
-93.539057198845 
-93.253918364453 
-91.758774259340 
-96.367556819376 
-91.907223474616 
-92.195835994541 
-91.676779514138 
-91.987647063446 
-94.933362008296 
-91.840422044249 
-94.699779279423 
-92.181952631710 
-92.994365390350 
-93.174680624707 
-92.556383573426 
-97.103153994523 
-92.631236845210 
-91.534495756417 
-91.006236541765 
-94.110954190017 
-96.607353620058 
-91.563749801946 
-92.729625626577 
-93.830686118371 
-91.076954587835 
-90.468105993401 
-97.407272913868 
-95.195007281787 
-93.000023407040 
-93.607247590246 
-100.167932301303 
-94.487467658560 
-92.152645557081 
-92.085063835982 
-91.508330637875 
-96.700626327265 
-91.456222855373 
-93.775188267957 
-93.162699987030 
-95.271965244699 
-94.416500672578 
-93.375035843930 
-91.776827037521 
-95.420041370235 
-91.605351508786 
-94.466572824833 
-92.963227424114 
-95.992982603453 
-93.085739399977 
-93.125693473302 
-93.463401211093 
-92.986389785090 
-93.476448267061 
-93.625108534308 
-94.663729935883 
-93.856811749211 
-97.003641333097 
-92.126020103337 
-93.032172248430 
-96.364454664252 
-91.004103769009 
-92.600665764809 
-91.793669615219 
-93.487273598091 
-93.428236710365 
-90.961234738442 
-92.488456234083 
-92.487501817867 
-94.829659038311 
-91.290094155313 
-98.353648264221 
-92.849366180047 
-97.108740923442 
-93.563351032144 
-94.894579699730 
-94.326138751672 
-92.786981712050 
-92.204824219662 
-95.857379033675 
-93.579512044920 
-93.174639501572 
-97.247103322062 
-93.747717665339 
-94.085192771260 
-95.788501354222 
-91.907927685711 
-94.241493574534 
-91.838963157071 
-94.669724605034 
-91.136248760625 
-93.845589850188 
-95.236472779240 
-93.087752658270 
-96.208714362863 
-93.754351535710 
-91.544300215068 
-91.016029107804 
-92.841052544078 
-94.752488769747 
-91.205955459033 
-96.036139911068 
-104.748851347516 
-91.110391334911 
-92.860177069980 
-93.270623447687 
-91.529546088091 
-93.968204446376 
-98.889932152415 
-93.167586303340 
-98.019094174693 
-91.706234279148 
-93.044065977280 
-94.121043117013 
-92.835929767842 
-92.894931149107 
-92.303435817558 
-94.626642502128 
-91.201587160720 
-93.060405561216 
-95.222728543924 
-91.323503409233 
-91.252872049954 
-92.426677392036 
-93.381695793090 
-90.687083468640 
-94.399002790734 
-92.180798562066 
-92.462120800099 
-93.273507538781 
-98.813378018273 
-93.407734045081 
-91.828780927072 
-92.920194143734 
-93.766384254370 
-90.788423557833 
-93.747751636823 
-91.271594334149 
-91.733913542577 
-92.289756032274 
-93.755901574558 
-91.938626418316 
-95.947270209951 
-93.654146856724 
-103.487727899265 
-93.053564179873 
-92.484155405386 
-93.216272434919 
-91.238786139403 
-92.181215330069 
-97.589962799797 
-94.352524542167 
-93.763493780391 
-91.390857922672 
-91.520769491792 
-94.033787756641 
-98.164912819700 
-92.020023342596 
-92.924197327824 
-92.500207693205 
-91.176395081794 
-93.092189538029 
-94.911202664540 
-94.324656338599 
-95.426593294523 
-93.064831713276 
-92.112804016683 
-91.358366728798 
-93.459375075546 
-91.864445816718 
-95.907918148580 
-93.152614998117 
-93.734220689017 
-92.422900018870 
-94.016438900990 
-95.164624738283 
-91.441746787936 
-91.794436514784 
-90.758728063349 
-92.638620235501 
-91.934900991970 
-92.147185654741 
-93.362262933393 
-91.598706847979 
-91.605325864524 
-98.650545530988 
-92.512744808338 
-97.457833767517 
-91.550123290217 
-93.301576516956 
-93.896220154107 
-91.758007682614 
-93.703010766512 
-92.537038525327 
-96.900555339863 
-94.366767492723 
-92.430027077445 
-92.141135654023 
-95.549321275012 
-91.476129072910 
-93.584408553112 
-94.050085999281 
-94.279894968519 
-92.265780022452 
-96.797911735185 
-93.524789325631 
-92.616032578476 
-92.011924381640 
-93.889401323847 
-93.198068220703 
-94.235383187288 
-93.850150351099 
-93.249040602488 
-93.346460212240 
-92.188634938333 
-94.867410780158 
-93.385298252197 
-92.311661550352 
-97.100658923810 
-100.154476190583 
-94.051722934069 
-91.188984879967 
-91.104156576814 
-91.492385093985 
-95.313106888288 
-92.089951889126 
-93.486267505833 
-91.306208176335 
-100.975434833500 
-92.273432621476 
-92.034381350994 
-94.884691654839 
-92.016124879971 
-93.017562474718 
-97.914140058177 
-95.684605464850 
-91.633007265769 
-100.845469136834 
-92.597550240880 
-96.928307658195 
-92.325476533218 
-91.033929366246 
-93.306802143059 
-91.653959893502 
-93.025573528896 
-94.540208817141 
-95.165168256032 
-93.744398027171 
-92.658806979207 
-91.254610086133 
-93.135603408983 
-93.313967978748 
-91.637387469365 
-94.751366960350 
-92.615709208825 
-97.320597517101 
-96.477027067148 
-91.028354855053 
-94.051832434560 
-92.932863817779 
-92.041817794444 
-97.185711494487 
-93.704992744625 
-93.139884902408 
-92.881402939693 
-96.267833331848 
-90.992384553367 
-94.642611302434 
-91.026255844223 
-92.237652616047 
-93.164853025356 
-91.058306540569 
-92.082053307254 
-92.212071772758 
-90.944257461212 
-92.959460323591 
-94.948719829036 
-97.171627385870 
-97.384317591705 
-92.564655904727 
-90.936162390199 
-96.034303856235 
-91.884186364201 
-92.001988558196 
-91.605515552501 
-92.351709298147 
-93.376414962286 
-98.513294201309 
-94.195857133358 
-91.047856341519 
-93.267911063640 
-92.768069724829 
-92.672704453051 
-96.085731426850 
-92.483154485344 
-92.123736222465 
-91.492914745692 
-93.345113800254 
-98.323739165167 
-96.790938919882 
-99.761962986515 
-93.508004568585 
-92.823484143940 
-92.893853755156 
-93.597906062855 
-91.775711029376 
-92.978476201964 
-94.606928104188 
-92.441464270578 
-92.551954746469 
-91.002733814666 
-93.100988127010 
-94.790794307988 
-96.174294344639 
-93.690443442588 
-91.756667083794 
-90.945573959155 
-92.671834964922 
-93.406831907814 
-93.807573964116 
-91.925612818981 
-91.299544840162 
-92.263340823570 
-95.473182003319 
-92.495002910995 
-95.140062331147 
-91.795224332384 
-94.356565349678 
-99.441397992545 
-93.820678322990 
-94.126371739545 
-100.494164175182 
-94.335968508163 
-92.834495738292 
-91.683320494335 
-93.911734631195 
-92.862513761183 
-93.287065070823 
-92.177626321246 
-95.167048278758 
-96.201643365377 
-94.159211319668 
-91.902201828412 
-91.638918803143 
-96.551444610385 
-95.004305450921 
-91.697758774692 
-92.904324416560 
-93.139616486012 
-93.715422327322 
-95.632341384832 
-95.207513527913 
-91.446939419474 
-96.528423520633 
-92.010911358467 
-93.059367128769 
-93.307369025379 
-96.758110151885 
-94.000051141988 
-91.796731172532 
-93.623776640020 
-91.423781083297 
-96.633843417467 
-97.652334689962 
-99.260169877033 
-97.771231096796 
-92.177501097814 
-94.895653957510 
-92.395983378247 
-93.428594653283 
-92.481236428598 
-92.202674802028 
-92.372879717061 
-96.051966968048 
-92.852943087908 
-91.259749119869 
-92.204463525123 
-93.244399171647 
-90.850531641652 
-90.294494522977 
-90.667168977604 
-99.198589856431 
-92.279460817461 
-92.545196892624 
-92.482239907270 
-91.004055306541 
-92.780099582311 
-91.724711141130 
-91.812661265200 
-93.128666045297 
-91.013605660279 
-91.729463823335 
-93.364065348234 
-93.213769468633 
-91.751969981976 
-90.868119839792 
-90.965210971984 
-92.834865683645 
-97.314792145586 
-93.202860278445 
-92.948809729037 
-96.567318921248 
-94.810532761900 
-93.062849469438 
-92.727455784006 
-95.462635700299 
-95.861813573915 
-93.779696581395 
-92.388105383734 
-97.069029445167 
-92.849280131986 
-91.234673435103 
-94.283569191350 
-92.595035804271 
-94.125243209574 
-90.998905253790 
-93.823468285046 
-98.165673108082 
-91.598014255649 
-92.669295510539 
-94.241919322904 
-94.007454993581 
-90.824118810728 
-91.529379223614 
-94.761824591776 
-92.281203621018 
-96.713934336903 
-95.468153776174 
-91.017076206519 
-92.181369051718 
-93.412269184216 
-92.894479952428 
-96.627874424034 
-92.559265393095 
-94.076971073579 
-94.945996979552 
-95.827001885912 
-92.918489734418 
-91.026981543393 
-91.868358120692 
-93.064266719957 
-91.626743357939 
-95.636938989630 
-92.255682668154 
-91.567056150229 
-92.034896362433 
-91.677660353292 
-92.147236720671 
-93.670463707105 
-91.272229705017 
-92.174651153359 
-94.066589147234 
-94.729944160279 
-92.611797382643 
-90.930334829217 
-90.959512800938 
-91.961703555853 
-96.046891970319 
-94.097208404970 
-91.510683664548 
-94.380267081869 
-92.133789035606 
-98.569504924279 
-96.786561274910 
-93.090732427784 
-95.324372804612 
-92.366604091263 
-92.724501069038 
-96.568080768446 
-94.666971336434 
-96.866268576570 
-91.609005531655 
-93.934922896293 
-93.771788677031 
-92.476595360573 
-92.288015950502 
-96.218213737545 
-91.621426410952 
-91.030625936235 
-92.693196239810 
-93.060915401380 
-93.124841667028 
-94.663242930396 
-91.251701633675 
-97.155253729927 
-92.384660738328 
-92.200216636039 
-92.198466736790 
-93.939377791074 
-92.162684146927 
-92.124645068647 
-91.604238040566 
-96.795336235441 
-96.107177880013 
-96.674890791766 
-92.657455230444 
-91.154053653788 
-92.832322489404 
-91.623537357683 
-91.299581004314 
-92.661916162065 
-96.391528257498 
-91.233134440356 
-92.049329954740 
-92.461795828224 
-91.146074203240 
-94.907549878761 
-91.420426550719 
-92.891309069499 
-96.578222866077 
-90.445114186060 
-91.483347522984 
-90.684718342849 
-91.205629880631 
-90.765792379237 
-90.744260612641 
-94.658275786083 
-91.866463491681 
-98.592719625413 
-91.140653464593 
-94.873995053361 
-92.352653355087 
-91.642613126032 
-93.402727292754 
-91.489658090594 
-91.596219501261 
-96.165216055505 
-91.554779801495 
-92.314066989863 
-92.323789711226 
-91.488759061302 
-94.433418373107 
-95.361576618333 
-93.125832842049 
-91.349032396965 
-93.130583275612 
-93.424622098449 
-96.254297641464 
-93.329891777632 
-92.158612760739 
-91.080703155773 
-98.407401633933 
-91.404653588882 
-90.241992498817 
-91.343812470228 
-91.249942189295 
-95.642801898902 
-96.199104433415 
-91.607894599096 
-95.061969573207 
-90.596062432099 
-90.622247018091 
-95.333582101941 
-91.238018126144 
-93.176599205730 
-92.181668996450 
-92.474767137864 
-93.174984856166 
-91.202897683040 
-92.014406710498 
-91.686153234083 
-91.911858215145 
-100.286107178831 
-92.124640794395 
-94.926633406266 
-94.808195123494 
-94.861960387141 
-94.173253494786 
-93.144751100406 
-94.201383400867 
-93.194610182905 
-93.419994225425 
-93.697437341793 
-92.605763579408 
-91.579523141829 
-91.327992911553 
-92.907725710741 
-92.398398976995 
-96.784301486287 
-97.238114099499 
-94.988396814863 
-95.847330301491 
-93.818473358414 
-95.984766520558 
-92.278653691282 
-97.069468748057 
-91.413959384863 
-93.498673517272 
-95.320773688089 
-94.532830434065 
-95.241026554537 
-93.894968891189 
-101.928181191659 
-91.696797090805 
-93.409169499036 
-96.668647921302 
-93.062266059426 
-103.785622586293 
-95.949542024645 
-91.326255902981 
-93.714827499238 
-93.806279133561 
-91.362403679856 
-90.554301204344 
-90.839725146759 
-94.032696976651 
-93.825799469495 
-94.537748220813 
-95.864824715709 
-95.827764109742 
-92.593071648168 
-92.964423321683 
-91.674788518179 
-94.867993991568 
-93.034281856033 
-98.156944357035 
-99.040545604600 
-93.125443055442 
-91.383704844794 
-92.092387919952 
-92.936907051180 
-97.468400714693 
-92.691787302059 
-93.248748116933 
-91.445423496641 
-93.652540391840 
-94.535111210717 
-91.482454934761 
-95.625873335178 
-92.735569373772 
-94.100057360274 
-91.875578743658 
-93.049751325514 
-92.287140413974 
-92.440230395890 
-96.982051386227 
-95.636560379447 
-91.915785599814 
-96.072732659145 
-96.402709369771 
-91.075459356727 
-91.995883990053 
-95.507072906311 
-91.417268956371 
-93.967915491784 
-93.506594330112 
-91.372161190953 
-91.540370792286 
-96.681384808391 
-91.557085216799 
-96.955376991410 
-93.298888447140 
-93.055699224225 
-92.628147476569 
-96.723271689046 
-93.079971182858 
-95.068813969848 
-90.543334012925 
-93.862374764971 
-91.751872192464 
-93.742259145634 
-92.453931929405 
-92.732218801780 
-93.322890142584 
-96.639452139144 
-91.973745657633 
-92.592706873243 
-90.584054127268 
-91.976583611306 
-98.090755031919 
-95.307294558140 
-94.344995796042 
-93.714986929765 
-99.920228208875 
-95.224013887889 
-93.510936266029 
-92.075834624183 
-92.111476601863 
-92.917138059295 
-94.800728632356 
-94.564502988936 
-93.634088635343 
-94.628325901825 
-91.535008487322 
-90.690285253409 
-93.574335570998 
-97.158855107631 
-96.881373940645 
-98.244618677700 
-91.134606979537 
-90.820626381293 
-91.950521660577 
-94.245955060396 
-98.702969562228 
-95.403940133505 
-92.972562631425 
-93.724972360827 
-95.890693360028 
-92.571412289422 
-96.183364224982 
-93.070832302991 
-93.128683196382 
-94.777932599800 
-91.369903718132 
-92.623743485732 
-94.028818694909 
-94.155707167886 
-90.779209989060 
-92.910550526390 
-92.404007430058 
-97.563206194114 
-91.209308562528 
-94.735160598514 
-93.811591850718 
-94.596102406131 
-97.941181690401 
-92.447868454752 
-93.115442859621 
-92.300206614292 
-95.201003665478 
-95.414517981730 
-90.722212559296 
-91.331853244326 
-91.216116002774 
-93.187586895219 
-99.225383046342 
-99.506833380943 
-92.785469295536 
-95.166985207520 
-92.538621951554 
-94.072889323449 
-92.902290553397 
-92.650689988540 
-91.319773346731 
-91.692941776811 
-91.150750822795 
-95.043903637759 
-93.686930445991 
-94.251972967026 
-93.926609220777 
-95.787618569713 
-94.541770359825 
-92.381027474849 
-91.360685725578 
-93.474082860790 
-91.584759996811 
-92.259251426890 
-92.480234732306 
-94.738271317266 
-92.265775275438 
-96.278223861690 
-92.135575498084 
-93.940343118099 
-97.648277041248 
-92.189774455014 
-92.403873449541 
-95.668227216067 
-96.516815611618 
-93.098173669409 
-94.171892085920 
-95.266473179107 
-93.049827137090 
-92.309099191077 
-93.283591148312 
-92.738704136083 
-93.635290104420 
-93.831258307134 
-93.244550392198 
-91.812113014886 
-94.367134594255 
-92.232282069051 
-91.006423554801 
-90.503108649577 
-91.887070973366 
-94.600851756336 
-91.994163668800 
-90.730909467429 
-92.280385478625 
-92.289707833859 
-95.845890941170 
-91.828107061912 
-92.411679171086 
-91.363467644971 
-93.126257271895 
-91.280864004570 
-93.952279077501 
-91.310595502357 
-91.970974368414 
-93.709726839177 
-91.322801884979 
-91.493471770393 
-92.626191959309 
-93.416599329668 
-92.051678735755 
-92.921404328075 
-93.237093051306 
-94.425296926776 
-99.717043921859 
-92.794097694860 
-91.632335966742 
-94.399279359217 
-92.417146675283 
-91.694538396584 
-91.677024016115 
-92.492374282814 
-91.727883903085 
-91.911233732705 
-91.622555784597 
-92.721870358281 
-93.492238141300 
-92.271333590949 
-92.263868119598 
-92.096550872843 
-91.313289199682 
-92.235147582522 
-92.750428993323 
-91.931700912355 
-91.099158416783 
-92.099145088633 
-92.328086450081 
-93.261327396167 
-93.403063138934 
-91.233917207341 
-98.388045508989 
-91.044283322429 
-91.018489170631 
-91.856088920830 
-92.825286523635 
-92.627704180242 
-93.076834036203 
-90.832409579716 
-93.691933953447 
-93.158682052014 
-94.814068102710 
-92.520322126177 
-92.844090080420 
-91.204807428410 
-91.263591926689 
-96.474085647002 
-94.268415967056 
-93.247547641698 
-97.724474616620 
-92.489046573609 
-91.745389710447 
-93.309639502387 
-92.703159931083 
-94.543639108041 
-96.598330509918 
-94.145733804353 
-92.565675849873 
-90.377292169071 
-97.217499472403 
-91.675742163142 
-92.828363871955 
-91.789050160049 
-93.011871185563 
-93.144722427786 
-90.859605758624 
-93.399776457154 
-95.042712950340 
-91.439910173775 
-98.223193091895 
-93.026238824894 
-93.399828924711 
-91.606370107644 
-94.357438455949 
-92.523835008126 
-90.817552686239 
-98.393368900983 
-96.690642147296 
-94.488696586150 
-92.452773032398 
-98.918742441155 
-97.816687238968 
-91.059055358952 
-93.323093455826 
-92.322292780395 
-93.641316861153 
-95.283251329055 
-95.386139825248 
-97.591124272807 
-91.695225530325 
-93.218507152565 
-91.655501093460 
-95.421387419157 
-96.926683383295 
-94.489738631371 
-95.082478162325 
-95.140483182572 
-91.100545477805 
-93.151439802359 
-98.152787005549 
-91.202087570662 
-96.479958469115 
-90.855835135055 
-91.364114324289 
-97.671401984503 
-93.283654125838 
-97.741160568897 
-91.494259582276 
-93.458360171586 
-95.076954057077 
-94.101768591713 
-92.977213399413 
-95.151170286239 
-93.177795367802 
-90.253133880191 
-95.082096886627 
-94.220340939153 
-94.656400237998 
-92.668067424946 
-92.438342589447 
-92.541649167845 
-90.955093973011 
-94.853284848849 
-95.868014349980 
-93.443589323091 
-93.803115435557 
-93.500477062384 
-95.805779970255 
-92.615591503243 
-94.729536450921 
-99.825612001644 
-95.565662442477 
-93.254414787272 
-91.456436902656 
-91.428851255627 
-93.330789625224 
-99.719274305941 
-91.943640355592 
-96.498340446344 
-93.609945616779 
-94.033985542365 
-94.166457197947 
-93.952865696473 
-95.014767753232 
-91.856774429873 
-94.158355942622 
-93.465124028821 
-93.420749902032 
-94.800515429382 
-92.366855306506 
-92.356718259348 
-91.646950001815 
-95.913908778700 
-90.442632665956 
-93.769480294726 
-97.598327726514 
-92.996889624601 
-93.922089797382 
-93.307495726405 
-90.873011546551 
-91.965279473738 
-90.255366184602 
-90.891463974637 
-91.510303452135 
-93.544534791918 
-94.831593891161 
-93.368488990327 
-99.506888760319 
-92.825806316084 
-93.118670683064 
-90.286461764573 
-91.580414531606 
-96.337129447756 
-92.128836343997 
-94.332524538436 
-93.444035394715 
-92.368966258334 
-92.375503296952 
-92.005145254624 
-94.875605754319 
-92.126437245225 
-94.138806523407 
-93.239651506251 
-94.803490108716 
-94.246106795322 
-95.541676207674 
-95.056095420139 
-94.773001418340 
-93.551976351780 
-96.932793380092 
-92.470308097233 
-93.535042534288 
-92.791861136958 
-94.727582634588 
-94.793426320907 
-94.989242961190 
-92.955688592107 
-92.722294428361 
-92.714250571279 
-98.199296867250 
-96.124942224629 
-93.284639476620 
-96.439757620607 
-103.394619646333 
-96.991655673909 
-95.578004680333 
-99.037503131905 
-91.425858029253 
-92.427218442087 
-93.492426140783 
-103.036484146644 
-93.390917171599 
-91.141614149831 
-90.625229755837 
-91.932079108315 
-92.559765501491 
-93.066001161124 
-93.946398036415 
-90.501971176303 
-98.381886420381 
-94.216344617149 
-91.848190913614 
-94.648227945410 
-94.959460170484 
-94.185284899846 
-96.166957183250 
-91.352402036028 
-90.738616097131 
-93.007572582030 
-91.249473317009 
-91.904994022868 
-98.032838432014 
-93.699482552043 
-91.180291246498 
-92.560701834391 
-93.881531037496 
-94.256590522643 
-90.641396802044 
-91.202863474489 
-92.278539701632 
-90.776842885557 
-92.565082978398 
-96.891701503701 
-92.781009801849 
-91.830736017126 
-90.914601236547 
-91.331610539455 
-90.572049195471 
-94.055398267212 
-93.894339096909 
-90.990364498727 
-91.849898375882 
-90.799545991272 
-92.672446007553 
-95.272486749510 
-102.212365336782 
-95.437389143444 
-91.970396155828 
-93.259012760965 
-91.987967677676 
-90.691137895869 
-92.690994863916 
-95.999780926311 
-94.472438685337 
-91.067204230392 
-93.060132964327 
-95.880525597055 
-91.562182119682 
-92.266245957215 
-91.299043469467 
-90.770041250259 
-92.077040191667 
-91.440232270766 
-92.970567195422 
-91.993517566597 
-91.365293995456 
-97.098930061277 
-92.046335655140 
-90.807403184863 
-93.137847690814 
-94.563508878311 
-98.780140629672 
-91.288205944424 
-95.995569401328 
-90.599577858109 
-92.540470851518 
-94.055489876292 
-92.724720630874 
-95.545285943253 
-97.659474324075 
-93.715946132905 
-93.384011341332 
-91.981536998673 
-93.896093192692 
-94.280119777012 
-94.145027364869 
-93.332138360607 
-91.329365817837 
-96.592811781713 
-92.367595628017 
-91.784195551335 
-91.940222103652 
-94.181902029066 
-93.515958072358 
-91.445834050166 
-94.166975063904 
-97.565145393796 
-95.983284765805 
-96.574836660407 
-94.483530240563 
-93.383469996595 
-93.278823862570 
-92.086697542375 
-90.688572763037 
-93.463088672207 
-93.781786310053 
-94.218427386588 
-93.045948797436 
-91.624802654977 
-93.320452364261 
-93.034946547367 
-95.382065951686 
-96.631184682919 
-91.465203071680 
-95.405035621868 
-92.189104150681 
-92.841372868578 
-93.486551088885 
-90.837003664320 
-94.257868352876 
-92.937985448646 
-92.998588498671 
-92.452291430227 
-95.249333376700 
-93.165806184097 
-93.808342167195 
-94.802284438970 
-92.400726861733 
-94.892278544896 
-91.379559342220 
-92.462480167826 
-95.742681038317 
-93.029402773531 
-100.357158846966 
-94.669029830234 
-93.464690155455 
-93.793730430191 
-93.415445669434 
-96.568843506730 
-90.933543332487 
-93.421184428515 
-92.552720914037 
-92.631855049361 
-92.532541293071 
-95.761232796213 
-92.762360243280 
-92.819767179249 
-97.759688319220 
-95.772879422173 
-92.937756501271 
-95.548333420099 
-96.131881506344 
-91.473482150086 
-96.551151493812 
-94.729333369133 
-92.640050094024 
-92.362235332987 
-93.514638709403 
-97.420356480194 
-92.515656577626 
-94.065570333337 
-95.264085060305 
-93.203210908555 
-90.234364241217 
-91.211376996925 
-92.745922291633 
-95.129070651630 
-96.364613751790 
-92.938893164522 
-92.752195360393 
-92.990546225222 
-91.866306650260 
-92.389952142652 
-91.756277854967 
-94.438609313319 
-92.857880075040 
-94.382138101275 
-91.589356036585 
-91.841068526322 
-101.671312815695 
-92.292060034183 
-90.769889738699 
-95.274916221463 
-93.075478205708 
-91.782861793128 
-93.639413053423 
-91.540630427193 
-91.187749315408 
-91.827243298596 
-93.252001639588 
-92.903572307190 
-92.260787367298 
-96.604586908186 
-94.204435339593 
-91.315024249659 
-93.780079515514 
-95.555083085896 
-94.256995651361 
-97.538539121886 
-91.216622700563 
-92.539095943547 
-91.444231337661 
-91.301428465264 
-97.259223256728 
-90.852819372688 
-98.970123150265 
-92.805827257933 
-99.934330601535 
-94.068592380445 
-92.241867812160 
-93.319135705861 
-94.132507679017 
-91.592691398706 
-93.179209089627 
-92.794793243613 
-94.287114118385 
-91.352140583165 
-90.450878644540 
-96.637712248886 
-93.860103522080 
-92.235529279314 
-92.682600824603 
-93.452023147846 
-98.750076423569 
-92.374024524576 
-93.169324241123 
-95.652923721695 
-94.506701604538 
-91.235734178530 
-95.468285557677 
-94.289113081472 
-90.477681174651 
-91.421159349681 
-93.870899567499 
-98.015378386366 
-95.788337124137 
-92.075027511636 
-92.202170234642 
-92.957140475373 
-93.235025024570 
-96.014925999137 
-90.436565608421 
-94.870458560480 
-94.554178762659 
-93.140084263803 
-91.356208080047 
-92.065220166641 
-93.682697392803 
-93.300105962565 
-93.340709177687 
-93.370058831251 
-93.743000004872 
-92.299197940211 
-94.832047017579 
-93.328805418076 
-92.191008314127 
-93.298280220965 
-92.433582321307 
-91.461927162973 
-93.469535239058 
-91.850321996122 
-95.373621737904 
-93.961171055594 
-97.721603309537 
-91.472898805905 
-90.551217707653 
-91.120513320036 
-93.813869091054 
-91.614399954950 
-92.172493209121 
-91.303795237822 
-94.078944911808 
-92.454620220559 
-93.163447032107 
-94.991051874802 
-94.920301359349 
-92.978415035410 
-92.053002923741 
-92.860090257542 
-94.087392008597 
-92.261689572297 
-93.118106817754 
-94.117756321735 
-95.742551108543 
-96.823725752783 
-94.766176192669 
-92.453207663953 
-95.009927974398 
-92.452030019747 
-94.172389749953 
-90.696952143613 
-93.688156402500 
-94.333722563572 
-91.621315456371 
-93.871344563425 
-93.269587791543 
-92.686482523605 
-92.284832300436 
-97.552612600313 
-91.568296710282 
-93.090972626139 
-96.063678103558 
-91.737234587501 
-95.143562572727 
-91.757248264545 
-90.907730652019 
-98.816070266103 
-94.731615647977 
-94.397424306597 
-94.669671333216 
-95.075021101573 
-94.626003623319 
-95.493062809298 
-94.467414938588 
-91.389685481731 
-91.960372241709 
-91.399279251367 
-92.645772447925 
-94.064086606364 
-91.928508268345 
-91.902709797873 
-97.747574939801 
-92.237613451246 
-93.293032923051 
-93.485533075239 
-96.363293126070 
-93.556041457174 
-94.253566745979 
-101.120423240084 
-93.997213133397 
-94.329502976576 
-92.562090508787 
-92.301054695316 
-93.868454496344 
-92.307059249074 
-92.530598413293 
-93.197779477857 
-96.343894632316 
-92.924267433421 
-92.065207338642 
-93.533732004652 
-93.341504364617 
-95.221366881856 
-93.237292667694 
-92.339263928231 
-94.390921257220 
-91.321617406467 
-96.471457773108 
-95.481988423148 
-92.954934223104 
-92.288599112847 
-95.205876211616 
-103.008396531892 
-93.018290577798 
-92.713016124194 
-93.152556403406 
-95.282030009810 
-94.097390310731 
-91.864089640846 
-92.064047749080 
-96.714944271665 
-93.171238852740 
-91.388574158427 
-92.260573341059 
-92.914720395393 
-97.763566999461 
-94.204706308071 
-91.195398573648 
-91.904510011907 
-95.190407723763 
-93.639776229407 
-93.054817426627 
-93.634137609129 
-93.871028192377 
-96.421150129988 
-93.235260351001 
-92.916138639966 
-92.323072929962 
-91.708109515351 
-94.221073235577 
-92.613861300755 
-93.059382074573 
-90.996718283312 
-94.184513124728 
-92.593486517626 
-95.149122461911 
-92.311856880609 
-95.972276118948 
-91.366026558894 
-93.394602541958 
-91.603840989283 
-90.887146864158 
-92.205665361118 
-93.788259229248 
-91.682758336783 
-93.104902089329 
-90.666422102341 
-93.352849025135 
-93.882591749093 
-93.689228530661 
-95.706238184557 
-94.947485680741 
-95.414092190485 
-91.626715079437 
-91.573281056246 
-93.474450204001 
-91.274943347010 
-94.337639319783 
-93.061164083267 
-93.465533176893 
-94.925559609814 
-93.649257732236 
-96.614147460117 
-93.250542651302 
-92.387042922935 
-91.946228063979 
-91.654565928754 
-92.835814175471 
-92.253458369909 
-91.191152260875 
-93.206000786088 
-93.969515288366 
-91.779734244360 
-94.306478045894 
-91.967350268324 
-99.491771236339 
-97.491222739266 
-94.472346492294 
-95.779671324640 
-95.750501968787 
-93.505985596291 
-96.458930986281 
-96.656857491795 
-92.270162528782 
-94.244201614691 
-92.365131141869 
-92.853330386550 
-93.032731254377 
-92.552966762742 
-92.924714660931 
-92.210847514987 
-92.241527632963 
-93.137747135442 
-90.736691422987 
-91.258591498631 
-91.288645305254 
-92.759445258027 
-92.590666658098 
-92.071530046048 
-91.648931806437 
-91.686248787387 
-95.764034050122 
-95.835675933092 
-91.262463283823 
-90.916685800746 
-91.569743227887 
-94.559514831720 
-94.206913160107 
-91.472940220446 
-94.549062972350 
-94.595762981181 
-91.663227364290 
-92.475151515905 
-92.941575669696 
-92.538301169081 
-97.430738520160 
-93.801241661730 
-92.771387122064 
-97.049121573309 
-97.680851546675 
-94.819376836960 
-95.134833380893 
-92.065580023539 
-100.662135138200 
-95.038725213756 
-91.655250604111 
-92.894839300576 
-96.077967762715 
-93.216123036389 
-93.742403523593 
-91.923422533028 
-94.986551986362 
-94.728377747521 
-96.051540216895 
-93.840566956479 
-92.346553798192 
-93.702108535671 
-91.842655130531 
-91.736447196151 
-98.341725157865 
-95.294004646836 
-93.293939077654 
-91.073678591411 
-94.958557941685 
-97.112411966660 
-91.997391792725 
-94.259274386981 
-93.408476248481 
-92.124142493382 
