# time Tc_folded Tref_folded value value_err offset model full_model val_compare val_compare_err residuals residuals_err jitter jitter_flag offset_flag subset_flag 
2276.259777 0.000000 0.000000 0.992618 0.003890 0.000000 -0.000162 0.992130 0.000326 0.003890 0.000488 0.003890 0.000720  -1  -1  -1 
2276.260388 0.000000 0.000000 0.989771 0.003884 0.000000 -0.000172 0.992089 -0.002490 0.003884 -0.002318 0.003884 0.000720  -1  -1  -1 
2276.260997 0.000000 0.000000 0.997810 0.003887 0.000000 -0.000179 0.992051 0.005579 0.003887 0.005759 0.003887 0.000720  -1  -1  -1 
2276.261607 0.000000 0.000000 0.990571 0.003889 0.000000 -0.000185 0.992016 -0.001630 0.003889 -0.001445 0.003889 0.000720  -1  -1  -1 
2276.262218 0.000000 0.000000 0.989450 0.003881 0.000000 -0.000184 0.991987 -0.002721 0.003881 -0.002537 0.003881 0.000720  -1  -1  -1 
2276.262827 0.000000 0.000000 0.984576 0.003878 0.000000 -0.000173 0.991969 -0.007567 0.003878 -0.007393 0.003878 0.000720  -1  -1  -1 
2276.263436 0.000000 0.000000 0.993393 0.003878 0.000000 -0.000150 0.991964 0.001279 0.003878 0.001429 0.003878 0.000720  -1  -1  -1 
2276.264055 0.000000 0.000000 0.986077 0.003876 0.000000 -0.000119 0.991967 -0.006009 0.003876 -0.005890 0.003876 0.000720  -1  -1  -1 
2276.264664 0.000000 0.000000 0.995460 0.003881 0.000000 -0.000088 0.991971 0.003401 0.003881 0.003489 0.003881 0.000720  -1  -1  -1 
2276.265273 0.000000 0.000000 0.998767 0.003877 0.000000 -0.000064 0.991968 0.006735 0.003877 0.006799 0.003877 0.000720  -1  -1  -1 
2276.265886 0.000000 0.000000 0.990844 0.003876 0.000000 -0.000055 0.991951 -0.001162 0.003876 -0.001107 0.003876 0.000720  -1  -1  -1 
2276.266495 0.000000 0.000000 0.993171 0.003872 0.000000 -0.000062 0.991919 0.001191 0.003872 0.001252 0.003872 0.000720  -1  -1  -1 
2276.267103 0.000000 0.000000 0.997949 0.003877 0.000000 -0.000086 0.991869 0.005994 0.003877 0.006080 0.003877 0.000720  -1  -1  -1 
2276.267760 0.000000 0.000000 0.991412 0.003867 0.000000 -0.000131 0.991798 -0.000517 0.003867 -0.000386 0.003867 0.000720  -1  -1  -1 
2276.268405 0.000000 0.000000 0.990644 0.003864 0.000000 -0.000190 0.991713 -0.001259 0.003864 -0.001069 0.003864 0.000720  -1  -1  -1 
2276.269013 0.000000 0.000000 0.990353 0.003867 0.000000 -0.000253 0.991627 -0.001526 0.003867 -0.001274 0.003867 0.000720  -1  -1  -1 
2276.269623 0.000000 0.000000 0.989129 0.003864 0.000000 -0.000321 0.991535 -0.002727 0.003864 -0.002406 0.003864 0.000720  -1  -1  -1 
2276.270232 0.000000 0.000000 0.994679 0.003863 0.000000 -0.000393 0.991440 0.002845 0.003863 0.003239 0.003863 0.000720  -1  -1  -1 
2276.270844 0.000000 0.000000 0.995305 0.003865 0.000000 -0.000470 0.991341 0.003494 0.003865 0.003964 0.003865 0.000720  -1  -1  -1 
2276.271454 0.000000 0.000000 0.989826 0.003862 0.000000 -0.000548 0.991241 -0.001963 0.003862 -0.001415 0.003862 0.000720  -1  -1  -1 
2276.272062 0.000000 0.000000 0.986835 0.003860 0.000000 -0.000621 0.991147 -0.004933 0.003860 -0.004312 0.003860 0.000720  -1  -1  -1 
2276.272673 0.000000 0.000000 0.987021 0.003867 0.000000 -0.000684 0.991063 -0.004726 0.003867 -0.004042 0.003867 0.000720  -1  -1  -1 
2276.273283 0.000000 0.000000 0.996874 0.003867 0.000000 -0.000735 0.990992 0.005147 0.003867 0.005882 0.003867 0.000720  -1  -1  -1 
2276.273892 0.000000 0.000000 0.984280 0.003859 0.000000 -0.000773 0.990934 -0.007427 0.003859 -0.006654 0.003859 0.000720  -1  -1  -1 
2276.274502 0.000000 0.000000 0.990850 0.003866 0.000000 -0.000795 0.990893 -0.000838 0.003866 -0.000043 0.003866 0.000720  -1  -1  -1 
2276.275113 0.000000 0.000000 0.985832 0.003861 0.000000 -0.000800 0.990869 -0.005837 0.003861 -0.005037 0.003861 0.000720  -1  -1  -1 
2276.275722 0.000000 0.000000 0.993716 0.003860 0.000000 -0.000788 0.990862 0.002066 0.003860 0.002854 0.003860 0.000720  -1  -1  -1 
2276.276334 0.000000 0.000000 0.987237 0.003862 0.000000 -0.000762 0.990869 -0.004395 0.003862 -0.003632 0.003862 0.000720  -1  -1  -1 
2276.277014 0.000000 0.000000 0.990763 0.003858 0.000000 -0.000719 0.990894 -0.000849 0.003858 -0.000131 0.003858 0.000720  -1  -1  -1 
2276.277659 0.000000 0.000000 0.987366 0.003853 0.000000 -0.000665 0.990929 -0.004228 0.003853 -0.003563 0.003853 0.000720  -1  -1  -1 
2276.278274 0.000000 0.000000 0.994830 0.003861 0.000000 -0.000605 0.990972 0.003253 0.003861 0.003858 0.003861 0.000720  -1  -1  -1 
2276.278885 0.000000 0.000000 0.990568 0.003856 0.000000 -0.000543 0.991019 -0.000993 0.003856 -0.000451 0.003856 0.000720  -1  -1  -1 
2276.279507 0.000000 0.000000 0.985803 0.003852 0.000000 -0.000476 0.991069 -0.005742 0.003852 -0.005266 0.003852 0.000720  -1  -1  -1 
2276.280117 0.000000 0.000000 1.001295 0.003859 0.000000 -0.000409 0.991121 0.009765 0.003859 0.010174 0.003859 0.000720  -1  -1  -1 
2276.280728 0.000000 0.000000 0.989479 0.003854 0.000000 -0.000343 0.991172 -0.002036 0.003854 -0.001693 0.003854 0.000720  -1  -1  -1 
2276.281337 0.000000 0.000000 0.989315 0.003856 0.000000 -0.000275 0.991225 -0.002185 0.003856 -0.001910 0.003856 0.000720  -1  -1  -1 
2276.281946 0.000000 0.000000 0.991181 0.003849 0.000000 -0.000201 0.991285 -0.000305 0.003849 -0.000104 0.003849 0.000720  -1  -1  -1 
2276.282555 0.000000 0.000000 0.983078 0.003851 0.000000 -0.000116 0.991356 -0.008394 0.003851 -0.008278 0.003851 0.000720  -1  -1  -1 
2276.283165 0.000000 0.000000 0.993625 0.003856 0.000000 -0.000019 0.991440 0.002166 0.003856 0.002185 0.003856 0.000720  -1  -1  -1 
2276.283774 0.000000 0.000000 0.992728 0.003854 0.000000 0.000085 0.991531 0.001282 0.003854 0.001197 0.003854 0.000720  -1  -1  -1 
2276.284386 0.000000 0.000000 0.991489 0.003849 0.000000 0.000194 0.991628 0.000055 0.003849 -0.000139 0.003849 0.000720  -1  -1  -1 
2276.284996 0.000000 0.000000 0.989538 0.003853 0.000000 0.000305 0.991727 -0.001884 0.003853 -0.002189 0.003853 0.000720  -1  -1  -1 
2276.285604 0.000000 0.000000 0.995534 0.003855 0.000000 0.000415 0.991826 0.004124 0.003855 0.003708 0.003855 0.000720  -1  -1  -1 
2276.286212 0.000000 0.000000 0.993585 0.003851 0.000000 0.000522 0.991921 0.002186 0.003851 0.001664 0.003851 0.000720  -1  -1  -1 
2276.286823 0.000000 0.000000 0.990343 0.003849 0.000000 0.000625 0.992014 -0.001046 0.003849 -0.001671 0.003849 0.000720  -1  -1  -1 
2276.287432 0.000000 0.000000 0.988943 0.003846 0.000000 0.000724 0.992102 -0.002435 0.003846 -0.003159 0.003846 0.000720  -1  -1  -1 
2276.288043 0.000000 0.000000 0.990973 0.003845 0.000000 0.000817 0.992185 -0.000395 0.003845 -0.001212 0.003845 0.000720  -1  -1  -1 
2276.288651 0.000000 0.000000 1.002955 0.003853 0.000000 0.000897 0.992256 0.011596 0.003853 0.010699 0.003853 0.000720  -1  -1  -1 
2276.289260 0.000000 0.000000 0.992543 0.003848 0.000000 0.000959 0.992308 0.001193 0.003848 0.000235 0.003848 0.000720  -1  -1  -1 
2276.289873 0.000000 0.000000 0.995508 0.003847 0.000000 0.001002 0.992343 0.004167 0.003847 0.003165 0.003847 0.000720  -1  -1  -1 
2276.290483 0.000000 0.000000 0.994552 0.003845 0.000000 0.001030 0.992363 0.003219 0.003845 0.002189 0.003845 0.000720  -1  -1  -1 
2276.291093 0.000000 0.000000 0.994083 0.003846 0.000000 0.001045 0.992370 0.002758 0.003846 0.001713 0.003846 0.000720  -1  -1  -1 
2276.291703 0.000000 0.000000 0.991815 0.003846 0.000000 0.001054 0.992371 0.000497 0.003846 -0.000556 0.003846 0.000720  -1  -1  -1 
2276.292314 0.000000 0.000000 0.987966 0.003839 0.000000 0.001062 0.992372 -0.003344 0.003839 -0.004406 0.003839 0.000720  -1  -1  -1 
2276.292924 0.000000 0.000000 0.988814 0.003842 0.000000 0.001074 0.992378 -0.002490 0.003842 -0.003564 0.003842 0.000720  -1  -1  -1 
2276.293534 0.000000 0.000000 0.991027 0.003843 0.000000 0.001091 0.992388 -0.000271 0.003843 -0.001361 0.003843 0.000720  -1  -1  -1 
2276.294144 0.000000 0.000000 0.994844 0.003843 0.000000 0.001105 0.992397 0.003552 0.003843 0.002447 0.003843 0.000720  -1  -1  -1 
2276.294753 0.000000 0.000000 1.000263 0.003847 0.000000 0.001111 0.992397 0.008977 0.003847 0.007866 0.003847 0.000720  -1  -1  -1 
2276.295363 0.000000 0.000000 0.991334 0.003844 0.000000 0.001102 0.992383 0.000053 0.003844 -0.001049 0.003844 0.000720  -1  -1  -1 
2276.295973 0.000000 0.000000 0.996789 0.003845 0.000000 0.001079 0.992356 0.005512 0.003845 0.004433 0.003845 0.000720  -1  -1  -1 
2276.296582 0.000000 0.000000 0.997503 0.003845 0.000000 0.001043 0.992315 0.006231 0.003845 0.005188 0.003845 0.000720  -1  -1  -1 
2276.297195 0.000000 0.000000 0.992924 0.003846 0.000000 0.000997 0.992266 0.001655 0.003846 0.000658 0.003846 0.000720  -1  -1  -1 
2276.297803 0.000000 0.000000 0.988872 0.003841 0.000000 0.000950 0.992215 -0.002393 0.003841 -0.003343 0.003841 0.000720  -1  -1  -1 
2276.298413 0.000000 0.000000 0.989940 0.003840 0.000000 0.000910 0.992172 -0.001322 0.003840 -0.002232 0.003840 0.000720  -1  -1  -1 
2276.299023 0.000000 0.000000 0.989564 0.003842 0.000000 0.000882 0.992142 -0.001696 0.003842 -0.002578 0.003842 0.000720  -1  -1  -1 
2276.299632 0.000000 0.000000 0.987102 0.003843 0.000000 0.000868 0.992125 -0.004155 0.003843 -0.005023 0.003843 0.000720  -1  -1  -1 
2276.300240 0.000000 0.000000 0.994475 0.003842 0.000000 0.000866 0.992121 0.003220 0.003842 0.002354 0.003842 0.000720  -1  -1  -1 
2276.300852 0.000000 0.000000 0.989622 0.003841 0.000000 0.000870 0.992124 -0.001632 0.003841 -0.002502 0.003841 0.000720  -1  -1  -1 
2276.301462 0.000000 0.000000 0.995427 0.003846 0.000000 0.000874 0.992127 0.004174 0.003846 0.003300 0.003846 0.000720  -1  -1  -1 
2276.302070 0.000000 0.000000 1.000012 0.003841 0.000000 0.000871 0.992124 0.008760 0.003841 0.007888 0.003841 0.000720  -1  -1  -1 
2276.302679 0.000000 0.000000 0.983743 0.003837 0.000000 0.000857 0.992109 -0.007509 0.003837 -0.008366 0.003837 0.000720  -1  -1  -1 
2276.303311 0.000000 0.000000 0.991842 0.003835 0.000000 0.000831 0.992083 0.000590 0.003835 -0.000241 0.003835 0.000720  -1  -1  -1 
2276.303921 0.000000 0.000000 0.998205 0.003840 0.000000 0.000787 0.992040 0.006952 0.003840 0.006165 0.003840 0.000720  -1  -1  -1 
2276.304530 0.000000 0.000000 0.996608 0.003834 0.000000 0.000717 0.991971 0.005354 0.003834 0.004637 0.003834 0.000720  -1  -1  -1 
2276.305141 0.000000 0.000000 0.991645 0.003832 0.000000 0.000616 0.991871 0.000390 0.003832 -0.000226 0.003832 0.000720  -1  -1  -1 
2276.305751 0.000000 0.000000 1.002085 0.003836 0.000000 0.000483 0.991740 0.010828 0.003836 0.010345 0.003836 0.000720  -1  -1  -1 
2276.306361 0.000000 0.000000 0.993945 0.003835 0.000000 0.000318 0.991577 0.002686 0.003835 0.002368 0.003835 0.000720  -1  -1  -1 
2276.306969 0.000000 0.000000 0.984434 0.003831 0.000000 0.000128 0.991390 -0.006828 0.003831 -0.006956 0.003831 0.000720  -1  -1  -1 
2276.307578 0.000000 0.000000 0.995971 0.003835 0.000000 -0.000078 0.991186 0.004706 0.003835 0.004785 0.003835 0.000720  -1  -1  -1 
2276.308190 0.000000 0.000000 0.989760 0.003833 0.000000 -0.000299 0.990969 -0.001508 0.003833 -0.001209 0.003833 0.000720  -1  -1  -1 
2276.308798 0.000000 0.000000 0.991920 0.003829 0.000000 -0.000528 0.990744 0.000648 0.003829 0.001176 0.003829 0.000720  -1  -1  -1 
2276.309408 0.000000 0.000000 0.998512 0.003833 0.000000 -0.000761 0.990515 0.007236 0.003833 0.007997 0.003833 0.000720  -1  -1  -1 
2276.310016 0.000000 0.000000 0.982556 0.003828 0.000000 -0.000990 0.990290 -0.008724 0.003828 -0.007734 0.003828 0.000720  -1  -1  -1 
2276.310624 0.000000 0.000000 0.985238 0.003827 0.000000 -0.001203 0.990082 -0.006047 0.003827 -0.004844 0.003827 0.000720  -1  -1  -1 
2276.311234 0.000000 0.000000 0.986627 0.003827 0.000000 -0.001391 0.989899 -0.004664 0.003827 -0.003272 0.003827 0.000720  -1  -1  -1 
2276.311846 0.000000 0.000000 0.982432 0.003827 0.000000 -0.001550 0.989746 -0.008864 0.003827 -0.007314 0.003827 0.000720  -1  -1  -1 
2276.312455 0.000000 0.000000 0.992361 0.003829 0.000000 -0.001677 0.989625 0.001059 0.003829 0.002736 0.003829 0.000720  -1  -1  -1 
2276.313064 0.000000 0.000000 0.984986 0.003824 0.000000 -0.001775 0.989534 -0.006323 0.003824 -0.004548 0.003824 0.000720  -1  -1  -1 
2276.313674 0.000000 0.000000 0.986463 0.003821 0.000000 -0.001843 0.989473 -0.004853 0.003821 -0.003010 0.003821 0.000720  -1  -1  -1 
2276.314286 0.000000 0.000000 0.990278 0.003826 0.000000 -0.001884 0.989439 -0.001045 0.003826 0.000839 0.003826 0.000720  -1  -1  -1 
2276.314896 0.000000 0.000000 0.983738 0.003824 0.000000 -0.001898 0.989433 -0.007593 0.003824 -0.005695 0.003824 0.000720  -1  -1  -1 
2276.315518 0.000000 0.000000 0.990734 0.003825 0.000000 -0.001887 0.989453 -0.000605 0.003825 0.001281 0.003825 0.000720  -1  -1  -1 
2276.316127 0.000000 0.000000 0.986449 0.003824 0.000000 -0.001852 0.989496 -0.004899 0.003824 -0.003047 0.003824 0.000720  -1  -1  -1 
2276.316738 0.000000 0.000000 0.991281 0.003823 0.000000 -0.001794 0.989563 -0.000076 0.003823 0.001718 0.003823 0.000720  -1  -1  -1 
2276.317350 0.000000 0.000000 0.986192 0.003872 0.000000 -0.001715 0.989652 -0.005175 0.003872 -0.003460 0.003872 0.000720  -1  -1  -1 
2276.317960 0.000000 0.000000 0.986666 0.003822 0.000000 -0.001611 0.989765 -0.004710 0.003822 -0.003099 0.003822 0.000720  -1  -1  -1 
2276.318569 0.000000 0.000000 0.980609 0.003818 0.000000 -0.001483 0.989904 -0.010778 0.003818 -0.009295 0.003818 0.000720  -1  -1  -1 
2276.319178 0.000000 0.000000 0.988758 0.003824 0.000000 -0.001332 0.990066 -0.002639 0.003824 -0.001308 0.003824 0.000720  -1  -1  -1 
2276.319788 0.000000 0.000000 0.992542 0.003824 0.000000 -0.001165 0.990243 0.001134 0.003824 0.002299 0.003824 0.000720  -1  -1  -1 
2276.321443 0.000000 0.000000 0.989325 0.003820 0.000000 -0.000709 0.990731 -0.002115 0.003820 -0.001406 0.003820 0.000720  -1  -1  -1 
2276.322054 0.000000 0.000000 0.996375 0.003822 0.000000 -0.000557 0.990896 0.004922 0.003822 0.005479 0.003822 0.000720  -1  -1  -1 
2276.322663 0.000000 0.000000 0.990233 0.003821 0.000000 -0.000425 0.991041 -0.001233 0.003821 -0.000808 0.003821 0.000720  -1  -1  -1 
2276.323273 0.000000 0.000000 0.995646 0.003823 0.000000 -0.000314 0.991165 0.004167 0.003823 0.004481 0.003823 0.000720  -1  -1  -1 
2276.323883 0.000000 0.000000 0.991826 0.003819 0.000000 -0.000227 0.991266 0.000333 0.003819 0.000560 0.003819 0.000720  -1  -1  -1 
2276.324492 0.000000 0.000000 0.989518 0.003821 0.000000 -0.000164 0.991344 -0.001990 0.003821 -0.001826 0.003821 0.000720  -1  -1  -1 
2276.325102 0.000000 0.000000 0.996210 0.003819 0.000000 -0.000122 0.991400 0.004688 0.003819 0.004810 0.003819 0.000720  -1  -1  -1 
2276.325710 0.000000 0.000000 0.992333 0.003819 0.000000 -0.000105 0.991433 0.000795 0.003819 0.000900 0.003819 0.000720  -1  -1  -1 
2276.326318 0.000000 0.000000 0.987500 0.003816 0.000000 -0.000108 0.991445 -0.004053 0.003816 -0.003945 0.003816 0.000720  -1  -1  -1 
2276.326926 0.000000 0.000000 0.994965 0.003820 0.000000 -0.000131 0.991438 0.003396 0.003820 0.003527 0.003820 0.000720  -1  -1  -1 
2276.327537 0.000000 0.000000 0.991081 0.003817 0.000000 -0.000175 0.991411 -0.000505 0.003817 -0.000330 0.003817 0.000720  -1  -1  -1 
2276.328146 0.000000 0.000000 0.997409 0.003821 0.000000 -0.000240 0.991363 0.005807 0.003821 0.006046 0.003821 0.000720  -1  -1  -1 
2276.328756 0.000000 0.000000 0.993560 0.003816 0.000000 -0.000325 0.991294 0.001940 0.003816 0.002266 0.003816 0.000720  -1  -1  -1 
2276.330586 0.000000 0.000000 0.986414 0.003815 0.000000 -0.000644 0.991031 -0.005261 0.003815 -0.004617 0.003815 0.000720  -1  -1  -1 
2276.331852 0.000000 0.000000 0.985588 0.003815 0.000000 -0.000837 0.990878 -0.006127 0.003815 -0.005290 0.003815 0.000720  -1  -1  -1 
2276.333072 0.000000 0.000000 0.987739 0.003819 0.000000 -0.000960 0.990796 -0.004016 0.003819 -0.003057 0.003819 0.000720  -1  -1  -1 
2276.335513 0.000000 0.000000 0.991314 0.003814 0.000000 -0.001007 0.990835 -0.000528 0.003814 0.000479 0.003814 0.000720  -1  -1  -1 
2276.336121 0.000000 0.000000 0.985338 0.003814 0.000000 -0.000975 0.990890 -0.006527 0.003814 -0.005552 0.003814 0.000720  -1  -1  -1 
2276.336733 0.000000 0.000000 0.985798 0.003814 0.000000 -0.000919 0.990969 -0.006091 0.003814 -0.005171 0.003814 0.000720  -1  -1  -1 
2276.337342 0.000000 0.000000 0.998668 0.003816 0.000000 -0.000841 0.991072 0.006756 0.003816 0.007596 0.003816 0.000720  -1  -1  -1 
2276.337950 0.000000 0.000000 0.980159 0.003808 0.000000 -0.000742 0.991195 -0.011778 0.003808 -0.011036 0.003808 0.000720  -1  -1  -1 
2276.339169 0.000000 0.000000 0.988990 0.003811 0.000000 -0.000481 0.991506 -0.002997 0.003811 -0.002516 0.003811 0.000720  -1  -1  -1 
2276.339779 0.000000 0.000000 0.989306 0.003813 0.000000 -0.000329 0.991684 -0.002707 0.003813 -0.002378 0.003813 0.000720  -1  -1  -1 
2276.340389 0.000000 0.000000 0.998047 0.003813 0.000000 -0.000171 0.991868 0.006008 0.003813 0.006179 0.003813 0.000720  -1  -1  -1 
2276.340998 0.000000 0.000000 0.998003 0.003816 0.000000 -0.000017 0.992049 0.005937 0.003816 0.005954 0.003816 0.000720  -1  -1  -1 
2276.341605 0.000000 0.000000 0.988440 0.003810 0.000000 0.000131 0.992224 -0.003653 0.003810 -0.003784 0.003810 0.000720  -1  -1  -1 
2276.342222 0.000000 0.000000 0.992325 0.003814 0.000000 0.000280 0.992401 0.000204 0.003814 -0.000076 0.003814 0.000720  -1  -1  -1 
2276.342833 0.000000 0.000000 0.992519 0.003815 0.000000 0.000425 0.992575 0.000369 0.003815 -0.000056 0.003815 0.000720  -1  -1  -1 
2276.343442 0.000000 0.000000 0.990377 0.003814 0.000000 0.000568 0.992747 -0.001802 0.003814 -0.002370 0.003814 0.000720  -1  -1  -1 
2276.344052 0.000000 0.000000 0.994763 0.003813 0.000000 0.000709 0.992917 0.002555 0.003813 0.001846 0.003813 0.000720  -1  -1  -1 
2276.344662 0.000000 0.000000 0.991163 0.003812 0.000000 0.000843 0.993081 -0.001075 0.003812 -0.001918 0.003812 0.000720  -1  -1  -1 
2276.345271 0.000000 0.000000 0.999913 0.003813 0.000000 0.000968 0.993237 0.007644 0.003813 0.006676 0.003813 0.000720  -1  -1  -1 
2276.345881 0.000000 0.000000 0.989323 0.003811 0.000000 0.001079 0.993379 -0.002977 0.003811 -0.004056 0.003811 0.000720  -1  -1  -1 
2276.346491 0.000000 0.000000 0.998898 0.003816 0.000000 0.001175 0.993506 0.006567 0.003816 0.005392 0.003816 0.000720  -1  -1  -1 
2276.347102 0.000000 0.000000 0.996116 0.003813 0.000000 0.001253 0.993616 0.003752 0.003813 0.002500 0.003813 0.000720  -1  -1  -1 
2276.347710 0.000000 0.000000 0.998583 0.003812 0.000000 0.001310 0.993707 0.006187 0.003812 0.004876 0.003812 0.000720  -1  -1  -1 
2276.348320 0.000000 0.000000 0.992599 0.003808 0.000000 0.001350 0.993780 0.000169 0.003808 -0.001181 0.003808 0.000720  -1  -1  -1 
2276.348930 0.000000 0.000000 0.991689 0.003809 0.000000 0.001377 0.993841 -0.000775 0.003809 -0.002152 0.003809 0.000720  -1  -1  -1 
2276.349538 0.000000 0.000000 0.996411 0.003810 0.000000 0.001392 0.993890 0.003913 0.003810 0.002521 0.003810 0.000720  -1  -1  -1 
2276.350147 0.000000 0.000000 0.992099 0.003810 0.000000 0.001396 0.993929 -0.000434 0.003810 -0.001830 0.003810 0.000720  -1  -1  -1 
2276.350757 0.000000 0.000000 0.997288 0.003809 0.000000 0.001386 0.993955 0.004719 0.003809 0.003333 0.003809 0.000720  -1  -1  -1 
2276.351366 0.000000 0.000000 0.992879 0.003811 0.000000 0.001362 0.993967 0.000274 0.003811 -0.001088 0.003811 0.000720  -1  -1  -1 
2276.351977 0.000000 0.000000 0.995136 0.003809 0.000000 0.001319 0.993962 0.002493 0.003809 0.001174 0.003809 0.000720  -1  -1  -1 
2276.352587 0.000000 0.000000 1.003682 0.003811 0.000000 0.001256 0.993936 0.011002 0.003811 0.009746 0.003811 0.000720  -1  -1  -1 
2276.353200 0.000000 0.000000 0.994752 0.003808 0.000000 0.001167 0.993885 0.002033 0.003808 0.000867 0.003808 0.000720  -1  -1  -1 
2276.353808 0.000000 0.000000 0.998722 0.003812 0.000000 0.001058 0.993816 0.005964 0.003812 0.004906 0.003812 0.000720  -1  -1  -1 
2276.354419 0.000000 0.000000 0.992174 0.003809 0.000000 0.000934 0.993731 -0.000623 0.003809 -0.001557 0.003809 0.000720  -1  -1  -1 
2276.355028 0.000000 0.000000 0.991551 0.003805 0.000000 0.000804 0.993642 -0.001287 0.003805 -0.002091 0.003805 0.000720  -1  -1  -1 
2276.355636 0.000000 0.000000 0.988449 0.003804 0.000000 0.000675 0.993554 -0.004430 0.003804 -0.005105 0.003804 0.000720  -1  -1  -1 
2276.356245 0.000000 0.000000 0.995472 0.003806 0.000000 0.000550 0.993470 0.002552 0.003806 0.002002 0.003806 0.000720  -1  -1  -1 
2276.356855 0.000000 0.000000 0.998905 0.003807 0.000000 0.000426 0.993389 0.005942 0.003807 0.005516 0.003807 0.000720  -1  -1  -1 
2276.357464 0.000000 0.000000 0.990843 0.003807 0.000000 0.000305 0.993311 -0.002163 0.003807 -0.002468 0.003807 0.000720  -1  -1  -1 
2276.358073 0.000000 0.000000 0.994233 0.003804 0.000000 0.000190 0.993240 0.001183 0.003804 0.000993 0.003804 0.000720  -1  -1  -1 
2276.358685 0.000000 0.000000 0.986648 0.003800 0.000000 0.000086 0.993181 -0.006447 0.003800 -0.006533 0.003800 0.000720  -1  -1  -1 
2276.359295 0.000000 0.000000 0.993020 0.003803 0.000000 -0.000004 0.993136 -0.000120 0.003803 -0.000116 0.003803 0.000720  -1  -1  -1 
2276.359904 0.000000 0.000000 0.989387 0.003802 0.000000 -0.000081 0.993105 -0.003799 0.003802 -0.003718 0.003802 0.000720  -1  -1  -1 
2276.360515 0.000000 0.000000 0.994756 0.003802 0.000000 -0.000149 0.993084 0.001523 0.003802 0.001672 0.003802 0.000720  -1  -1  -1 
2276.361123 0.000000 0.000000 0.994171 0.003802 0.000000 -0.000214 0.993068 0.000890 0.003802 0.001103 0.003802 0.000720  -1  -1  -1 
2276.361733 0.000000 0.000000 0.993584 0.003802 0.000000 -0.000279 0.993051 0.000254 0.003802 0.000533 0.003802 0.000720  -1  -1  -1 
2276.362344 0.000000 0.000000 0.998864 0.003804 0.000000 -0.000348 0.993032 0.005484 0.003804 0.005832 0.003804 0.000720  -1  -1  -1 
2276.362953 0.000000 0.000000 0.994053 0.003799 0.000000 -0.000421 0.993009 0.000623 0.003799 0.001044 0.003799 0.000720  -1  -1  -1 
2276.363563 0.000000 0.000000 0.993808 0.003804 0.000000 -0.000494 0.992988 0.000326 0.003804 0.000820 0.003804 0.000720  -1  -1  -1 
2276.364172 0.000000 0.000000 0.984839 0.003797 0.000000 -0.000560 0.992974 -0.008695 0.003797 -0.008135 0.003797 0.000720  -1  -1  -1 
2276.364781 0.000000 0.000000 0.994257 0.003802 0.000000 -0.000612 0.992975 0.000670 0.003802 0.001282 0.003802 0.000720  -1  -1  -1 
2276.365390 0.000000 0.000000 0.989500 0.003801 0.000000 -0.000649 0.992993 -0.004142 0.003801 -0.003493 0.003801 0.000720  -1  -1  -1 
2276.365999 0.000000 0.000000 0.992049 0.003801 0.000000 -0.000669 0.993028 -0.001648 0.003801 -0.000979 0.003801 0.000720  -1  -1  -1 
2276.366615 0.000000 0.000000 0.992086 0.003798 0.000000 -0.000673 0.993081 -0.001668 0.003798 -0.000995 0.003798 0.000720  -1  -1  -1 
2276.367224 0.000000 0.000000 0.994329 0.003801 0.000000 -0.000662 0.993150 0.000518 0.003801 0.001179 0.003801 0.000720  -1  -1  -1 
2276.367840 0.000000 0.000000 0.987510 0.003800 0.000000 -0.000636 0.993234 -0.006361 0.003800 -0.005724 0.003800 0.000720  -1  -1  -1 
2276.368448 0.000000 0.000000 0.989914 0.003799 0.000000 -0.000597 0.993334 -0.004016 0.003799 -0.003420 0.003799 0.000720  -1  -1  -1 
2276.369060 0.000000 0.000000 0.994125 0.003802 0.000000 -0.000547 0.993445 0.000133 0.003802 0.000680 0.003802 0.000720  -1  -1  -1 
2276.369669 0.000000 0.000000 1.000082 0.003805 0.000000 -0.000494 0.993560 0.006028 0.003805 0.006522 0.003805 0.000720  -1  -1  -1 
2276.370279 0.000000 0.000000 0.988443 0.003796 0.000000 -0.000445 0.993673 -0.005675 0.003796 -0.005230 0.003796 0.000720  -1  -1  -1 
2276.370890 0.000000 0.000000 0.997923 0.003803 0.000000 -0.000399 0.993783 0.003740 0.003803 0.004140 0.003803 0.000720  -1  -1  -1 
2276.371500 0.000000 0.000000 0.993977 0.003802 0.000000 -0.000361 0.993888 -0.000272 0.003802 0.000089 0.003802 0.000720  -1  -1  -1 
2276.372121 0.000000 0.000000 0.997679 0.003799 0.000000 -0.000329 0.993989 0.003360 0.003799 0.003690 0.003799 0.000720  -1  -1  -1 
2276.372730 0.000000 0.000000 0.992245 0.003801 0.000000 -0.000305 0.994083 -0.002143 0.003801 -0.001838 0.003801 0.000720  -1  -1  -1 
2276.373340 0.000000 0.000000 0.991928 0.003799 0.000000 -0.000284 0.994175 -0.002531 0.003799 -0.002247 0.003799 0.000720  -1  -1  -1 
2276.373952 0.000000 0.000000 0.993593 0.003805 0.000000 -0.000263 0.994269 -0.000939 0.003805 -0.000676 0.003805 0.000720  -1  -1  -1 
2276.374561 0.000000 0.000000 0.997242 0.003804 0.000000 -0.000243 0.994364 0.002635 0.003804 0.002878 0.003804 0.000720  -1  -1  -1 
2276.375172 0.000000 0.000000 0.995311 0.003802 0.000000 -0.000224 0.994460 0.000627 0.003802 0.000851 0.003802 0.000720  -1  -1  -1 
2276.375782 0.000000 0.000000 0.994382 0.003802 0.000000 -0.000203 0.994560 -0.000381 0.003802 -0.000178 0.003802 0.000720  -1  -1  -1 
2276.376390 0.000000 0.000000 0.993164 0.003800 0.000000 -0.000176 0.994668 -0.001680 0.003800 -0.001504 0.003800 0.000720  -1  -1  -1 
2276.376999 0.000000 0.000000 0.988800 0.003801 0.000000 -0.000139 0.994788 -0.006127 0.003801 -0.005988 0.003801 0.000720  -1  -1  -1 
2276.377621 0.000000 0.000000 0.994471 0.003803 0.000000 -0.000090 0.994925 -0.000544 0.003803 -0.000454 0.003803 0.000720  -1  -1  -1 
2276.378229 0.000000 0.000000 0.994102 0.003803 0.000000 -0.000032 0.995072 -0.001002 0.003803 -0.000970 0.003803 0.000720  -1  -1  -1 
2276.378839 0.000000 0.000000 1.001370 0.003805 0.000000 0.000030 0.995226 0.006174 0.003805 0.006144 0.003805 0.000720  -1  -1  -1 
2276.379449 0.000000 0.000000 0.993064 0.003801 0.000000 0.000094 0.995386 -0.002228 0.003801 -0.002322 0.003801 0.000720  -1  -1  -1 
2276.380057 0.000000 0.000000 0.994153 0.003804 0.000000 0.000159 0.995551 -0.001238 0.003804 -0.001398 0.003804 0.000720  -1  -1  -1 
2276.380667 0.000000 0.000000 0.996595 0.003804 0.000000 0.000228 0.995724 0.001099 0.003804 0.000871 0.003804 0.000720  -1  -1  -1 
2276.381280 0.000000 0.000000 0.993585 0.003804 0.000000 0.000297 0.995905 -0.002022 0.003804 -0.002320 0.003804 0.000720  -1  -1  -1 
2276.383004 0.000000 0.000000 0.998385 0.003807 0.000000 0.000479 0.996502 0.002362 0.003807 0.001883 0.003807 0.000720  -1  -1  -1 
2276.383620 0.000000 0.000000 0.999060 0.003809 0.000000 0.000526 0.996735 0.002851 0.003809 0.002325 0.003809 0.000720  -1  -1  -1 
2276.384228 0.000000 0.000000 0.998481 0.003810 0.000000 0.000557 0.996958 0.002079 0.003810 0.001523 0.003810 0.000720  -1  -1  -1 
2276.384838 0.000000 0.000000 1.003414 0.003812 0.000000 0.000570 0.997172 0.006812 0.003812 0.006242 0.003812 0.000720  -1  -1  -1 
2276.385448 0.000000 0.000000 1.003190 0.003813 0.000000 0.000566 0.997373 0.006383 0.003813 0.005817 0.003813 0.000720  -1  -1  -1 
2276.386059 0.000000 0.000000 0.994182 0.003808 0.000000 0.000550 0.997566 -0.002834 0.003808 -0.003384 0.003808 0.000720  -1  -1  -1 
2276.386669 0.000000 0.000000 0.991326 0.003810 0.000000 0.000534 0.997759 -0.005900 0.003810 -0.006433 0.003810 0.000720  -1  -1  -1 
2276.387278 0.000000 0.000000 1.001323 0.003813 0.000000 0.000523 0.997959 0.003887 0.003813 0.003364 0.003813 0.000720  -1  -1  -1 
2276.387888 0.000000 0.000000 0.992782 0.003808 0.000000 0.000520 0.998165 -0.004863 0.003808 -0.005383 0.003808 0.000720  -1  -1  -1 
2276.388497 0.000000 0.000000 1.000349 0.003814 0.000000 0.000526 0.998379 0.002496 0.003814 0.001970 0.003814 0.000720  -1  -1  -1 
2276.389107 0.000000 0.000000 0.998082 0.003809 0.000000 0.000539 0.998598 0.000024 0.003809 -0.000516 0.003809 0.000720  -1  -1  -1 
2276.389716 0.000000 0.000000 0.998734 0.003816 0.000000 0.000559 0.998819 0.000474 0.003816 -0.000085 0.003816 0.000720  -1  -1  -1 
2276.390327 0.000000 0.000000 1.002516 0.003814 0.000000 0.000585 0.999043 0.004058 0.003814 0.003473 0.003814 0.000720  -1  -1  -1 
2276.390937 0.000000 0.000000 0.995015 0.003814 0.000000 0.000614 0.999265 -0.003636 0.003814 -0.004250 0.003814 0.000720  -1  -1  -1 
2276.391547 0.000000 0.000000 1.003058 0.003817 0.000000 0.000650 0.999487 0.004221 0.003817 0.003571 0.003817 0.000720  -1  -1  -1 
2276.392157 0.000000 0.000000 0.997826 0.003816 0.000000 0.000691 0.999708 -0.001191 0.003816 -0.001882 0.003816 0.000720  -1  -1  -1 
2276.392766 0.000000 0.000000 1.003488 0.003819 0.000000 0.000736 0.999926 0.004298 0.003819 0.003562 0.003819 0.000720  -1  -1  -1 
2276.393374 0.000000 0.000000 0.999975 0.003816 0.000000 0.000788 1.000142 0.000621 0.003816 -0.000167 0.003816 0.000720  -1  -1  -1 
2276.393982 0.000000 0.000000 0.996101 0.003813 0.000000 0.000848 1.000357 -0.003408 0.003813 -0.004256 0.003813 0.000720  -1  -1  -1 
2276.394593 0.000000 0.000000 0.997220 0.003814 0.000000 0.000918 1.000574 -0.002436 0.003814 -0.003354 0.003814 0.000720  -1  -1  -1 
2276.395202 0.000000 0.000000 1.002178 0.003820 0.000000 0.000998 1.000789 0.002387 0.003820 0.001389 0.003820 0.000720  -1  -1  -1 
2276.395816 0.000000 0.000000 1.007418 0.003820 0.000000 0.001080 1.000997 0.007501 0.003820 0.006421 0.003820 0.000720  -1  -1  -1 
2276.396426 0.000000 0.000000 1.003513 0.003823 0.000000 0.001161 1.001190 0.003484 0.003823 0.002323 0.003823 0.000720  -1  -1  -1 
2276.397035 0.000000 0.000000 0.999706 0.003816 0.000000 0.001241 1.001370 -0.000422 0.003816 -0.001664 0.003816 0.000720  -1  -1  -1 
2276.397645 0.000000 0.000000 0.994445 0.003816 0.000000 0.001325 1.001538 -0.005768 0.003816 -0.007093 0.003816 0.000720  -1  -1  -1 
2276.398254 0.000000 0.000000 1.001823 0.003822 0.000000 0.001411 1.001694 0.001540 0.003822 0.000129 0.003822 0.000720  -1  -1  -1 
2276.398862 0.000000 0.000000 1.006298 0.003824 0.000000 0.001494 1.001829 0.005964 0.003824 0.004469 0.003824 0.000720  -1  -1  -1 
2276.399472 0.000000 0.000000 1.002021 0.003817 0.000000 0.001566 1.001929 0.001658 0.003817 0.000092 0.003817 0.000720  -1  -1  -1 
2276.400081 0.000000 0.000000 1.008178 0.003827 0.000000 0.001620 1.001984 0.007813 0.003827 0.006194 0.003827 0.000720  -1  -1  -1 
2276.400689 0.000000 0.000000 1.007842 0.003823 0.000000 0.001650 1.002015 0.007477 0.003823 0.005827 0.003823 0.000720  -1  -1  -1 
2276.401298 0.000000 0.000000 1.008348 0.003830 0.000000 0.001656 1.002020 0.007983 0.003830 0.006328 0.003830 0.000720  -1  -1  -1 
2276.401908 0.000000 0.000000 0.999987 0.003821 0.000000 0.001641 1.002005 -0.000378 0.003821 -0.002018 0.003821 0.000720  -1  -1  -1 
2276.402516 0.000000 0.000000 0.998321 0.003823 0.000000 0.001613 1.001978 -0.002044 0.003823 -0.003657 0.003823 0.000720  -1  -1  -1 
2276.403127 0.000000 0.000000 1.000659 0.003821 0.000000 0.001578 1.001943 0.000294 0.003821 -0.001284 0.003821 0.000720  -1  -1  -1 
2276.403739 0.000000 0.000000 1.010308 0.003827 0.000000 0.001536 1.001901 0.009943 0.003827 0.008407 0.003827 0.000720  -1  -1  -1 
2276.404361 0.000000 0.000000 1.001066 0.003823 0.000000 0.001484 1.001849 0.000701 0.003823 -0.000783 0.003823 0.000720  -1  -1  -1 
2276.404971 0.000000 0.000000 0.999205 0.003824 0.000000 0.001428 1.001793 -0.001160 0.003824 -0.002588 0.003824 0.000720  -1  -1  -1 
2276.405580 0.000000 0.000000 1.002806 0.003826 0.000000 0.001371 1.001736 0.002441 0.003826 0.001070 0.003826 0.000720  -1  -1  -1 
2276.406195 0.000000 0.000000 1.001657 0.003826 0.000000 0.001312 1.001676 0.001292 0.003826 -0.000019 0.003826 0.000720  -1  -1  -1 
2276.406806 0.000000 0.000000 0.999992 0.003823 0.000000 0.001250 1.001615 -0.000373 0.003823 -0.001623 0.003823 0.000720  -1  -1  -1 
2276.407418 0.000000 0.000000 1.000271 0.003825 0.000000 0.001185 1.001550 -0.000094 0.003825 -0.001279 0.003825 0.000720  -1  -1  -1 
2276.408035 0.000000 0.000000 1.005199 0.003827 0.000000 0.001111 1.001476 0.004834 0.003827 0.003723 0.003827 0.000720  -1  -1  -1 
2276.408643 0.000000 0.000000 1.007630 0.003830 0.000000 0.001023 1.001388 0.007265 0.003830 0.006242 0.003830 0.000720  -1  -1  -1 
2276.409252 0.000000 0.000000 1.000897 0.003826 0.000000 0.000918 1.001283 0.000532 0.003826 -0.000386 0.003826 0.000720  -1  -1  -1 
2276.409860 0.000000 0.000000 1.009495 0.003826 0.000000 0.000796 1.001161 0.009130 0.003826 0.008334 0.003826 0.000720  -1  -1  -1 
2276.410471 0.000000 0.000000 0.996438 0.003826 0.000000 0.000659 1.001024 -0.003927 0.003826 -0.004586 0.003826 0.000720  -1  -1  -1 
2276.411080 0.000000 0.000000 1.003896 0.003826 0.000000 0.000516 1.000880 0.003531 0.003826 0.003016 0.003826 0.000720  -1  -1  -1 
2276.411691 0.000000 0.000000 0.997713 0.003833 0.000000 0.000370 1.000734 -0.002652 0.003833 -0.003021 0.003833 0.000720  -1  -1  -1 
2276.412303 0.000000 0.000000 1.001106 0.003833 0.000000 0.000226 1.000591 0.000741 0.003833 0.000515 0.003833 0.000720  -1  -1  -1 
2276.412911 0.000000 0.000000 1.001128 0.003829 0.000000 0.000091 1.000456 0.000763 0.003829 0.000672 0.003829 0.000720  -1  -1  -1 
2276.413521 0.000000 0.000000 1.001411 0.003827 0.000000 -0.000035 1.000330 0.001046 0.003827 0.001081 0.003827 0.000720  -1  -1  -1 
2276.414132 0.000000 0.000000 0.993988 0.003825 0.000000 -0.000145 1.000220 -0.006377 0.003825 -0.006232 0.003825 0.000720  -1  -1  -1 
2276.414742 0.000000 0.000000 0.999865 0.003829 0.000000 -0.000233 1.000131 -0.000500 0.003829 -0.000266 0.003829 0.000720  -1  -1  -1 
2276.415352 0.000000 0.000000 0.992584 0.003826 0.000000 -0.000299 1.000066 -0.007781 0.003826 -0.007482 0.003826 0.000720  -1  -1  -1 
2276.415961 0.000000 0.000000 0.999825 0.003828 0.000000 -0.000342 1.000022 -0.000540 0.003828 -0.000197 0.003828 0.000720  -1  -1  -1 
2276.416572 0.000000 0.000000 1.000020 0.003833 0.000000 -0.000368 0.999997 -0.000345 0.003833 0.000023 0.003833 0.000720  -1  -1  -1 
2276.417181 0.000000 0.000000 0.996974 0.003828 0.000000 -0.000383 0.999982 -0.003391 0.003828 -0.003008 0.003828 0.000720  -1  -1  -1 
2276.417789 0.000000 0.000000 1.005098 0.003830 0.000000 -0.000392 0.999973 0.004733 0.003830 0.005125 0.003830 0.000720  -1  -1  -1 
2276.418400 0.000000 0.000000 0.997505 0.003833 0.000000 -0.000402 0.999962 -0.002860 0.003833 -0.002457 0.003833 0.000720  -1  -1  -1 
2276.419009 0.000000 0.000000 1.005819 0.003831 0.000000 -0.000417 0.999947 0.005454 0.003831 0.005872 0.003831 0.000720  -1  -1  -1 
2276.419618 0.000000 0.000000 1.000910 0.003831 0.000000 -0.000440 0.999925 0.000545 0.003831 0.000985 0.003831 0.000720  -1  -1  -1 
2276.420229 0.000000 0.000000 0.995780 0.003830 0.000000 -0.000469 0.999895 -0.004585 0.003830 -0.004115 0.003830 0.000720  -1  -1  -1 
2276.420838 0.000000 0.000000 1.001505 0.003831 0.000000 -0.000502 0.999862 0.001140 0.003831 0.001643 0.003831 0.000720  -1  -1  -1 
2276.421447 0.000000 0.000000 1.002441 0.003830 0.000000 -0.000539 0.999826 0.002076 0.003830 0.002615 0.003830 0.000720  -1  -1  -1 
2276.422071 0.000000 0.000000 0.997328 0.003826 0.000000 -0.000580 0.999785 -0.003037 0.003826 -0.002457 0.003826 0.000720  -1  -1  -1 
2276.422680 0.000000 0.000000 0.998494 0.003825 0.000000 -0.000620 0.999745 -0.001871 0.003825 -0.001251 0.003825 0.000720  -1  -1  -1 
2276.423291 0.000000 0.000000 0.996299 0.003830 0.000000 -0.000658 0.999707 -0.004066 0.003830 -0.003408 0.003830 0.000720  -1  -1  -1 
2276.423900 0.000000 0.000000 0.997117 0.003831 0.000000 -0.000693 0.999672 -0.003248 0.003831 -0.002555 0.003831 0.000720  -1  -1  -1 
2276.424509 0.000000 0.000000 1.003476 0.003832 0.000000 -0.000730 0.999635 0.003111 0.003832 0.003841 0.003832 0.000720  -1  -1  -1 
2276.425128 0.000000 0.000000 1.004049 0.003832 0.000000 -0.000773 0.999592 0.003684 0.003832 0.004457 0.003832 0.000720  -1  -1  -1 
2276.425738 0.000000 0.000000 0.995707 0.003832 0.000000 -0.000823 0.999542 -0.004658 0.003832 -0.003835 0.003832 0.000720  -1  -1  -1 
2276.426359 0.000000 0.000000 1.001793 0.003828 0.000000 -0.000878 0.999487 0.001428 0.003828 0.002306 0.003828 0.000720  -1  -1  -1 
2276.426967 0.000000 0.000000 1.000484 0.003830 0.000000 -0.000935 0.999430 0.000119 0.003830 0.001054 0.003830 0.000720  -1  -1  -1 
2276.427576 0.000000 0.000000 0.995438 0.003827 0.000000 -0.000991 0.999374 -0.004927 0.003827 -0.003936 0.003827 0.000720  -1  -1  -1 
2276.428187 0.000000 0.000000 1.001740 0.003826 0.000000 -0.001042 0.999322 0.001375 0.003826 0.002418 0.003826 0.000720  -1  -1  -1 
2276.428796 0.000000 0.000000 0.997867 0.003827 0.000000 -0.001087 0.999278 -0.002498 0.003827 -0.001411 0.003827 0.000720  -1  -1  -1 
2276.429405 0.000000 0.000000 0.993683 0.003827 0.000000 -0.001119 0.999246 -0.006682 0.003827 -0.005563 0.003827 0.000720  -1  -1  -1 
2276.430016 0.000000 0.000000 1.001424 0.003826 0.000000 -0.001135 0.999230 0.001059 0.003826 0.002194 0.003826 0.000720  -1  -1  -1 
2276.430624 0.000000 0.000000 0.996143 0.003826 0.000000 -0.001134 0.999230 -0.004222 0.003826 -0.003087 0.003826 0.000720  -1  -1  -1 
2276.431235 0.000000 0.000000 0.996153 0.003827 0.000000 -0.001114 0.999251 -0.004212 0.003827 -0.003098 0.003827 0.000720  -1  -1  -1 
2276.431847 0.000000 0.000000 0.995382 0.003827 0.000000 -0.001072 0.999293 -0.004983 0.003827 -0.003911 0.003827 0.000720  -1  -1  -1 
2276.432460 0.000000 0.000000 0.996011 0.003828 0.000000 -0.001010 0.999355 -0.004354 0.003828 -0.003344 0.003828 0.000720  -1  -1  -1 
2276.433069 0.000000 0.000000 0.997379 0.003827 0.000000 -0.000932 0.999433 -0.002986 0.003827 -0.002054 0.003827 0.000720  -1  -1  -1 
2276.433678 0.000000 0.000000 1.001161 0.003828 0.000000 -0.000843 0.999521 0.000796 0.003828 0.001640 0.003828 0.000720  -1  -1  -1 
2276.434287 0.000000 0.000000 1.002971 0.003830 0.000000 -0.000752 0.999612 0.002606 0.003830 0.003359 0.003830 0.000720  -1  -1  -1 
2276.434897 0.000000 0.000000 0.997412 0.003826 0.000000 -0.000664 0.999701 -0.002953 0.003826 -0.002289 0.003826 0.000720  -1  -1  -1 
2276.435508 0.000000 0.000000 0.998979 0.003826 0.000000 -0.000579 0.999786 -0.001386 0.003826 -0.000807 0.003826 0.000720  -1  -1  -1 
2276.436123 0.000000 0.000000 1.003717 0.003831 0.000000 -0.000502 0.999863 0.003352 0.003831 0.003854 0.003831 0.000720  -1  -1  -1 
2276.436732 0.000000 0.000000 0.998466 0.003828 0.000000 -0.000437 0.999928 -0.001899 0.003828 -0.001462 0.003828 0.000720  -1  -1  -1 
2276.437343 0.000000 0.000000 0.999419 0.003828 0.000000 -0.000384 0.999981 -0.000946 0.003828 -0.000562 0.003828 0.000720  -1  -1  -1 
2276.437956 0.000000 0.000000 1.004773 0.003833 0.000000 -0.000345 1.000020 0.004408 0.003833 0.004753 0.003833 0.000720  -1  -1  -1 
2276.438574 0.000000 0.000000 1.001375 0.003832 0.000000 -0.000322 1.000043 0.001010 0.003832 0.001332 0.003832 0.000720  -1  -1  -1 
2276.439185 0.000000 0.000000 0.998783 0.003827 0.000000 -0.000315 1.000050 -0.001582 0.003827 -0.001267 0.003827 0.000720  -1  -1  -1 
2276.439795 0.000000 0.000000 1.004786 0.003834 0.000000 -0.000320 1.000045 0.004421 0.003834 0.004741 0.003834 0.000720  -1  -1  -1 
2276.440403 0.000000 0.000000 0.996089 0.003830 0.000000 -0.000335 1.000030 -0.004276 0.003830 -0.003941 0.003830 0.000720  -1  -1  -1 
2276.441014 0.000000 0.000000 0.996056 0.003826 0.000000 -0.000354 1.000011 -0.004309 0.003826 -0.003955 0.003826 0.000720  -1  -1  -1 
2276.441623 0.000000 0.000000 1.002790 0.003832 0.000000 -0.000376 0.999989 0.002425 0.003832 0.002801 0.003832 0.000720  -1  -1  -1 
2276.442231 0.000000 0.000000 0.999729 0.003833 0.000000 -0.000402 0.999963 -0.000636 0.003833 -0.000234 0.003833 0.000720  -1  -1  -1 
2276.442841 0.000000 0.000000 1.004074 0.003830 0.000000 -0.000432 0.999933 0.003709 0.003830 0.004141 0.003830 0.000720  -1  -1  -1 
2276.444377 0.000000 0.000000 0.996081 0.003828 0.000000 -0.000510 0.999854 -0.004284 0.003828 -0.003773 0.003828 0.000720  -1  -1  -1 
2276.444988 0.000000 0.000000 1.001066 0.003827 0.000000 -0.000528 0.999837 0.000701 0.003827 0.001229 0.003827 0.000720  -1  -1  -1 
2276.445599 0.000000 0.000000 0.997350 0.003832 0.000000 -0.000531 0.999834 -0.003015 0.003832 -0.002484 0.003832 0.000720  -1  -1  -1 
2276.446218 0.000000 0.000000 0.994682 0.003827 0.000000 -0.000515 0.999850 -0.005683 0.003827 -0.005168 0.003827 0.000720  -1  -1  -1 
2276.446833 0.000000 0.000000 1.000167 0.003827 0.000000 -0.000477 0.999888 -0.000198 0.003827 0.000279 0.003827 0.000720  -1  -1  -1 
2276.447443 0.000000 0.000000 0.995132 0.003827 0.000000 -0.000419 0.999946 -0.005233 0.003827 -0.004814 0.003827 0.000720  -1  -1  -1 
2276.448052 0.000000 0.000000 0.991864 0.003827 0.000000 -0.000341 1.000023 -0.008501 0.003827 -0.008159 0.003827 0.000720  -1  -1  -1 
2276.448663 0.000000 0.000000 1.005204 0.003833 0.000000 -0.000250 1.000115 0.004839 0.003833 0.005089 0.003833 0.000720  -1  -1  -1 
2276.449272 0.000000 0.000000 1.003876 0.003828 0.000000 -0.000157 1.000208 0.003511 0.003828 0.003668 0.003828 0.000720  -1  -1  -1 
2276.449880 0.000000 0.000000 1.002125 0.003829 0.000000 -0.000070 1.000295 0.001760 0.003829 0.001830 0.003829 0.000720  -1  -1  -1 
2276.450489 0.000000 0.000000 1.004969 0.003833 0.000000 0.000007 1.000372 0.004604 0.003833 0.004597 0.003833 0.000720  -1  -1  -1 
2276.451098 0.000000 0.000000 1.001698 0.003830 0.000000 0.000073 1.000438 0.001333 0.003830 0.001260 0.003830 0.000720  -1  -1  -1 
2276.451709 0.000000 0.000000 0.995935 0.003831 0.000000 0.000132 1.000497 -0.004430 0.003831 -0.004562 0.003831 0.000720  -1  -1  -1 
2276.452318 0.000000 0.000000 0.998011 0.003834 0.000000 0.000187 1.000552 -0.002354 0.003834 -0.002541 0.003834 0.000720  -1  -1  -1 
2276.452927 0.000000 0.000000 1.002590 0.003829 0.000000 0.000237 1.000602 0.002225 0.003829 0.001988 0.003829 0.000720  -1  -1  -1 
2276.453562 0.000000 0.000000 1.003172 0.003828 0.000000 0.000281 1.000646 0.002807 0.003828 0.002526 0.003828 0.000720  -1  -1  -1 
2276.454173 0.000000 0.000000 1.005676 0.003833 0.000000 0.000312 1.000676 0.005311 0.003833 0.005000 0.003833 0.000720  -1  -1  -1 
2276.454782 0.000000 0.000000 0.997969 0.003830 0.000000 0.000332 1.000697 -0.002396 0.003830 -0.002728 0.003830 0.000720  -1  -1  -1 
2276.455390 0.000000 0.000000 1.002092 0.003832 0.000000 0.000345 1.000710 0.001727 0.003832 0.001382 0.003832 0.000720  -1  -1  -1 
2276.456005 0.000000 0.000000 1.000082 0.003828 0.000000 0.000354 1.000718 -0.000283 0.003828 -0.000636 0.003828 0.000720  -1  -1  -1 
2276.456620 0.000000 0.000000 0.999202 0.003826 0.000000 0.000360 1.000725 -0.001163 0.003826 -0.001523 0.003826 0.000720  -1  -1  -1 
2276.457234 0.000000 0.000000 0.999742 0.003827 0.000000 0.000365 1.000730 -0.000623 0.003827 -0.000988 0.003827 0.000720  -1  -1  -1 
2276.457843 0.000000 0.000000 1.002473 0.003829 0.000000 0.000368 1.000733 0.002108 0.003829 0.001740 0.003829 0.000720  -1  -1  -1 
2276.458454 0.000000 0.000000 0.999830 0.003826 0.000000 0.000368 1.000732 -0.000535 0.003826 -0.000902 0.003826 0.000720  -1  -1  -1 
2276.459062 0.000000 0.000000 0.999487 0.003828 0.000000 0.000363 1.000727 -0.000878 0.003828 -0.001240 0.003828 0.000720  -1  -1  -1 
2276.459672 0.000000 0.000000 1.005946 0.003832 0.000000 0.000351 1.000715 0.005581 0.003832 0.005231 0.003832 0.000720  -1  -1  -1 
2276.460284 0.000000 0.000000 1.001998 0.003829 0.000000 0.000329 1.000694 0.001633 0.003829 0.001304 0.003829 0.000720  -1  -1  -1 
2276.460894 0.000000 0.000000 1.000543 0.003827 0.000000 0.000298 1.000663 0.000178 0.003827 -0.000120 0.003827 0.000720  -1  -1  -1 
2276.461504 0.000000 0.000000 1.003268 0.003827 0.000000 0.000260 1.000625 0.002903 0.003827 0.002643 0.003827 0.000720  -1  -1  -1 
2276.462114 0.000000 0.000000 1.001360 0.003828 0.000000 0.000218 1.000583 0.000995 0.003828 0.000777 0.003828 0.000720  -1  -1  -1 
2276.462723 0.000000 0.000000 0.999581 0.003824 0.000000 0.000176 1.000541 -0.000784 0.003824 -0.000960 0.003824 0.000720  -1  -1  -1 
2276.463335 0.000000 0.000000 0.998213 0.003826 0.000000 0.000140 1.000505 -0.002152 0.003826 -0.002292 0.003826 0.000720  -1  -1  -1 
2276.463945 0.000000 0.000000 0.998228 0.003824 0.000000 0.000114 1.000479 -0.002137 0.003824 -0.002251 0.003824 0.000720  -1  -1  -1 
2276.464554 0.000000 0.000000 0.995600 0.003822 0.000000 0.000100 1.000465 -0.004765 0.003822 -0.004865 0.003822 0.000720  -1  -1  -1 
2276.465183 0.000000 0.000000 1.002137 0.003828 0.000000 0.000098 1.000462 0.001772 0.003828 0.001675 0.003828 0.000720  -1  -1  -1 
2276.465838 0.000000 0.000000 1.003662 0.003827 0.000000 0.000103 1.000468 0.003297 0.003827 0.003194 0.003827 0.000720  -1  -1  -1 
2276.466448 0.000000 0.000000 0.999465 0.003824 0.000000 0.000111 1.000476 -0.000900 0.003824 -0.001011 0.003824 0.000720  -1  -1  -1 
2276.467058 0.000000 0.000000 1.003803 0.003828 0.000000 0.000123 1.000488 0.003438 0.003828 0.003315 0.003828 0.000720  -1  -1  -1 
2276.467667 0.000000 0.000000 0.993733 0.003825 0.000000 0.000139 1.000504 -0.006632 0.003825 -0.006771 0.003825 0.000720  -1  -1  -1 
2276.468278 0.000000 0.000000 1.004470 0.003828 0.000000 0.000161 1.000526 0.004105 0.003828 0.003944 0.003828 0.000720  -1  -1  -1 
2276.468889 0.000000 0.000000 0.997899 0.003822 0.000000 0.000186 1.000551 -0.002466 0.003822 -0.002652 0.003822 0.000720  -1  -1  -1 
2276.469502 0.000000 0.000000 0.998365 0.003822 0.000000 0.000214 1.000579 -0.002000 0.003822 -0.002214 0.003822 0.000720  -1  -1  -1 
2276.470114 0.000000 0.000000 1.003459 0.003825 0.000000 0.000242 1.000607 0.003094 0.003825 0.002852 0.003825 0.000720  -1  -1  -1 
2276.470724 0.000000 0.000000 1.001802 0.003822 0.000000 0.000265 1.000630 0.001437 0.003822 0.001172 0.003822 0.000720  -1  -1  -1 
2276.471335 0.000000 0.000000 0.999528 0.003826 0.000000 0.000281 1.000646 -0.000837 0.003826 -0.001118 0.003826 0.000720  -1  -1  -1 
2276.471945 0.000000 0.000000 1.008953 0.003824 0.000000 0.000287 1.000651 0.008588 0.003824 0.008302 0.003824 0.000720  -1  -1  -1 
2276.472555 0.000000 0.000000 0.999150 0.003819 0.000000 0.000281 1.000646 -0.001215 0.003819 -0.001496 0.003819 0.000720  -1  -1  -1 
2276.473165 0.000000 0.000000 1.000951 0.003824 0.000000 0.000269 1.000634 0.000586 0.003824 0.000317 0.003824 0.000720  -1  -1  -1 
2276.473774 0.000000 0.000000 0.998479 0.003824 0.000000 0.000253 1.000618 -0.001886 0.003824 -0.002139 0.003824 0.000720  -1  -1  -1 
2276.474385 0.000000 0.000000 1.000105 0.003824 0.000000 0.000238 1.000603 -0.000260 0.003824 -0.000498 0.003824 0.000720  -1  -1  -1 
2276.474996 0.000000 0.000000 0.999644 0.003820 0.000000 0.000225 1.000589 -0.000721 0.003820 -0.000945 0.003820 0.000720  -1  -1  -1 
2276.475605 0.000000 0.000000 0.996948 0.003816 0.000000 0.000213 1.000577 -0.003417 0.003816 -0.003629 0.003816 0.000720  -1  -1  -1 
2276.476216 0.000000 0.000000 1.002795 0.003826 0.000000 0.000201 1.000566 0.002430 0.003826 0.002229 0.003826 0.000720  -1  -1  -1 
2276.476827 0.000000 0.000000 1.004242 0.003824 0.000000 0.000185 1.000550 0.003877 0.003824 0.003692 0.003824 0.000720  -1  -1  -1 
2276.477437 0.000000 0.000000 1.004854 0.003822 0.000000 0.000161 1.000526 0.004489 0.003822 0.004328 0.003822 0.000720  -1  -1  -1 
2276.478047 0.000000 0.000000 0.998325 0.003823 0.000000 0.000131 1.000496 -0.002040 0.003823 -0.002171 0.003823 0.000720  -1  -1  -1 
2276.478659 0.000000 0.000000 0.998592 0.003818 0.000000 0.000099 1.000464 -0.001773 0.003818 -0.001872 0.003818 0.000720  -1  -1  -1 
2276.479284 0.000000 0.000000 1.001821 0.003822 0.000000 0.000067 1.000432 0.001456 0.003822 0.001389 0.003822 0.000720  -1  -1  -1 
2276.479894 0.000000 0.000000 0.997174 0.003821 0.000000 0.000039 1.000404 -0.003191 0.003821 -0.003230 0.003821 0.000720  -1  -1  -1 
2276.480503 0.000000 0.000000 1.000547 0.003822 0.000000 0.000015 1.000380 0.000182 0.003822 0.000167 0.003822 0.000720  -1  -1  -1 
2276.481114 0.000000 0.000000 1.002426 0.003822 0.000000 -0.000005 1.000360 0.002061 0.003822 0.002066 0.003822 0.000720  -1  -1  -1 
2276.481728 0.000000 0.000000 0.997886 0.003815 0.000000 -0.000023 1.000342 -0.002479 0.003815 -0.002456 0.003815 0.000720  -1  -1  -1 
2276.482346 0.000000 0.000000 0.997465 0.003818 0.000000 -0.000037 1.000327 -0.002900 0.003818 -0.002862 0.003818 0.000720  -1  -1  -1 
2276.482959 0.000000 0.000000 0.999993 0.003820 0.000000 -0.000049 1.000316 -0.000372 0.003820 -0.000323 0.003820 0.000720  -1  -1  -1 
2276.483568 0.000000 0.000000 1.003762 0.003822 0.000000 -0.000063 1.000302 0.003397 0.003822 0.003460 0.003822 0.000720  -1  -1  -1 
2276.484178 0.000000 0.000000 1.002983 0.003823 0.000000 -0.000083 1.000281 0.002618 0.003823 0.002702 0.003823 0.000720  -1  -1  -1 
2276.484881 0.000000 0.000000 1.002246 0.003819 0.000000 -0.000116 1.000249 0.001881 0.003819 0.001997 0.003819 0.000720  -1  -1  -1 
2276.485492 0.000000 0.000000 0.999637 0.003822 0.000000 -0.000151 1.000214 -0.000728 0.003822 -0.000577 0.003822 0.000720  -1  -1  -1 
2276.486102 0.000000 0.000000 1.002995 0.003822 0.000000 -0.000187 1.000177 0.002630 0.003822 0.002818 0.003822 0.000720  -1  -1  -1 
2276.486711 0.000000 0.000000 0.992519 0.003815 0.000000 -0.000221 1.000143 -0.007846 0.003815 -0.007624 0.003815 0.000720  -1  -1  -1 
2276.487425 0.000000 0.000000 1.002015 0.003818 0.000000 -0.000251 1.000114 0.001650 0.003818 0.001901 0.003818 0.000720  -1  -1  -1 
2276.488034 0.000000 0.000000 1.000874 0.003825 0.000000 -0.000268 1.000096 0.000509 0.003825 0.000778 0.003825 0.000720  -1  -1  -1 
2276.488644 0.000000 0.000000 0.997711 0.003821 0.000000 -0.000277 1.000088 -0.002654 0.003821 -0.002377 0.003821 0.000720  -1  -1  -1 
2276.489255 0.000000 0.000000 0.997958 0.003819 0.000000 -0.000274 1.000091 -0.002407 0.003819 -0.002133 0.003819 0.000720  -1  -1  -1 
2276.489865 0.000000 0.000000 0.998446 0.003817 0.000000 -0.000260 1.000105 -0.001919 0.003817 -0.001659 0.003817 0.000720  -1  -1  -1 
2276.490476 0.000000 0.000000 0.999651 0.003823 0.000000 -0.000235 1.000130 -0.000714 0.003823 -0.000479 0.003823 0.000720  -1  -1  -1 
2276.491087 0.000000 0.000000 0.999132 0.003818 0.000000 -0.000203 1.000162 -0.001233 0.003818 -0.001030 0.003818 0.000720  -1  -1  -1 
2276.491698 0.000000 0.000000 1.000797 0.003821 0.000000 -0.000166 1.000199 0.000432 0.003821 0.000598 0.003821 0.000720  -1  -1  -1 
2276.492306 0.000000 0.000000 0.999153 0.003816 0.000000 -0.000127 1.000237 -0.001212 0.003816 -0.001084 0.003816 0.000720  -1  -1  -1 
2276.492920 0.000000 0.000000 1.000231 0.003821 0.000000 -0.000091 1.000274 -0.000134 0.003821 -0.000043 0.003821 0.000720  -1  -1  -1 
2276.493528 0.000000 0.000000 1.004332 0.003819 0.000000 -0.000061 1.000304 0.003967 0.003819 0.004028 0.003819 0.000720  -1  -1  -1 
2276.494140 0.000000 0.000000 1.000034 0.003816 0.000000 -0.000041 1.000324 -0.000331 0.003816 -0.000290 0.003816 0.000720  -1  -1  -1 
2276.494748 0.000000 0.000000 1.002418 0.003819 0.000000 -0.000032 1.000333 0.002053 0.003819 0.002085 0.003819 0.000720  -1  -1  -1 
2276.495357 0.000000 0.000000 0.998655 0.003815 0.000000 -0.000034 1.000331 -0.001710 0.003815 -0.001676 0.003815 0.000720  -1  -1  -1 
2276.495968 0.000000 0.000000 1.004720 0.003818 0.000000 -0.000047 1.000318 0.004355 0.003818 0.004402 0.003818 0.000720  -1  -1  -1 
2276.496582 0.000000 0.000000 1.000237 0.003815 0.000000 -0.000071 1.000294 -0.000128 0.003815 -0.000057 0.003815 0.000720  -1  -1  -1 
2276.497192 0.000000 0.000000 0.997275 0.003812 0.000000 -0.000102 1.000262 -0.003090 0.003812 -0.002987 0.003812 0.000720  -1  -1  -1 
2276.497802 0.000000 0.000000 1.005663 0.003815 0.000000 -0.000139 1.000226 0.005298 0.003815 0.005437 0.003815 0.000720  -1  -1  -1 
2276.498414 0.000000 0.000000 0.995171 0.003816 0.000000 -0.000180 1.000184 -0.005194 0.003816 -0.005013 0.003816 0.000720  -1  -1  -1 
2276.499024 0.000000 0.000000 1.004965 0.003818 0.000000 -0.000222 1.000143 0.004600 0.003818 0.004822 0.003818 0.000720  -1  -1  -1 
2276.499669 0.000000 0.000000 0.998267 0.003815 0.000000 -0.000264 1.000101 -0.002098 0.003815 -0.001834 0.003815 0.000720  -1  -1  -1 
2276.500280 0.000000 0.000000 0.997345 0.003814 0.000000 -0.000297 1.000068 -0.003020 0.003814 -0.002723 0.003814 0.000720  -1  -1  -1 
2276.500890 0.000000 0.000000 0.995520 0.003817 0.000000 -0.000319 1.000046 -0.004845 0.003817 -0.004526 0.003817 0.000720  -1  -1  -1 
