# time Tc_folded Tref_folded value value_err offset model full_model val_compare val_compare_err residuals residuals_err jitter jitter_flag offset_flag subset_flag 
2294.447619 0.000000 0.000000 1.006306 0.003252 0.000000 1.001907 0.999678 1.008535 0.003252 0.006628 0.003252 0.000434  -1  -1  -1 
2294.450929 0.000000 0.000000 1.000411 0.003225 0.000000 1.001907 0.999684 1.002634 0.003225 0.000727 0.003225 0.000434  -1  -1  -1 
2294.453221 0.000000 0.000000 0.996036 0.003221 0.000000 1.001907 0.999691 0.998252 0.003221 -0.003655 0.003221 0.000434  -1  -1  -1 
2294.455466 0.000000 0.000000 0.990178 0.003220 0.000000 1.001907 0.999702 0.992383 0.003220 -0.009524 0.003220 0.000434  -1  -1  -1 
2294.457850 0.000000 0.000000 0.999005 0.003215 0.000000 1.001907 0.999719 1.001193 0.003215 -0.000714 0.003215 0.000434  -1  -1  -1 
2294.460732 0.000000 0.000000 1.003512 0.003212 0.000000 1.001907 0.999745 1.005673 0.003212 0.003767 0.003212 0.000434  -1  -1  -1 
2294.463811 0.000000 0.000000 1.003057 0.003208 0.000000 1.001907 0.999777 1.005186 0.003208 0.003280 0.003208 0.000434  -1  -1  -1 
2294.466820 0.000000 0.000000 1.001946 0.003214 0.000000 1.001907 0.999812 1.004041 0.003214 0.002134 0.003214 0.000434  -1  -1  -1 
2294.469644 0.000000 0.000000 0.997251 0.003217 0.000000 1.001907 0.999847 0.999311 0.003217 -0.002596 0.003217 0.000434  -1  -1  -1 
2294.471450 0.000000 0.000000 0.998321 0.003222 0.000000 1.001907 0.999872 1.000356 0.003222 -0.001551 0.003222 0.000434  -1  -1  -1 
2294.473255 0.000000 0.000000 1.002772 0.003212 0.000000 1.001907 0.999898 1.004781 0.003212 0.002874 0.003212 0.000434  -1  -1  -1 
2294.475651 0.000000 0.000000 1.001857 0.003227 0.000000 1.001907 0.999935 1.003829 0.003227 0.001922 0.003227 0.000434  -1  -1  -1 
2294.477445 0.000000 0.000000 1.001028 0.003218 0.000000 1.001907 0.999964 1.002971 0.003218 0.001064 0.003218 0.000434  -1  -1  -1 
2294.479251 0.000000 0.000000 1.001503 0.003217 0.000000 1.001907 0.999996 1.003414 0.003217 0.001507 0.003217 0.000434  -1  -1  -1 
2294.481056 0.000000 0.000000 0.996438 0.003216 0.000000 1.001907 1.000030 0.998315 0.003216 -0.003592 0.003216 0.000434  -1  -1  -1 
2294.482862 0.000000 0.000000 0.999902 0.003211 0.000000 1.001907 1.000067 1.001742 0.003211 -0.000165 0.003211 0.000434  -1  -1  -1 
2294.484679 0.000000 0.000000 0.999400 0.003211 0.000000 1.001907 1.000108 1.001199 0.003211 -0.000708 0.003211 0.000434  -1  -1  -1 
2294.486461 0.000000 0.000000 0.998137 0.003212 0.000000 1.001907 1.000151 0.999892 0.003212 -0.002014 0.003212 0.000434  -1  -1  -1 
2294.488301 0.000000 0.000000 1.000609 0.003215 0.000000 1.001907 1.000200 1.002316 0.003215 0.000409 0.003215 0.000434  -1  -1  -1 
2294.491068 0.000000 0.000000 1.003199 0.003226 0.000000 1.001907 1.000280 1.004825 0.003226 0.002919 0.003226 0.000434  -1  -1  -1 
2294.493973 0.000000 0.000000 0.995455 0.003215 0.000000 1.001907 1.000374 0.996988 0.003215 -0.004919 0.003215 0.000434  -1  -1  -1 
2294.496692 0.000000 0.000000 0.998859 0.003237 0.000000 1.001907 1.000471 1.000294 0.003237 -0.001612 0.003237 0.000434  -1  -1  -1 
2294.498521 0.000000 0.000000 0.998570 0.003225 0.000000 1.001907 1.000542 0.999935 0.003225 -0.001972 0.003225 0.000434  -1  -1  -1 
2294.500303 0.000000 0.000000 1.001245 0.003225 0.000000 1.001907 1.000614 1.002538 0.003225 0.000631 0.003225 0.000434  -1  -1  -1 
2294.502132 0.000000 0.000000 1.000492 0.003221 0.000000 1.001907 1.000691 1.001708 0.003221 -0.000199 0.003221 0.000434  -1  -1  -1 
2294.504597 0.000000 0.000000 1.002893 0.003232 0.000000 1.001907 1.000799 1.004000 0.003232 0.002094 0.003232 0.000434  -1  -1  -1 
2294.506391 0.000000 0.000000 1.001549 0.003230 0.000000 1.001907 1.000865 1.002591 0.003230 0.000684 0.003230 0.000434  -1  -1  -1 
2294.508208 0.000000 0.000000 1.002288 0.003229 0.000000 1.001907 1.000674 1.003521 0.003229 0.001614 0.003229 0.000434  -1  -1  -1 
2294.510049 0.000000 0.000000 0.998866 0.003218 0.000000 1.001907 1.000301 1.000471 0.003218 -0.001435 0.003218 0.000434  -1  -1  -1 
2294.511889 0.000000 0.000000 1.003010 0.003228 0.000000 1.001907 0.999811 1.005106 0.003228 0.003199 0.003228 0.000434  -1  -1  -1 
2294.513694 0.000000 0.000000 0.998478 0.003232 0.000000 1.001907 0.999250 1.001135 0.003232 -0.000772 0.003232 0.000434  -1  -1  -1 
2294.516160 0.000000 0.000000 0.996549 0.003223 0.000000 1.001907 0.998408 1.000048 0.003223 -0.001859 0.003223 0.000434  -1  -1  -1 
2294.517965 0.000000 0.000000 1.000359 0.003234 0.000000 1.001907 0.997773 1.004493 0.003234 0.002586 0.003234 0.000434  -1  -1  -1 
2294.519805 0.000000 0.000000 1.000518 0.003230 0.000000 1.001907 0.997145 1.005280 0.003230 0.003373 0.003230 0.000434  -1  -1  -1 
2294.521623 0.000000 0.000000 1.000979 0.003231 0.000000 1.001907 0.996587 1.006299 0.003231 0.004392 0.003231 0.000434  -1  -1  -1 
2294.524030 0.000000 0.000000 0.993406 0.003224 0.000000 1.001907 0.996094 0.999219 0.003224 -0.002688 0.003224 0.000434  -1  -1  -1 
2294.525847 0.000000 0.000000 0.996289 0.003226 0.000000 1.001907 0.995991 1.002205 0.003226 0.000298 0.003226 0.000434  -1  -1  -1 
2294.527618 0.000000 0.000000 0.997018 0.003225 0.000000 1.001907 0.995921 1.003003 0.003225 0.001097 0.003225 0.000434  -1  -1  -1 
2294.529435 0.000000 0.000000 0.994576 0.003225 0.000000 1.001907 0.995873 1.000609 0.003225 -0.001297 0.003225 0.000434  -1  -1  -1 
2294.531229 0.000000 0.000000 0.993916 0.003231 0.000000 1.001907 0.995845 0.999978 0.003231 -0.001929 0.003231 0.000434  -1  -1  -1 
2294.533706 0.000000 0.000000 0.990129 0.003263 0.000000 1.001907 0.995834 0.996202 0.003263 -0.005705 0.003263 0.000434  -1  -1  -1 
2294.536148 0.000000 0.000000 0.996617 0.003235 0.000000 1.001907 0.995851 1.002673 0.003235 0.000766 0.003235 0.000434  -1  -1  -1 
2294.538590 0.000000 0.000000 0.991824 0.003220 0.000000 1.001907 0.995892 0.997838 0.003220 -0.004068 0.003220 0.000434  -1  -1  -1 
2294.540372 0.000000 0.000000 0.995679 0.003234 0.000000 1.001907 0.995938 1.001648 0.003234 -0.000259 0.003234 0.000434  -1  -1  -1 
2294.542212 0.000000 0.000000 0.991815 0.003228 0.000000 1.001907 0.995996 0.997726 0.003228 -0.004181 0.003228 0.000434  -1  -1  -1 
2294.544678 0.000000 0.000000 0.995841 0.003237 0.000000 1.001907 0.996091 1.001656 0.003237 -0.000250 0.003237 0.000434  -1  -1  -1 
2294.547120 0.000000 0.000000 0.995191 0.003245 0.000000 1.001907 0.996202 1.000896 0.003245 -0.001011 0.003245 0.000434  -1  -1  -1 
2294.548914 0.000000 0.000000 0.998874 0.003237 0.000000 1.001907 0.996292 1.004489 0.003237 0.002582 0.003237 0.000434  -1  -1  -1 
2294.551367 0.000000 0.000000 0.996924 0.003237 0.000000 1.001907 0.996425 1.002406 0.003237 0.000499 0.003237 0.000434  -1  -1  -1 
2294.553821 0.000000 0.000000 0.995607 0.003245 0.000000 1.001907 0.996566 1.000948 0.003245 -0.000959 0.003245 0.000434  -1  -1  -1 
2294.556298 0.000000 0.000000 0.996089 0.003226 0.000000 1.001907 0.996716 1.001280 0.003226 -0.000627 0.003226 0.000434  -1  -1  -1 
2294.558717 0.000000 0.000000 0.998727 0.003250 0.000000 1.001907 0.996867 1.003767 0.003250 0.001860 0.003250 0.000434  -1  -1  -1 
2294.561298 0.000000 0.000000 0.995518 0.003260 0.000000 1.001907 0.997030 1.000394 0.003260 -0.001512 0.003260 0.000434  -1  -1  -1 
2294.563879 0.000000 0.000000 0.999197 0.003253 0.000000 1.001907 0.997194 1.003910 0.003253 0.002003 0.003253 0.000434  -1  -1  -1 
2294.566691 0.000000 0.000000 0.996763 0.003244 0.000000 1.001907 0.997370 1.001300 0.003244 -0.000607 0.003244 0.000434  -1  -1  -1 
2294.569631 0.000000 0.000000 1.001128 0.003251 0.000000 1.001907 0.997548 1.005486 0.003251 0.003580 0.003251 0.000434  -1  -1  -1 
2294.572848 0.000000 0.000000 0.999117 0.003251 0.000000 1.001907 0.997734 1.003290 0.003251 0.001383 0.003251 0.000434  -1  -1  -1 
2294.576170 0.000000 0.000000 0.999641 0.003240 0.000000 1.001907 0.997912 1.003635 0.003240 0.001729 0.003240 0.000434  -1  -1  -1 
2294.580198 0.000000 0.000000 0.998469 0.003268 0.000000 1.001907 0.998109 1.002266 0.003268 0.000360 0.003268 0.000434  -1  -1  -1 
2294.584307 0.000000 0.000000 1.003429 0.003253 0.000000 1.001907 0.998287 1.007048 0.003253 0.005142 0.003253 0.000434  -1  -1  -1 
2294.588728 0.000000 0.000000 0.997667 0.003254 0.000000 1.001907 0.998454 1.001120 0.003254 -0.000787 0.003254 0.000434  -1  -1  -1 
2294.593392 0.000000 0.000000 0.997611 0.003272 0.000000 1.001907 0.998607 1.000911 0.003272 -0.000996 0.003272 0.000434  -1  -1  -1 
2294.598438 0.000000 0.000000 1.000661 0.003253 0.000000 1.001907 0.998755 1.003813 0.003253 0.001906 0.003253 0.000434  -1  -1  -1 
2294.603519 0.000000 0.000000 0.996802 0.003216 0.000000 1.001907 0.998891 0.999817 0.003216 -0.002089 0.003216 0.000434  -1  -1  -1 
2294.608646 0.000000 0.000000 0.997654 0.003222 0.000000 1.001907 0.999027 1.000534 0.003222 -0.001373 0.003222 0.000434  -1  -1  -1 
2294.613716 0.000000 0.000000 0.993974 0.003206 0.000000 1.001907 0.999164 0.996717 0.003206 -0.005190 0.003206 0.000434  -1  -1  -1 
2294.618808 0.000000 0.000000 1.000906 0.003228 0.000000 1.001907 0.999308 1.003504 0.003228 0.001598 0.003228 0.000434  -1  -1  -1 
2294.623947 0.000000 0.000000 0.998914 0.003221 0.000000 1.001907 0.999454 1.001367 0.003221 -0.000540 0.003221 0.000434  -1  -1  -1 
2294.629040 0.000000 0.000000 0.996167 0.003224 0.000000 1.001907 0.999594 0.998480 0.003224 -0.003427 0.003224 0.000434  -1  -1  -1 
2294.634074 0.000000 0.000000 1.001948 0.003227 0.000000 1.001907 0.999721 1.004134 0.003227 0.002227 0.003227 0.000434  -1  -1  -1 
2294.639120 0.000000 0.000000 1.000640 0.003220 0.000000 1.001907 0.999827 1.002719 0.003220 0.000813 0.003220 0.000434  -1  -1  -1 
2294.641574 0.000000 0.000000 1.000224 0.003227 0.000000 1.001907 0.999869 1.002262 0.003227 0.000355 0.003227 0.000434  -1  -1  -1 
2294.644074 0.000000 0.000000 0.999405 0.003258 0.000000 1.001907 0.999904 1.001408 0.003258 -0.000499 0.003258 0.000434  -1  -1  -1 
2294.646516 0.000000 0.000000 1.000767 0.003237 0.000000 1.001907 0.999930 1.002744 0.003237 0.000837 0.003237 0.000434  -1  -1  -1 
2294.648958 0.000000 0.000000 0.999766 0.003235 0.000000 1.001907 0.999947 1.001726 0.003235 -0.000181 0.003235 0.000434  -1  -1  -1 
2294.650764 0.000000 0.000000 1.002406 0.003242 0.000000 1.001907 0.999954 1.004359 0.003242 0.002452 0.003242 0.000434  -1  -1  -1 
2294.653241 0.000000 0.000000 1.003276 0.003239 0.000000 1.001907 0.999956 1.005227 0.003239 0.003320 0.003239 0.000434  -1  -1  -1 
2294.655671 0.000000 0.000000 1.003557 0.003242 0.000000 1.001907 0.999949 1.005515 0.003242 0.003608 0.003242 0.000434  -1  -1  -1 
2294.657511 0.000000 0.000000 0.999045 0.003232 0.000000 1.001907 0.999938 1.001014 0.003232 -0.000893 0.003232 0.000434  -1  -1  -1 
2294.662129 0.000000 0.000000 1.000847 0.003235 0.000000 1.001907 0.999897 1.002857 0.003235 0.000950 0.003235 0.000434  -1  -1  -1 
2294.665104 0.000000 0.000000 0.998826 0.003222 0.000000 1.001907 0.999865 1.000867 0.003222 -0.001039 0.003222 0.000434  -1  -1  -1 
2294.667951 0.000000 0.000000 1.002286 0.003232 0.000000 1.001907 0.999836 1.004357 0.003232 0.002450 0.003232 0.000434  -1  -1  -1 
2294.670775 0.000000 0.000000 0.996562 0.003224 0.000000 1.001907 0.999812 0.998657 0.003224 -0.003250 0.003224 0.000434  -1  -1  -1 
2294.673645 0.000000 0.000000 0.999354 0.003245 0.000000 1.001907 0.999799 1.001462 0.003245 -0.000445 0.003245 0.000434  -1  -1  -1 
2294.676458 0.000000 0.000000 1.000902 0.003232 0.000000 1.001907 0.999805 1.003004 0.003232 0.001097 0.003232 0.000434  -1  -1  -1 
2294.681527 0.000000 0.000000 1.000582 0.003225 0.000000 1.001907 0.999907 1.002582 0.003225 0.000675 0.003225 0.000434  -1  -1  -1 
2294.686608 0.000000 0.000000 1.002726 0.003231 0.000000 1.001907 1.001046 1.003587 0.003231 0.001680 0.003231 0.000434  -1  -1  -1 
2294.691782 0.000000 0.000000 0.999675 0.003224 0.000000 1.001907 1.002693 0.998889 0.003224 -0.003018 0.003224 0.000434  -1  -1  -1 
2294.696874 0.000000 0.000000 1.000479 0.003225 0.000000 1.001907 1.003956 0.998430 0.003225 -0.003477 0.003225 0.000434  -1  -1  -1 
2294.702013 0.000000 0.000000 1.002876 0.003226 0.000000 1.001907 1.004045 1.000738 0.003226 -0.001169 0.003226 0.000434  -1  -1  -1 
