# Tc_folded model 
-1.500000 -2.144726 
-1.499000 -1.696511 
-1.498000 -1.248153 
-1.497000 -0.799668 
-1.496000 -0.351071 
-1.495000 0.097621 
-1.494000 0.546392 
-1.493000 0.995227 
-1.492000 1.444109 
-1.491000 1.893023 
-1.490000 2.341952 
-1.489000 2.790879 
-1.488000 3.239790 
-1.487000 3.688668 
-1.486000 4.137497 
-1.485000 4.586260 
-1.484000 5.034941 
-1.483000 5.483525 
-1.482000 5.931996 
-1.481000 6.380336 
-1.480000 6.828530 
-1.479000 7.276561 
-1.478000 7.724414 
-1.477000 8.172072 
-1.476000 8.619519 
-1.475000 9.066739 
-1.474000 9.513715 
-1.473000 9.960432 
-1.472000 10.406872 
-1.471000 10.853020 
-1.470000 11.298860 
-1.469000 11.744375 
-1.468000 12.189548 
-1.467000 12.634365 
-1.466000 13.078808 
-1.465000 13.522860 
-1.464000 13.966507 
-1.463000 14.409731 
-1.462000 14.852517 
-1.461000 15.294847 
-1.460000 15.736706 
-1.459000 16.178077 
-1.458000 16.618944 
-1.457000 17.059292 
-1.456000 17.499102 
-1.455000 17.938360 
-1.454000 18.377048 
-1.453000 18.815152 
-1.452000 19.252653 
-1.451000 19.689537 
-1.450000 20.125786 
-1.449000 20.561385 
-1.448000 20.996317 
-1.447000 21.430566 
-1.446000 21.864115 
-1.445000 22.296949 
-1.444000 22.729052 
-1.443000 23.160406 
-1.442000 23.590996 
-1.441000 24.020805 
-1.440000 24.449818 
-1.439000 24.878018 
-1.438000 25.305389 
-1.437000 25.731914 
-1.436000 26.157578 
-1.435000 26.582365 
-1.434000 27.006257 
-1.433000 27.429240 
-1.432000 27.851297 
-1.431000 28.272411 
-1.430000 28.692567 
-1.429000 29.111749 
-1.428000 29.529940 
-1.427000 29.947125 
-1.426000 30.363288 
-1.425000 30.778412 
-1.424000 31.192481 
-1.423000 31.605480 
-1.422000 32.017392 
-1.421000 32.428202 
-1.420000 32.837893 
-1.419000 33.246451 
-1.418000 33.653858 
-1.417000 34.060098 
-1.416000 34.465157 
-1.415000 34.869019 
-1.414000 35.271666 
-1.413000 35.673085 
-1.412000 36.073258 
-1.411000 36.472170 
-1.410000 36.869806 
-1.409000 37.266150 
-1.408000 37.661186 
-1.407000 38.054898 
-1.406000 38.447271 
-1.405000 38.838290 
-1.404000 39.227938 
-1.403000 39.616201 
-1.402000 40.003062 
-1.401000 40.388507 
-1.400000 40.772519 
-1.399000 41.155084 
-1.398000 41.536186 
-1.397000 41.915810 
-1.396000 42.293940 
-1.395000 42.670561 
-1.394000 43.045659 
-1.393000 43.419217 
-1.392000 43.791221 
-1.391000 44.161655 
-1.390000 44.530505 
-1.389000 44.897755 
-1.388000 45.263391 
-1.387000 45.627397 
-1.386000 45.989758 
-1.385000 46.350460 
-1.384000 46.709488 
-1.383000 47.066827 
-1.382000 47.422461 
-1.381000 47.776377 
-1.380000 48.128560 
-1.379000 48.478995 
-1.378000 48.827668 
-1.377000 49.174563 
-1.376000 49.519667 
-1.375000 49.862966 
-1.374000 50.204443 
-1.373000 50.544086 
-1.372000 50.881880 
-1.371000 51.217811 
-1.370000 51.551864 
-1.369000 51.884025 
-1.368000 52.214281 
-1.367000 52.542616 
-1.366000 52.869018 
-1.365000 53.193473 
-1.364000 53.515965 
-1.363000 53.836482 
-1.362000 54.155010 
-1.361000 54.471535 
-1.360000 54.786043 
-1.359000 55.098521 
-1.358000 55.408955 
-1.357000 55.717331 
-1.356000 56.023637 
-1.355000 56.327859 
-1.354000 56.629983 
-1.353000 56.929997 
-1.352000 57.227886 
-1.351000 57.523639 
-1.350000 57.817242 
-1.349000 58.108681 
-1.348000 58.397945 
-1.347000 58.685020 
-1.346000 58.969893 
-1.345000 59.252551 
-1.344000 59.532983 
-1.343000 59.811175 
-1.342000 60.087115 
-1.341000 60.360790 
-1.340000 60.632188 
-1.339000 60.901297 
-1.338000 61.168104 
-1.337000 61.432598 
-1.336000 61.694766 
-1.335000 61.954596 
-1.334000 62.212076 
-1.333000 62.467195 
-1.332000 62.719941 
-1.331000 62.970301 
-1.330000 63.218264 
-1.329000 63.463820 
-1.328000 63.706955 
-1.327000 63.947659 
-1.326000 64.185921 
-1.325000 64.421729 
-1.324000 64.655073 
-1.323000 64.885940 
-1.322000 65.114320 
-1.321000 65.340203 
-1.320000 65.563577 
-1.319000 65.784432 
-1.318000 66.002757 
-1.317000 66.218542 
-1.316000 66.431775 
-1.315000 66.642447 
-1.314000 66.850548 
-1.313000 67.056066 
-1.312000 67.258993 
-1.311000 67.459318 
-1.310000 67.657031 
-1.309000 67.852123 
-1.308000 68.044583 
-1.307000 68.234402 
-1.306000 68.421570 
-1.305000 68.606079 
-1.304000 68.787918 
-1.303000 68.967078 
-1.302000 69.143551 
-1.301000 69.317327 
-1.300000 69.488397 
-1.299000 69.656752 
-1.298000 69.822385 
-1.297000 69.985285 
-1.296000 70.145444 
-1.295000 70.302855 
-1.294000 70.457508 
-1.293000 70.609395 
-1.292000 70.758509 
-1.291000 70.904841 
-1.290000 71.048384 
-1.289000 71.189128 
-1.288000 71.327068 
-1.287000 71.462195 
-1.286000 71.594501 
-1.285000 71.723980 
-1.284000 71.850623 
-1.283000 71.974425 
-1.282000 72.095377 
-1.281000 72.213473 
-1.280000 72.328707 
-1.279000 72.441070 
-1.278000 72.550557 
-1.277000 72.657162 
-1.276000 72.760877 
-1.275000 72.861697 
-1.274000 72.959616 
-1.273000 73.054626 
-1.272000 73.146724 
-1.271000 73.235902 
-1.270000 73.322155 
-1.269000 73.405478 
-1.268000 73.485864 
-1.267000 73.563310 
-1.266000 73.637809 
-1.265000 73.709356 
-1.264000 73.777948 
-1.263000 73.843578 
-1.262000 73.906242 
-1.261000 73.965935 
-1.260000 74.022653 
-1.259000 74.076393 
-1.258000 74.127148 
-1.257000 74.174916 
-1.256000 74.219693 
-1.255000 74.261474 
-1.254000 74.300256 
-1.253000 74.336035 
-1.252000 74.368808 
-1.251000 74.398572 
-1.250000 74.425324 
-1.249000 74.449059 
-1.248000 74.469776 
-1.247000 74.487472 
-1.246000 74.502144 
-1.245000 74.513789 
-1.244000 74.522405 
-1.243000 74.527990 
-1.242000 74.530542 
-1.241000 74.530058 
-1.240000 74.526538 
-1.239000 74.519978 
-1.238000 74.510377 
-1.237000 74.497735 
-1.236000 74.482049 
-1.235000 74.463319 
-1.234000 74.441543 
-1.233000 74.416721 
-1.232000 74.388852 
-1.231000 74.357934 
-1.230000 74.323968 
-1.229000 74.286953 
-1.228000 74.246889 
-1.227000 74.203776 
-1.226000 74.157614 
-1.225000 74.108403 
-1.224000 74.056144 
-1.223000 74.000836 
-1.222000 73.942481 
-1.221000 73.881079 
-1.220000 73.816631 
-1.219000 73.749138 
-1.218000 73.678601 
-1.217000 73.605022 
-1.216000 73.528402 
-1.215000 73.448742 
-1.214000 73.366045 
-1.213000 73.280312 
-1.212000 73.191546 
-1.211000 73.099747 
-1.210000 73.004919 
-1.209000 72.907065 
-1.208000 72.806186 
-1.207000 72.702285 
-1.206000 72.595366 
-1.205000 72.485431 
-1.204000 72.372484 
-1.203000 72.256527 
-1.202000 72.137564 
-1.201000 72.015599 
-1.200000 71.890636 
-1.199000 71.762678 
-1.198000 71.631729 
-1.197000 71.497794 
-1.196000 71.360876 
-1.195000 71.220981 
-1.194000 71.078113 
-1.193000 70.932276 
-1.192000 70.783476 
-1.191000 70.631718 
-1.190000 70.477006 
-1.189000 70.319346 
-1.188000 70.158743 
-1.187000 69.995203 
-1.186000 69.828732 
-1.185000 69.659336 
-1.184000 69.487020 
-1.183000 69.311792 
-1.182000 69.133656 
-1.181000 68.952620 
-1.180000 68.768690 
-1.179000 68.581873 
-1.178000 68.392176 
-1.177000 68.199606 
-1.176000 68.004169 
-1.175000 67.805874 
-1.174000 67.604728 
-1.173000 67.400738 
-1.172000 67.193912 
-1.171000 66.984259 
-1.170000 66.771785 
-1.169000 66.556499 
-1.168000 66.338410 
-1.167000 66.117525 
-1.166000 65.893855 
-1.165000 65.667406 
-1.164000 65.438188 
-1.163000 65.206210 
-1.162000 64.971482 
-1.161000 64.734012 
-1.160000 64.493809 
-1.159000 64.250885 
-1.158000 64.005247 
-1.157000 63.756906 
-1.156000 63.505872 
-1.155000 63.252155 
-1.154000 62.995765 
-1.153000 62.736712 
-1.152000 62.475008 
-1.151000 62.210663 
-1.150000 61.943686 
-1.149000 61.674091 
-1.148000 61.401886 
-1.147000 61.127084 
-1.146000 60.849696 
-1.145000 60.569734 
-1.144000 60.287208 
-1.143000 60.002130 
-1.142000 59.714513 
-1.141000 59.424369 
-1.140000 59.131709 
-1.139000 58.836545 
-1.138000 58.538890 
-1.137000 58.238757 
-1.136000 57.936158 
-1.135000 57.631105 
-1.134000 57.323612 
-1.133000 57.013692 
-1.132000 56.701357 
-1.131000 56.386621 
-1.130000 56.069497 
-1.129000 55.749999 
-1.128000 55.428140 
-1.127000 55.103934 
-1.126000 54.777394 
-1.125000 54.448535 
-1.124000 54.117371 
-1.123000 53.783916 
-1.122000 53.448184 
-1.121000 53.110190 
-1.120000 52.769947 
-1.119000 52.427472 
-1.118000 52.082777 
-1.117000 51.735880 
-1.116000 51.386793 
-1.115000 51.035533 
-1.114000 50.682115 
-1.113000 50.326553 
-1.112000 49.968864 
-1.111000 49.609063 
-1.110000 49.247165 
-1.109000 48.883186 
-1.108000 48.517143 
-1.107000 48.149050 
-1.106000 47.778925 
-1.105000 47.406783 
-1.104000 47.032640 
-1.103000 46.656513 
-1.102000 46.278419 
-1.101000 45.898373 
-1.100000 45.516393 
-1.099000 45.132495 
-1.098000 44.746696 
-1.097000 44.359014 
-1.096000 43.969464 
-1.095000 43.578065 
-1.094000 43.184833 
-1.093000 42.789786 
-1.092000 42.392941 
-1.091000 41.994316 
-1.090000 41.593928 
-1.089000 41.191795 
-1.088000 40.787935 
-1.087000 40.382365 
-1.086000 39.975104 
-1.085000 39.566169 
-1.084000 39.155579 
-1.083000 38.743352 
-1.082000 38.329506 
-1.081000 37.914059 
-1.080000 37.497029 
-1.079000 37.078437 
-1.078000 36.658298 
-1.077000 36.236634 
-1.076000 35.813461 
-1.075000 35.388800 
-1.074000 34.962668 
-1.073000 34.535086 
-1.072000 34.106070 
-1.071000 33.675642 
-1.070000 33.243820 
-1.069000 32.810623 
-1.068000 32.376070 
-1.067000 31.940181 
-1.066000 31.502975 
-1.065000 31.064472 
-1.064000 30.624691 
-1.063000 30.183651 
-1.062000 29.741373 
-1.061000 29.297876 
-1.060000 28.853179 
-1.059000 28.407303 
-1.058000 27.960267 
-1.057000 27.512092 
-1.056000 27.062797 
-1.055000 26.612402 
-1.054000 26.160927 
-1.053000 25.708392 
-1.052000 25.254818 
-1.051000 24.800225 
-1.050000 24.344633 
-1.049000 23.888062 
-1.048000 23.430532 
-1.047000 22.972064 
-1.046000 22.512678 
-1.045000 22.052395 
-1.044000 21.591235 
-1.043000 21.129219 
-1.042000 20.666367 
-1.041000 20.202700 
-1.040000 19.738238 
-1.039000 19.273001 
-1.038000 18.807012 
-1.037000 18.340290 
-1.036000 17.872855 
-1.035000 17.404730 
-1.034000 16.935934 
-1.033000 16.466488 
-1.032000 15.996414 
-1.031000 15.525731 
-1.030000 15.054461 
-1.029000 14.582625 
-1.028000 14.110243 
-1.027000 13.637336 
-1.026000 13.163926 
-1.025000 12.690033 
-1.024000 12.215679 
-1.023000 11.740883 
-1.022000 11.265668 
-1.021000 10.790053 
-1.020000 10.314061 
-1.019000 9.837712 
-1.018000 9.361026 
-1.017000 8.884026 
-1.016000 8.406731 
-1.015000 7.929164 
-1.014000 7.451344 
-1.013000 6.973293 
-1.012000 6.495033 
-1.011000 6.016583 
-1.010000 5.537965 
-1.009000 5.059200 
-1.008000 4.580309 
-1.007000 4.101312 
-1.006000 3.622231 
-1.005000 3.143087 
-1.004000 2.663901 
-1.003000 2.184693 
-1.002000 1.705484 
-1.001000 1.226296 
-1.000000 0.747148 
-0.999000 0.268063 
-0.998000 -0.210939 
-0.997000 -0.689838 
-0.996000 -1.168612 
-0.995000 -1.647241 
-0.994000 -2.125705 
-0.993000 -2.603981 
-0.992000 -3.082050 
-0.991000 -3.559892 
-0.990000 -4.037484 
-0.989000 -4.514807 
-0.988000 -4.991841 
-0.987000 -5.468564 
-0.986000 -5.944956 
-0.985000 -6.420997 
-0.984000 -6.896665 
-0.983000 -7.371942 
-0.982000 -7.846806 
-0.981000 -8.321237 
-0.980000 -8.795215 
-0.979000 -9.268719 
-0.978000 -9.741729 
-0.977000 -10.214226 
-0.976000 -10.686188 
-0.975000 -11.157596 
-0.974000 -11.628430 
-0.973000 -12.098670 
-0.972000 -12.568295 
-0.971000 -13.037287 
-0.970000 -13.505625 
-0.969000 -13.973288 
-0.968000 -14.440259 
-0.967000 -14.906516 
-0.966000 -15.372040 
-0.965000 -15.836812 
-0.964000 -16.300811 
-0.963000 -16.764020 
-0.962000 -17.226417 
-0.961000 -17.687984 
-0.960000 -18.148701 
-0.959000 -18.608550 
-0.958000 -19.067510 
-0.957000 -19.525563 
-0.956000 -19.982690 
-0.955000 -20.438872 
-0.954000 -20.894089 
-0.953000 -21.348323 
-0.952000 -21.801555 
-0.951000 -22.253767 
-0.950000 -22.704939 
-0.949000 -23.155053 
-0.948000 -23.604091 
-0.947000 -24.052034 
-0.946000 -24.498863 
-0.945000 -24.944560 
-0.944000 -25.389108 
-0.943000 -25.832487 
-0.942000 -26.274680 
-0.941000 -26.715669 
-0.940000 -27.155435 
-0.939000 -27.593961 
-0.938000 -28.031229 
-0.937000 -28.467222 
-0.936000 -28.901921 
-0.935000 -29.335309 
-0.934000 -29.767369 
-0.933000 -30.198082 
-0.932000 -30.627433 
-0.931000 -31.055403 
-0.930000 -31.481975 
-0.929000 -31.907133 
-0.928000 -32.330859 
-0.927000 -32.753137 
-0.926000 -33.173949 
-0.925000 -33.593279 
-0.924000 -34.011110 
-0.923000 -34.427426 
-0.922000 -34.842209 
-0.921000 -35.255445 
-0.920000 -35.667116 
-0.919000 -36.077206 
-0.918000 -36.485699 
-0.917000 -36.892580 
-0.916000 -37.297831 
-0.915000 -37.701438 
-0.914000 -38.103384 
-0.913000 -38.503655 
-0.912000 -38.902233 
-0.911000 -39.299105 
-0.910000 -39.694254 
-0.909000 -40.087665 
-0.908000 -40.479323 
-0.907000 -40.869213 
-0.906000 -41.257320 
-0.905000 -41.643629 
-0.904000 -42.028125 
-0.903000 -42.410794 
-0.902000 -42.791620 
-0.901000 -43.170591 
-0.900000 -43.547690 
-0.899000 -43.922904 
-0.898000 -44.296219 
-0.897000 -44.667620 
-0.896000 -45.037094 
-0.895000 -45.404626 
-0.894000 -45.770203 
-0.893000 -46.133811 
-0.892000 -46.495437 
-0.891000 -46.855067 
-0.890000 -47.212688 
-0.889000 -47.568286 
-0.888000 -47.921848 
-0.887000 -48.273362 
-0.886000 -48.622813 
-0.885000 -48.970191 
-0.884000 -49.315481 
-0.883000 -49.658671 
-0.882000 -49.999748 
-0.881000 -50.338701 
-0.880000 -50.675516 
-0.879000 -51.010182 
-0.878000 -51.342686 
-0.877000 -51.673017 
-0.876000 -52.001163 
-0.875000 -52.327111 
-0.874000 -52.650850 
-0.873000 -52.972369 
-0.872000 -53.291657 
-0.871000 -53.608701 
-0.870000 -53.923490 
-0.869000 -54.236015 
-0.868000 -54.546262 
-0.867000 -54.854222 
-0.866000 -55.159884 
-0.865000 -55.463237 
-0.864000 -55.764271 
-0.863000 -56.062975 
-0.862000 -56.359338 
-0.861000 -56.653351 
-0.860000 -56.945004 
-0.859000 -57.234286 
-0.858000 -57.521187 
-0.857000 -57.805698 
-0.856000 -58.087809 
-0.855000 -58.367511 
-0.854000 -58.644793 
-0.853000 -58.919648 
-0.852000 -59.192064 
-0.851000 -59.462035 
-0.850000 -59.729549 
-0.849000 -59.994599 
-0.848000 -60.257176 
-0.847000 -60.517271 
-0.846000 -60.774875 
-0.845000 -61.029981 
-0.844000 -61.282579 
-0.843000 -61.532661 
-0.842000 -61.780220 
-0.841000 -62.025248 
-0.840000 -62.267736 
-0.839000 -62.507677 
-0.838000 -62.745064 
-0.837000 -62.979887 
-0.836000 -63.212142 
-0.835000 -63.441819 
-0.834000 -63.668912 
-0.833000 -63.893413 
-0.832000 -64.115316 
-0.831000 -64.334614 
-0.830000 -64.551301 
-0.829000 -64.765368 
-0.828000 -64.976811 
-0.827000 -65.185622 
-0.826000 -65.391795 
-0.825000 -65.595325 
-0.824000 -65.796205 
-0.823000 -65.994428 
-0.822000 -66.189990 
-0.821000 -66.382885 
-0.820000 -66.573106 
-0.819000 -66.760649 
-0.818000 -66.945507 
-0.817000 -67.127677 
-0.816000 -67.307152 
-0.815000 -67.483927 
-0.814000 -67.657998 
-0.813000 -67.829360 
-0.812000 -67.998008 
-0.811000 -68.163937 
-0.810000 -68.327143 
-0.809000 -68.487621 
-0.808000 -68.645368 
-0.807000 -68.800378 
-0.806000 -68.952649 
-0.805000 -69.102175 
-0.804000 -69.248954 
-0.803000 -69.392981 
-0.802000 -69.534253 
-0.801000 -69.672767 
-0.800000 -69.808518 
-0.799000 -69.941504 
-0.798000 -70.071721 
-0.797000 -70.199167 
-0.796000 -70.323838 
-0.795000 -70.445731 
-0.794000 -70.564845 
-0.793000 -70.681175 
-0.792000 -70.794720 
-0.791000 -70.905478 
-0.790000 -71.013445 
-0.789000 -71.118619 
-0.788000 -71.221000 
-0.787000 -71.320583 
-0.786000 -71.417369 
-0.785000 -71.511354 
-0.784000 -71.602538 
-0.783000 -71.690918 
-0.782000 -71.776493 
-0.781000 -71.859262 
-0.780000 -71.939223 
-0.779000 -72.016376 
-0.778000 -72.090719 
-0.777000 -72.162251 
-0.776000 -72.230972 
-0.775000 -72.296880 
-0.774000 -72.359976 
-0.773000 -72.420258 
-0.772000 -72.477726 
-0.771000 -72.532381 
-0.770000 -72.584220 
-0.769000 -72.633246 
-0.768000 -72.679456 
-0.767000 -72.722852 
-0.766000 -72.763434 
-0.765000 -72.801202 
-0.764000 -72.836156 
-0.763000 -72.868297 
-0.762000 -72.897626 
-0.761000 -72.924142 
-0.760000 -72.947848 
-0.759000 -72.968743 
-0.758000 -72.986829 
-0.757000 -73.002107 
-0.756000 -73.014578 
-0.755000 -73.024243 
-0.754000 -73.031104 
-0.753000 -73.035161 
-0.752000 -73.036418 
-0.751000 -73.034875 
-0.750000 -73.030534 
-0.749000 -73.023397 
-0.748000 -73.013465 
-0.747000 -73.000742 
-0.746000 -72.985229 
-0.745000 -72.966928 
-0.744000 -72.945842 
-0.743000 -72.921973 
-0.742000 -72.895324 
-0.741000 -72.865897 
-0.740000 -72.833694 
-0.739000 -72.798720 
-0.738000 -72.760976 
-0.737000 -72.720466 
-0.736000 -72.677192 
-0.735000 -72.631159 
-0.734000 -72.582368 
-0.733000 -72.530824 
-0.732000 -72.476530 
-0.731000 -72.419489 
-0.730000 -72.359706 
-0.729000 -72.297183 
-0.728000 -72.231924 
-0.727000 -72.163935 
-0.726000 -72.093217 
-0.725000 -72.019777 
-0.724000 -71.943616 
-0.723000 -71.864741 
-0.722000 -71.783155 
-0.721000 -71.698863 
-0.720000 -71.611869 
-0.719000 -71.522178 
-0.718000 -71.429794 
-0.717000 -71.334723 
-0.716000 -71.236968 
-0.715000 -71.136536 
-0.714000 -71.033430 
-0.713000 -70.927657 
-0.712000 -70.819221 
-0.711000 -70.708128 
-0.710000 -70.594383 
-0.709000 -70.477991 
-0.708000 -70.358958 
-0.707000 -70.237289 
-0.706000 -70.112991 
-0.705000 -69.986069 
-0.704000 -69.856528 
-0.703000 -69.724375 
-0.702000 -69.589616 
-0.701000 -69.452257 
-0.700000 -69.312304 
-0.699000 -69.169764 
-0.698000 -69.024642 
-0.697000 -68.876945 
-0.696000 -68.726679 
-0.695000 -68.573852 
-0.694000 -68.418469 
-0.693000 -68.260538 
-0.692000 -68.100065 
-0.691000 -67.937058 
-0.690000 -67.771522 
-0.689000 -67.603466 
-0.688000 -67.432896 
-0.687000 -67.259819 
-0.686000 -67.084243 
-0.685000 -66.906175 
-0.684000 -66.725623 
-0.683000 -66.542593 
-0.682000 -66.357094 
-0.681000 -66.169134 
-0.680000 -65.978719 
-0.679000 -65.785857 
-0.678000 -65.590557 
-0.677000 -65.392827 
-0.676000 -65.192674 
-0.675000 -64.990106 
-0.674000 -64.785132 
-0.673000 -64.577760 
-0.672000 -64.367998 
-0.671000 -64.155854 
-0.670000 -63.941338 
-0.669000 -63.724457 
-0.668000 -63.505219 
-0.667000 -63.283635 
-0.666000 -63.059711 
-0.665000 -62.833458 
-0.664000 -62.604883 
-0.663000 -62.373997 
-0.662000 -62.140807 
-0.661000 -61.905323 
-0.660000 -61.667554 
-0.659000 -61.427509 
-0.658000 -61.185197 
-0.657000 -60.940628 
-0.656000 -60.693811 
-0.655000 -60.444756 
-0.654000 -60.193471 
-0.653000 -59.939967 
-0.652000 -59.684254 
-0.651000 -59.426340 
-0.650000 -59.166236 
-0.649000 -58.903951 
-0.648000 -58.639496 
-0.647000 -58.372880 
-0.646000 -58.104114 
-0.645000 -57.833207 
-0.644000 -57.560169 
-0.643000 -57.285011 
-0.642000 -57.007743 
-0.641000 -56.728376 
-0.640000 -56.446919 
-0.639000 -56.163384 
-0.638000 -55.877780 
-0.637000 -55.590119 
-0.636000 -55.300410 
-0.635000 -55.008665 
-0.634000 -54.714894 
-0.633000 -54.419108 
-0.632000 -54.121319 
-0.631000 -53.821536 
-0.630000 -53.519771 
-0.629000 -53.216035 
-0.628000 -52.910339 
-0.627000 -52.602694 
-0.626000 -52.293112 
-0.625000 -51.981603 
-0.624000 -51.668179 
-0.623000 -51.352851 
-0.622000 -51.035631 
-0.621000 -50.716530 
-0.620000 -50.395560 
-0.619000 -50.072733 
-0.618000 -49.748059 
-0.617000 -49.421551 
-0.616000 -49.093220 
-0.615000 -48.763079 
-0.614000 -48.431139 
-0.613000 -48.097411 
-0.612000 -47.761909 
-0.611000 -47.424644 
-0.610000 -47.085628 
-0.609000 -46.744873 
-0.608000 -46.402391 
-0.607000 -46.058195 
-0.606000 -45.712296 
-0.605000 -45.364708 
-0.604000 -45.015443 
-0.603000 -44.664512 
-0.602000 -44.311929 
-0.601000 -43.957706 
-0.600000 -43.601855 
-0.599000 -43.244389 
-0.598000 -42.885321 
-0.597000 -42.524664 
-0.596000 -42.162430 
-0.595000 -41.798632 
-0.594000 -41.433283 
-0.593000 -41.066396 
-0.592000 -40.697984 
-0.591000 -40.328059 
-0.590000 -39.956635 
-0.589000 -39.583725 
-0.588000 -39.209343 
-0.587000 -38.833500 
-0.586000 -38.456211 
-0.585000 -38.077488 
-0.584000 -37.697346 
-0.583000 -37.315797 
-0.582000 -36.932855 
-0.581000 -36.548532 
-0.580000 -36.162844 
-0.579000 -35.775803 
-0.578000 -35.387423 
-0.577000 -34.997717 
-0.576000 -34.606699 
-0.575000 -34.214382 
-0.574000 -33.820782 
-0.573000 -33.425910 
-0.572000 -33.029782 
-0.571000 -32.632410 
-0.570000 -32.233810 
-0.569000 -31.833994 
-0.568000 -31.432977 
-0.567000 -31.030772 
-0.566000 -30.627395 
-0.565000 -30.222858 
-0.564000 -29.817177 
-0.563000 -29.410364 
-0.562000 -29.002435 
-0.561000 -28.593404 
-0.560000 -28.183284 
-0.559000 -27.772091 
-0.558000 -27.359838 
-0.557000 -26.946541 
-0.556000 -26.532212 
-0.555000 -26.116868 
-0.554000 -25.700522 
-0.553000 -25.283189 
-0.552000 -24.864883 
-0.551000 -24.445620 
-0.550000 -24.025413 
-0.549000 -23.604277 
-0.548000 -23.182228 
-0.547000 -22.759279 
-0.546000 -22.335446 
-0.545000 -21.910743 
-0.544000 -21.485186 
-0.543000 -21.058788 
-0.542000 -20.631566 
-0.541000 -20.203533 
-0.540000 -19.774705 
-0.539000 -19.345097 
-0.538000 -18.914724 
-0.537000 -18.483601 
-0.536000 -18.051742 
-0.535000 -17.619164 
-0.534000 -17.185881 
-0.533000 -16.751909 
-0.532000 -16.317261 
-0.531000 -15.881955 
-0.530000 -15.446005 
-0.529000 -15.009426 
-0.528000 -14.572234 
-0.527000 -14.134443 
-0.526000 -13.696070 
-0.525000 -13.257130 
-0.524000 -12.817637 
-0.523000 -12.377609 
-0.522000 -11.937059 
-0.521000 -11.496003 
-0.520000 -11.054458 
-0.519000 -10.612438 
-0.518000 -10.169959 
-0.517000 -9.727037 
-0.516000 -9.283687 
-0.515000 -8.839925 
-0.514000 -8.395766 
-0.513000 -7.951227 
-0.512000 -7.506322 
-0.511000 -7.061068 
-0.510000 -6.615480 
-0.509000 -6.169575 
-0.508000 -5.723367 
-0.507000 -5.276873 
-0.506000 -4.830108 
-0.505000 -4.383089 
-0.504000 -3.935830 
-0.503000 -3.488349 
-0.502000 -3.040660 
-0.501000 -2.592781 
-0.500000 -2.144726 
-0.499000 -1.696511 
-0.498000 -1.248153 
-0.497000 -0.799668 
-0.496000 -0.351071 
-0.495000 0.097621 
-0.494000 0.546392 
-0.493000 0.995227 
-0.492000 1.444109 
-0.491000 1.893023 
-0.490000 2.341952 
-0.489000 2.790879 
-0.488000 3.239790 
-0.487000 3.688668 
-0.486000 4.137497 
-0.485000 4.586260 
-0.484000 5.034941 
-0.483000 5.483525 
-0.482000 5.931996 
-0.481000 6.380336 
-0.480000 6.828530 
-0.479000 7.276561 
-0.478000 7.724414 
-0.477000 8.172072 
-0.476000 8.619519 
-0.475000 9.066739 
-0.474000 9.513715 
-0.473000 9.960432 
-0.472000 10.406872 
-0.471000 10.853020 
-0.470000 11.298860 
-0.469000 11.744375 
-0.468000 12.189548 
-0.467000 12.634365 
-0.466000 13.078808 
-0.465000 13.522860 
-0.464000 13.966507 
-0.463000 14.409731 
-0.462000 14.852517 
-0.461000 15.294847 
-0.460000 15.736706 
-0.459000 16.178077 
-0.458000 16.618944 
-0.457000 17.059292 
-0.456000 17.499102 
-0.455000 17.938360 
-0.454000 18.377048 
-0.453000 18.815152 
-0.452000 19.252653 
-0.451000 19.689537 
-0.450000 20.125786 
-0.449000 20.561385 
-0.448000 20.996317 
-0.447000 21.430566 
-0.446000 21.864115 
-0.445000 22.296949 
-0.444000 22.729052 
-0.443000 23.160406 
-0.442000 23.590996 
-0.441000 24.020805 
-0.440000 24.449818 
-0.439000 24.878018 
-0.438000 25.305389 
-0.437000 25.731914 
-0.436000 26.157578 
-0.435000 26.582365 
-0.434000 27.006257 
-0.433000 27.429240 
-0.432000 27.851297 
-0.431000 28.272411 
-0.430000 28.692567 
-0.429000 29.111749 
-0.428000 29.529940 
-0.427000 29.947125 
-0.426000 30.363288 
-0.425000 30.778412 
-0.424000 31.192481 
-0.423000 31.605480 
-0.422000 32.017392 
-0.421000 32.428202 
-0.420000 32.837893 
-0.419000 33.246451 
-0.418000 33.653858 
-0.417000 34.060098 
-0.416000 34.465157 
-0.415000 34.869019 
-0.414000 35.271666 
-0.413000 35.673085 
-0.412000 36.073258 
-0.411000 36.472170 
-0.410000 36.869806 
-0.409000 37.266150 
-0.408000 37.661186 
-0.407000 38.054898 
-0.406000 38.447271 
-0.405000 38.838290 
-0.404000 39.227938 
-0.403000 39.616201 
-0.402000 40.003062 
-0.401000 40.388507 
-0.400000 40.772519 
-0.399000 41.155084 
-0.398000 41.536186 
-0.397000 41.915810 
-0.396000 42.293940 
-0.395000 42.670561 
-0.394000 43.045659 
-0.393000 43.419217 
-0.392000 43.791221 
-0.391000 44.161655 
-0.390000 44.530505 
-0.389000 44.897755 
-0.388000 45.263391 
-0.387000 45.627397 
-0.386000 45.989758 
-0.385000 46.350460 
-0.384000 46.709488 
-0.383000 47.066827 
-0.382000 47.422461 
-0.381000 47.776377 
-0.380000 48.128560 
-0.379000 48.478995 
-0.378000 48.827668 
-0.377000 49.174563 
-0.376000 49.519667 
-0.375000 49.862966 
-0.374000 50.204443 
-0.373000 50.544086 
-0.372000 50.881880 
-0.371000 51.217811 
-0.370000 51.551864 
-0.369000 51.884025 
-0.368000 52.214281 
-0.367000 52.542616 
-0.366000 52.869018 
-0.365000 53.193473 
-0.364000 53.515965 
-0.363000 53.836482 
-0.362000 54.155010 
-0.361000 54.471535 
-0.360000 54.786043 
-0.359000 55.098521 
-0.358000 55.408955 
-0.357000 55.717331 
-0.356000 56.023637 
-0.355000 56.327859 
-0.354000 56.629983 
-0.353000 56.929997 
-0.352000 57.227886 
-0.351000 57.523639 
-0.350000 57.817242 
-0.349000 58.108681 
-0.348000 58.397945 
-0.347000 58.685020 
-0.346000 58.969893 
-0.345000 59.252551 
-0.344000 59.532983 
-0.343000 59.811175 
-0.342000 60.087115 
-0.341000 60.360790 
-0.340000 60.632188 
-0.339000 60.901297 
-0.338000 61.168104 
-0.337000 61.432598 
-0.336000 61.694766 
-0.335000 61.954596 
-0.334000 62.212076 
-0.333000 62.467195 
-0.332000 62.719941 
-0.331000 62.970301 
-0.330000 63.218264 
-0.329000 63.463820 
-0.328000 63.706955 
-0.327000 63.947659 
-0.326000 64.185921 
-0.325000 64.421729 
-0.324000 64.655073 
-0.323000 64.885940 
-0.322000 65.114320 
-0.321000 65.340203 
-0.320000 65.563577 
-0.319000 65.784432 
-0.318000 66.002757 
-0.317000 66.218542 
-0.316000 66.431775 
-0.315000 66.642447 
-0.314000 66.850548 
-0.313000 67.056066 
-0.312000 67.258993 
-0.311000 67.459318 
-0.310000 67.657031 
-0.309000 67.852123 
-0.308000 68.044583 
-0.307000 68.234402 
-0.306000 68.421570 
-0.305000 68.606079 
-0.304000 68.787918 
-0.303000 68.967078 
-0.302000 69.143551 
-0.301000 69.317327 
-0.300000 69.488397 
-0.299000 69.656752 
-0.298000 69.822385 
-0.297000 69.985285 
-0.296000 70.145444 
-0.295000 70.302855 
-0.294000 70.457508 
-0.293000 70.609395 
-0.292000 70.758509 
-0.291000 70.904841 
-0.290000 71.048384 
-0.289000 71.189128 
-0.288000 71.327068 
-0.287000 71.462195 
-0.286000 71.594501 
-0.285000 71.723980 
-0.284000 71.850623 
-0.283000 71.974425 
-0.282000 72.095377 
-0.281000 72.213473 
-0.280000 72.328707 
-0.279000 72.441070 
-0.278000 72.550557 
-0.277000 72.657162 
-0.276000 72.760877 
-0.275000 72.861697 
-0.274000 72.959616 
-0.273000 73.054626 
-0.272000 73.146724 
-0.271000 73.235902 
-0.270000 73.322155 
-0.269000 73.405478 
-0.268000 73.485864 
-0.267000 73.563310 
-0.266000 73.637809 
-0.265000 73.709356 
-0.264000 73.777948 
-0.263000 73.843578 
-0.262000 73.906242 
-0.261000 73.965935 
-0.260000 74.022653 
-0.259000 74.076393 
-0.258000 74.127148 
-0.257000 74.174916 
-0.256000 74.219693 
-0.255000 74.261474 
-0.254000 74.300256 
-0.253000 74.336035 
-0.252000 74.368808 
-0.251000 74.398572 
-0.250000 74.425324 
-0.249000 74.449059 
-0.248000 74.469776 
-0.247000 74.487472 
-0.246000 74.502144 
-0.245000 74.513789 
-0.244000 74.522405 
-0.243000 74.527990 
-0.242000 74.530542 
-0.241000 74.530058 
-0.240000 74.526538 
-0.239000 74.519978 
-0.238000 74.510377 
-0.237000 74.497735 
-0.236000 74.482049 
-0.235000 74.463319 
-0.234000 74.441543 
-0.233000 74.416721 
-0.232000 74.388852 
-0.231000 74.357934 
-0.230000 74.323968 
-0.229000 74.286953 
-0.228000 74.246889 
-0.227000 74.203776 
-0.226000 74.157614 
-0.225000 74.108403 
-0.224000 74.056144 
-0.223000 74.000836 
-0.222000 73.942481 
-0.221000 73.881079 
-0.220000 73.816631 
-0.219000 73.749138 
-0.218000 73.678601 
-0.217000 73.605022 
-0.216000 73.528402 
-0.215000 73.448742 
-0.214000 73.366045 
-0.213000 73.280312 
-0.212000 73.191546 
-0.211000 73.099747 
-0.210000 73.004919 
-0.209000 72.907065 
-0.208000 72.806186 
-0.207000 72.702285 
-0.206000 72.595366 
-0.205000 72.485431 
-0.204000 72.372484 
-0.203000 72.256527 
-0.202000 72.137564 
-0.201000 72.015599 
-0.200000 71.890636 
-0.199000 71.762678 
-0.198000 71.631729 
-0.197000 71.497794 
-0.196000 71.360876 
-0.195000 71.220981 
-0.194000 71.078113 
-0.193000 70.932276 
-0.192000 70.783476 
-0.191000 70.631718 
-0.190000 70.477006 
-0.189000 70.319346 
-0.188000 70.158743 
-0.187000 69.995203 
-0.186000 69.828732 
-0.185000 69.659336 
-0.184000 69.487020 
-0.183000 69.311792 
-0.182000 69.133656 
-0.181000 68.952620 
-0.180000 68.768690 
-0.179000 68.581873 
-0.178000 68.392176 
-0.177000 68.199606 
-0.176000 68.004169 
-0.175000 67.805874 
-0.174000 67.604728 
-0.173000 67.400738 
-0.172000 67.193912 
-0.171000 66.984259 
-0.170000 66.771785 
-0.169000 66.556499 
-0.168000 66.338410 
-0.167000 66.117525 
-0.166000 65.893855 
-0.165000 65.667406 
-0.164000 65.438188 
-0.163000 65.206210 
-0.162000 64.971482 
-0.161000 64.734012 
-0.160000 64.493809 
-0.159000 64.250885 
-0.158000 64.005247 
-0.157000 63.756906 
-0.156000 63.505872 
-0.155000 63.252155 
-0.154000 62.995765 
-0.153000 62.736712 
-0.152000 62.475008 
-0.151000 62.210663 
-0.150000 61.943686 
-0.149000 61.674091 
-0.148000 61.401886 
-0.147000 61.127084 
-0.146000 60.849696 
-0.145000 60.569734 
-0.144000 60.287208 
-0.143000 60.002130 
-0.142000 59.714513 
-0.141000 59.424369 
-0.140000 59.131709 
-0.139000 58.836545 
-0.138000 58.538890 
-0.137000 58.238757 
-0.136000 57.936158 
-0.135000 57.631105 
-0.134000 57.323612 
-0.133000 57.013692 
-0.132000 56.701357 
-0.131000 56.386621 
-0.130000 56.069497 
-0.129000 55.749999 
-0.128000 55.428140 
-0.127000 55.103934 
-0.126000 54.777394 
-0.125000 54.448535 
-0.124000 54.117371 
-0.123000 53.783916 
-0.122000 53.448184 
-0.121000 53.110190 
-0.120000 52.769947 
-0.119000 52.427472 
-0.118000 52.082777 
-0.117000 51.735880 
-0.116000 51.386793 
-0.115000 51.035533 
-0.114000 50.682115 
-0.113000 50.326553 
-0.112000 49.968864 
-0.111000 49.609063 
-0.110000 49.247165 
-0.109000 48.883186 
-0.108000 48.517143 
-0.107000 48.149050 
-0.106000 47.778925 
-0.105000 47.406783 
-0.104000 47.032640 
-0.103000 46.656513 
-0.102000 46.278419 
-0.101000 45.898373 
-0.100000 45.516393 
-0.099000 45.132495 
-0.098000 44.746696 
-0.097000 44.359014 
-0.096000 43.969464 
-0.095000 43.578065 
-0.094000 43.184833 
-0.093000 42.789786 
-0.092000 42.392941 
-0.091000 41.994316 
-0.090000 41.593928 
-0.089000 41.191795 
-0.088000 40.787935 
-0.087000 40.382365 
-0.086000 39.975104 
-0.085000 39.566169 
-0.084000 39.155579 
-0.083000 38.743352 
-0.082000 38.329506 
-0.081000 37.914059 
-0.080000 37.497029 
-0.079000 37.078437 
-0.078000 36.658298 
-0.077000 36.236634 
-0.076000 35.813461 
-0.075000 35.388800 
-0.074000 34.962668 
-0.073000 34.535086 
-0.072000 34.106070 
-0.071000 33.675642 
-0.070000 33.243820 
-0.069000 32.810623 
-0.068000 32.376070 
-0.067000 31.940181 
-0.066000 31.502975 
-0.065000 31.064472 
-0.064000 30.624691 
-0.063000 30.183651 
-0.062000 29.741373 
-0.061000 29.297876 
-0.060000 28.853179 
-0.059000 28.407303 
-0.058000 27.960267 
-0.057000 27.512092 
-0.056000 27.062797 
-0.055000 26.612402 
-0.054000 26.160927 
-0.053000 25.708392 
-0.052000 25.254818 
-0.051000 24.800225 
-0.050000 24.344633 
-0.049000 23.888062 
-0.048000 23.430532 
-0.047000 22.972064 
-0.046000 22.512678 
-0.045000 22.052395 
-0.044000 21.591235 
-0.043000 21.129219 
-0.042000 20.666367 
-0.041000 20.202700 
-0.040000 19.738238 
-0.039000 19.273001 
-0.038000 18.807012 
-0.037000 18.340290 
-0.036000 17.872855 
-0.035000 17.404730 
-0.034000 16.935934 
-0.033000 16.466488 
-0.032000 15.996414 
-0.031000 15.525731 
-0.030000 15.054461 
-0.029000 14.582625 
-0.028000 14.110243 
-0.027000 13.637336 
-0.026000 13.163926 
-0.025000 12.690033 
-0.024000 12.215679 
-0.023000 11.740883 
-0.022000 11.265668 
-0.021000 10.790053 
-0.020000 10.314061 
-0.019000 9.837712 
-0.018000 9.361026 
-0.017000 8.884026 
-0.016000 8.406731 
-0.015000 7.929164 
-0.014000 7.451344 
-0.013000 6.973293 
-0.012000 6.495033 
-0.011000 6.016583 
-0.010000 5.537965 
-0.009000 5.059200 
-0.008000 4.580309 
-0.007000 4.101312 
-0.006000 3.622231 
-0.005000 3.143087 
-0.004000 2.663901 
-0.003000 2.184693 
-0.002000 1.705484 
-0.001000 1.226296 
-0.000000 0.747148 
0.001000 0.268063 
0.002000 -0.210939 
0.003000 -0.689838 
0.004000 -1.168612 
0.005000 -1.647241 
0.006000 -2.125705 
0.007000 -2.603981 
0.008000 -3.082050 
0.009000 -3.559892 
0.010000 -4.037484 
0.011000 -4.514807 
0.012000 -4.991841 
0.013000 -5.468564 
0.014000 -5.944956 
0.015000 -6.420997 
0.016000 -6.896665 
0.017000 -7.371942 
0.018000 -7.846806 
0.019000 -8.321237 
0.020000 -8.795215 
0.021000 -9.268719 
0.022000 -9.741729 
0.023000 -10.214226 
0.024000 -10.686188 
0.025000 -11.157596 
0.026000 -11.628430 
0.027000 -12.098670 
0.028000 -12.568295 
0.029000 -13.037287 
0.030000 -13.505625 
0.031000 -13.973288 
0.032000 -14.440259 
0.033000 -14.906516 
0.034000 -15.372040 
0.035000 -15.836812 
0.036000 -16.300811 
0.037000 -16.764020 
0.038000 -17.226417 
0.039000 -17.687984 
0.040000 -18.148701 
0.041000 -18.608550 
0.042000 -19.067510 
0.043000 -19.525563 
0.044000 -19.982690 
0.045000 -20.438872 
0.046000 -20.894089 
0.047000 -21.348323 
0.048000 -21.801555 
0.049000 -22.253767 
0.050000 -22.704939 
0.051000 -23.155053 
0.052000 -23.604091 
0.053000 -24.052034 
0.054000 -24.498863 
0.055000 -24.944560 
0.056000 -25.389108 
0.057000 -25.832487 
0.058000 -26.274680 
0.059000 -26.715669 
0.060000 -27.155435 
0.061000 -27.593961 
0.062000 -28.031229 
0.063000 -28.467222 
0.064000 -28.901921 
0.065000 -29.335309 
0.066000 -29.767369 
0.067000 -30.198082 
0.068000 -30.627433 
0.069000 -31.055403 
0.070000 -31.481975 
0.071000 -31.907133 
0.072000 -32.330859 
0.073000 -32.753137 
0.074000 -33.173949 
0.075000 -33.593279 
0.076000 -34.011110 
0.077000 -34.427426 
0.078000 -34.842209 
0.079000 -35.255445 
0.080000 -35.667116 
0.081000 -36.077206 
0.082000 -36.485699 
0.083000 -36.892580 
0.084000 -37.297831 
0.085000 -37.701438 
0.086000 -38.103384 
0.087000 -38.503655 
0.088000 -38.902233 
0.089000 -39.299105 
0.090000 -39.694254 
0.091000 -40.087665 
0.092000 -40.479323 
0.093000 -40.869213 
0.094000 -41.257320 
0.095000 -41.643629 
0.096000 -42.028125 
0.097000 -42.410794 
0.098000 -42.791620 
0.099000 -43.170591 
0.100000 -43.547690 
0.101000 -43.922904 
0.102000 -44.296219 
0.103000 -44.667620 
0.104000 -45.037094 
0.105000 -45.404626 
0.106000 -45.770203 
0.107000 -46.133811 
0.108000 -46.495437 
0.109000 -46.855067 
0.110000 -47.212688 
0.111000 -47.568286 
0.112000 -47.921848 
0.113000 -48.273362 
0.114000 -48.622813 
0.115000 -48.970191 
0.116000 -49.315481 
0.117000 -49.658671 
0.118000 -49.999748 
0.119000 -50.338701 
0.120000 -50.675516 
0.121000 -51.010182 
0.122000 -51.342686 
0.123000 -51.673017 
0.124000 -52.001163 
0.125000 -52.327111 
0.126000 -52.650850 
0.127000 -52.972369 
0.128000 -53.291657 
0.129000 -53.608701 
0.130000 -53.923490 
0.131000 -54.236015 
0.132000 -54.546262 
0.133000 -54.854222 
0.134000 -55.159884 
0.135000 -55.463237 
0.136000 -55.764271 
0.137000 -56.062975 
0.138000 -56.359338 
0.139000 -56.653351 
0.140000 -56.945004 
0.141000 -57.234286 
0.142000 -57.521187 
0.143000 -57.805698 
0.144000 -58.087809 
0.145000 -58.367511 
0.146000 -58.644793 
0.147000 -58.919648 
0.148000 -59.192064 
0.149000 -59.462035 
0.150000 -59.729549 
0.151000 -59.994599 
0.152000 -60.257176 
0.153000 -60.517271 
0.154000 -60.774875 
0.155000 -61.029981 
0.156000 -61.282579 
0.157000 -61.532661 
0.158000 -61.780220 
0.159000 -62.025248 
0.160000 -62.267736 
0.161000 -62.507677 
0.162000 -62.745064 
0.163000 -62.979887 
0.164000 -63.212142 
0.165000 -63.441819 
0.166000 -63.668912 
0.167000 -63.893413 
0.168000 -64.115316 
0.169000 -64.334614 
0.170000 -64.551301 
0.171000 -64.765368 
0.172000 -64.976811 
0.173000 -65.185622 
0.174000 -65.391795 
0.175000 -65.595325 
0.176000 -65.796205 
0.177000 -65.994428 
0.178000 -66.189990 
0.179000 -66.382885 
0.180000 -66.573106 
0.181000 -66.760649 
0.182000 -66.945507 
0.183000 -67.127677 
0.184000 -67.307152 
0.185000 -67.483927 
0.186000 -67.657998 
0.187000 -67.829360 
0.188000 -67.998008 
0.189000 -68.163937 
0.190000 -68.327143 
0.191000 -68.487621 
0.192000 -68.645368 
0.193000 -68.800378 
0.194000 -68.952649 
0.195000 -69.102175 
0.196000 -69.248954 
0.197000 -69.392981 
0.198000 -69.534253 
0.199000 -69.672767 
0.200000 -69.808518 
0.201000 -69.941504 
0.202000 -70.071721 
0.203000 -70.199167 
0.204000 -70.323838 
0.205000 -70.445731 
0.206000 -70.564845 
0.207000 -70.681175 
0.208000 -70.794720 
0.209000 -70.905478 
0.210000 -71.013445 
0.211000 -71.118619 
0.212000 -71.221000 
0.213000 -71.320583 
0.214000 -71.417369 
0.215000 -71.511354 
0.216000 -71.602538 
0.217000 -71.690918 
0.218000 -71.776493 
0.219000 -71.859262 
0.220000 -71.939223 
0.221000 -72.016376 
0.222000 -72.090719 
0.223000 -72.162251 
0.224000 -72.230972 
0.225000 -72.296880 
0.226000 -72.359976 
0.227000 -72.420258 
0.228000 -72.477726 
0.229000 -72.532381 
0.230000 -72.584220 
0.231000 -72.633246 
0.232000 -72.679456 
0.233000 -72.722852 
0.234000 -72.763434 
0.235000 -72.801202 
0.236000 -72.836156 
0.237000 -72.868297 
0.238000 -72.897626 
0.239000 -72.924142 
0.240000 -72.947848 
0.241000 -72.968743 
0.242000 -72.986829 
0.243000 -73.002107 
0.244000 -73.014578 
0.245000 -73.024243 
0.246000 -73.031104 
0.247000 -73.035161 
0.248000 -73.036418 
0.249000 -73.034875 
0.250000 -73.030534 
0.251000 -73.023397 
0.252000 -73.013465 
0.253000 -73.000742 
0.254000 -72.985229 
0.255000 -72.966928 
0.256000 -72.945842 
0.257000 -72.921973 
0.258000 -72.895324 
0.259000 -72.865897 
0.260000 -72.833694 
0.261000 -72.798720 
0.262000 -72.760976 
0.263000 -72.720466 
0.264000 -72.677192 
0.265000 -72.631159 
0.266000 -72.582368 
0.267000 -72.530824 
0.268000 -72.476530 
0.269000 -72.419489 
0.270000 -72.359706 
0.271000 -72.297183 
0.272000 -72.231924 
0.273000 -72.163935 
0.274000 -72.093217 
0.275000 -72.019777 
0.276000 -71.943616 
0.277000 -71.864741 
0.278000 -71.783155 
0.279000 -71.698863 
0.280000 -71.611869 
0.281000 -71.522178 
0.282000 -71.429794 
0.283000 -71.334723 
0.284000 -71.236968 
0.285000 -71.136536 
0.286000 -71.033430 
0.287000 -70.927657 
0.288000 -70.819221 
0.289000 -70.708128 
0.290000 -70.594383 
0.291000 -70.477991 
0.292000 -70.358958 
0.293000 -70.237289 
0.294000 -70.112991 
0.295000 -69.986069 
0.296000 -69.856528 
0.297000 -69.724375 
0.298000 -69.589616 
0.299000 -69.452257 
0.300000 -69.312304 
0.301000 -69.169764 
0.302000 -69.024642 
0.303000 -68.876945 
0.304000 -68.726679 
0.305000 -68.573852 
0.306000 -68.418469 
0.307000 -68.260538 
0.308000 -68.100065 
0.309000 -67.937058 
0.310000 -67.771522 
0.311000 -67.603466 
0.312000 -67.432896 
0.313000 -67.259819 
0.314000 -67.084243 
0.315000 -66.906175 
0.316000 -66.725623 
0.317000 -66.542593 
0.318000 -66.357094 
0.319000 -66.169134 
0.320000 -65.978719 
0.321000 -65.785857 
0.322000 -65.590557 
0.323000 -65.392827 
0.324000 -65.192674 
0.325000 -64.990106 
0.326000 -64.785132 
0.327000 -64.577760 
0.328000 -64.367998 
0.329000 -64.155854 
0.330000 -63.941338 
0.331000 -63.724457 
0.332000 -63.505219 
0.333000 -63.283635 
0.334000 -63.059711 
0.335000 -62.833458 
0.336000 -62.604883 
0.337000 -62.373997 
0.338000 -62.140807 
0.339000 -61.905323 
0.340000 -61.667554 
0.341000 -61.427509 
0.342000 -61.185197 
0.343000 -60.940628 
0.344000 -60.693811 
0.345000 -60.444756 
0.346000 -60.193471 
0.347000 -59.939967 
0.348000 -59.684254 
0.349000 -59.426340 
0.350000 -59.166236 
0.351000 -58.903951 
0.352000 -58.639496 
0.353000 -58.372880 
0.354000 -58.104114 
0.355000 -57.833207 
0.356000 -57.560169 
0.357000 -57.285011 
0.358000 -57.007743 
0.359000 -56.728376 
0.360000 -56.446919 
0.361000 -56.163384 
0.362000 -55.877780 
0.363000 -55.590119 
0.364000 -55.300410 
0.365000 -55.008665 
0.366000 -54.714894 
0.367000 -54.419108 
0.368000 -54.121319 
0.369000 -53.821536 
0.370000 -53.519771 
0.371000 -53.216035 
0.372000 -52.910339 
0.373000 -52.602694 
0.374000 -52.293112 
0.375000 -51.981603 
0.376000 -51.668179 
0.377000 -51.352851 
0.378000 -51.035631 
0.379000 -50.716530 
0.380000 -50.395560 
0.381000 -50.072733 
0.382000 -49.748059 
0.383000 -49.421551 
0.384000 -49.093220 
0.385000 -48.763079 
0.386000 -48.431139 
0.387000 -48.097411 
0.388000 -47.761909 
0.389000 -47.424644 
0.390000 -47.085628 
0.391000 -46.744873 
0.392000 -46.402391 
0.393000 -46.058195 
0.394000 -45.712296 
0.395000 -45.364708 
0.396000 -45.015443 
0.397000 -44.664512 
0.398000 -44.311929 
0.399000 -43.957706 
0.400000 -43.601855 
0.401000 -43.244389 
0.402000 -42.885321 
0.403000 -42.524664 
0.404000 -42.162430 
0.405000 -41.798632 
0.406000 -41.433283 
0.407000 -41.066396 
0.408000 -40.697984 
0.409000 -40.328059 
0.410000 -39.956635 
0.411000 -39.583725 
0.412000 -39.209343 
0.413000 -38.833500 
0.414000 -38.456211 
0.415000 -38.077488 
0.416000 -37.697346 
0.417000 -37.315797 
0.418000 -36.932855 
0.419000 -36.548532 
0.420000 -36.162844 
0.421000 -35.775803 
0.422000 -35.387423 
0.423000 -34.997717 
0.424000 -34.606699 
0.425000 -34.214382 
0.426000 -33.820782 
0.427000 -33.425910 
0.428000 -33.029782 
0.429000 -32.632410 
0.430000 -32.233810 
0.431000 -31.833994 
0.432000 -31.432977 
0.433000 -31.030772 
0.434000 -30.627395 
0.435000 -30.222858 
0.436000 -29.817177 
0.437000 -29.410364 
0.438000 -29.002435 
0.439000 -28.593404 
0.440000 -28.183284 
0.441000 -27.772091 
0.442000 -27.359838 
0.443000 -26.946541 
0.444000 -26.532212 
0.445000 -26.116868 
0.446000 -25.700522 
0.447000 -25.283189 
0.448000 -24.864883 
0.449000 -24.445620 
0.450000 -24.025413 
0.451000 -23.604277 
0.452000 -23.182228 
0.453000 -22.759279 
0.454000 -22.335446 
0.455000 -21.910743 
0.456000 -21.485186 
0.457000 -21.058788 
0.458000 -20.631566 
0.459000 -20.203533 
0.460000 -19.774705 
0.461000 -19.345097 
0.462000 -18.914724 
0.463000 -18.483601 
0.464000 -18.051742 
0.465000 -17.619164 
0.466000 -17.185881 
0.467000 -16.751909 
0.468000 -16.317261 
0.469000 -15.881955 
0.470000 -15.446005 
0.471000 -15.009426 
0.472000 -14.572234 
0.473000 -14.134443 
0.474000 -13.696070 
0.475000 -13.257130 
0.476000 -12.817637 
0.477000 -12.377609 
0.478000 -11.937059 
0.479000 -11.496003 
0.480000 -11.054458 
0.481000 -10.612438 
0.482000 -10.169959 
0.483000 -9.727037 
0.484000 -9.283687 
0.485000 -8.839925 
0.486000 -8.395766 
0.487000 -7.951227 
0.488000 -7.506322 
0.489000 -7.061068 
0.490000 -6.615480 
0.491000 -6.169575 
0.492000 -5.723367 
0.493000 -5.276873 
0.494000 -4.830108 
0.495000 -4.383089 
0.496000 -3.935830 
0.497000 -3.488349 
0.498000 -3.040660 
0.499000 -2.592781 
0.500000 -2.144726 
0.501000 -1.696511 
0.502000 -1.248153 
0.503000 -0.799668 
0.504000 -0.351071 
0.505000 0.097621 
0.506000 0.546392 
0.507000 0.995227 
0.508000 1.444109 
0.509000 1.893023 
0.510000 2.341952 
0.511000 2.790879 
0.512000 3.239790 
0.513000 3.688668 
0.514000 4.137497 
0.515000 4.586260 
0.516000 5.034941 
0.517000 5.483525 
0.518000 5.931996 
0.519000 6.380336 
0.520000 6.828530 
0.521000 7.276561 
0.522000 7.724414 
0.523000 8.172072 
0.524000 8.619519 
0.525000 9.066739 
0.526000 9.513715 
0.527000 9.960432 
0.528000 10.406872 
0.529000 10.853020 
0.530000 11.298860 
0.531000 11.744375 
0.532000 12.189548 
0.533000 12.634365 
0.534000 13.078808 
0.535000 13.522860 
0.536000 13.966507 
0.537000 14.409731 
0.538000 14.852517 
0.539000 15.294847 
0.540000 15.736706 
0.541000 16.178077 
0.542000 16.618944 
0.543000 17.059292 
0.544000 17.499102 
0.545000 17.938360 
0.546000 18.377048 
0.547000 18.815152 
0.548000 19.252653 
0.549000 19.689537 
0.550000 20.125786 
0.551000 20.561385 
0.552000 20.996317 
0.553000 21.430566 
0.554000 21.864115 
0.555000 22.296949 
0.556000 22.729052 
0.557000 23.160406 
0.558000 23.590996 
0.559000 24.020805 
0.560000 24.449818 
0.561000 24.878018 
0.562000 25.305389 
0.563000 25.731914 
0.564000 26.157578 
0.565000 26.582365 
0.566000 27.006257 
0.567000 27.429240 
0.568000 27.851297 
0.569000 28.272411 
0.570000 28.692567 
0.571000 29.111749 
0.572000 29.529940 
0.573000 29.947125 
0.574000 30.363288 
0.575000 30.778412 
0.576000 31.192481 
0.577000 31.605480 
0.578000 32.017392 
0.579000 32.428202 
0.580000 32.837893 
0.581000 33.246451 
0.582000 33.653858 
0.583000 34.060098 
0.584000 34.465157 
0.585000 34.869019 
0.586000 35.271666 
0.587000 35.673085 
0.588000 36.073258 
0.589000 36.472170 
0.590000 36.869806 
0.591000 37.266150 
0.592000 37.661186 
0.593000 38.054898 
0.594000 38.447271 
0.595000 38.838290 
0.596000 39.227938 
0.597000 39.616201 
0.598000 40.003062 
0.599000 40.388507 
0.600000 40.772519 
0.601000 41.155084 
0.602000 41.536186 
0.603000 41.915810 
0.604000 42.293940 
0.605000 42.670561 
0.606000 43.045659 
0.607000 43.419217 
0.608000 43.791221 
0.609000 44.161655 
0.610000 44.530505 
0.611000 44.897755 
0.612000 45.263391 
0.613000 45.627397 
0.614000 45.989758 
0.615000 46.350460 
0.616000 46.709488 
0.617000 47.066827 
0.618000 47.422461 
0.619000 47.776377 
0.620000 48.128560 
0.621000 48.478995 
0.622000 48.827668 
0.623000 49.174563 
0.624000 49.519667 
0.625000 49.862966 
0.626000 50.204443 
0.627000 50.544086 
0.628000 50.881880 
0.629000 51.217811 
0.630000 51.551864 
0.631000 51.884025 
0.632000 52.214281 
0.633000 52.542616 
0.634000 52.869018 
0.635000 53.193473 
0.636000 53.515965 
0.637000 53.836482 
0.638000 54.155010 
0.639000 54.471535 
0.640000 54.786043 
0.641000 55.098521 
0.642000 55.408955 
0.643000 55.717331 
0.644000 56.023637 
0.645000 56.327859 
0.646000 56.629983 
0.647000 56.929997 
0.648000 57.227886 
0.649000 57.523639 
0.650000 57.817242 
0.651000 58.108681 
0.652000 58.397945 
0.653000 58.685020 
0.654000 58.969893 
0.655000 59.252551 
0.656000 59.532983 
0.657000 59.811175 
0.658000 60.087115 
0.659000 60.360790 
0.660000 60.632188 
0.661000 60.901297 
0.662000 61.168104 
0.663000 61.432598 
0.664000 61.694766 
0.665000 61.954596 
0.666000 62.212076 
0.667000 62.467195 
0.668000 62.719941 
0.669000 62.970301 
0.670000 63.218264 
0.671000 63.463820 
0.672000 63.706955 
0.673000 63.947659 
0.674000 64.185921 
0.675000 64.421729 
0.676000 64.655073 
0.677000 64.885940 
0.678000 65.114320 
0.679000 65.340203 
0.680000 65.563577 
0.681000 65.784432 
0.682000 66.002757 
0.683000 66.218542 
0.684000 66.431775 
0.685000 66.642447 
0.686000 66.850548 
0.687000 67.056066 
0.688000 67.258993 
0.689000 67.459318 
0.690000 67.657031 
0.691000 67.852123 
0.692000 68.044583 
0.693000 68.234402 
0.694000 68.421570 
0.695000 68.606079 
0.696000 68.787918 
0.697000 68.967078 
0.698000 69.143551 
0.699000 69.317327 
0.700000 69.488397 
0.701000 69.656752 
0.702000 69.822385 
0.703000 69.985285 
0.704000 70.145444 
0.705000 70.302855 
0.706000 70.457508 
0.707000 70.609395 
0.708000 70.758509 
0.709000 70.904841 
0.710000 71.048384 
0.711000 71.189128 
0.712000 71.327068 
0.713000 71.462195 
0.714000 71.594501 
0.715000 71.723980 
0.716000 71.850623 
0.717000 71.974425 
0.718000 72.095377 
0.719000 72.213473 
0.720000 72.328707 
0.721000 72.441070 
0.722000 72.550557 
0.723000 72.657162 
0.724000 72.760877 
0.725000 72.861697 
0.726000 72.959616 
0.727000 73.054626 
0.728000 73.146724 
0.729000 73.235902 
0.730000 73.322155 
0.731000 73.405478 
0.732000 73.485864 
0.733000 73.563310 
0.734000 73.637809 
0.735000 73.709356 
0.736000 73.777948 
0.737000 73.843578 
0.738000 73.906242 
0.739000 73.965935 
0.740000 74.022653 
0.741000 74.076393 
0.742000 74.127148 
0.743000 74.174916 
0.744000 74.219693 
0.745000 74.261474 
0.746000 74.300256 
0.747000 74.336035 
0.748000 74.368808 
0.749000 74.398572 
0.750000 74.425324 
0.751000 74.449059 
0.752000 74.469776 
0.753000 74.487472 
0.754000 74.502144 
0.755000 74.513789 
0.756000 74.522405 
0.757000 74.527990 
0.758000 74.530542 
0.759000 74.530058 
0.760000 74.526538 
0.761000 74.519978 
0.762000 74.510377 
0.763000 74.497735 
0.764000 74.482049 
0.765000 74.463319 
0.766000 74.441543 
0.767000 74.416721 
0.768000 74.388852 
0.769000 74.357934 
0.770000 74.323968 
0.771000 74.286953 
0.772000 74.246889 
0.773000 74.203776 
0.774000 74.157614 
0.775000 74.108403 
0.776000 74.056144 
0.777000 74.000836 
0.778000 73.942481 
0.779000 73.881079 
0.780000 73.816631 
0.781000 73.749138 
0.782000 73.678601 
0.783000 73.605022 
0.784000 73.528402 
0.785000 73.448742 
0.786000 73.366045 
0.787000 73.280312 
0.788000 73.191546 
0.789000 73.099747 
0.790000 73.004919 
0.791000 72.907065 
0.792000 72.806186 
0.793000 72.702285 
0.794000 72.595366 
0.795000 72.485431 
0.796000 72.372484 
0.797000 72.256527 
0.798000 72.137564 
0.799000 72.015599 
0.800000 71.890636 
0.801000 71.762678 
0.802000 71.631729 
0.803000 71.497794 
0.804000 71.360876 
0.805000 71.220981 
0.806000 71.078113 
0.807000 70.932276 
0.808000 70.783476 
0.809000 70.631718 
0.810000 70.477006 
0.811000 70.319346 
0.812000 70.158743 
0.813000 69.995203 
0.814000 69.828732 
0.815000 69.659336 
0.816000 69.487020 
0.817000 69.311792 
0.818000 69.133656 
0.819000 68.952620 
0.820000 68.768690 
0.821000 68.581873 
0.822000 68.392176 
0.823000 68.199606 
0.824000 68.004169 
0.825000 67.805874 
0.826000 67.604728 
0.827000 67.400738 
0.828000 67.193912 
0.829000 66.984259 
0.830000 66.771785 
0.831000 66.556499 
0.832000 66.338410 
0.833000 66.117525 
0.834000 65.893855 
0.835000 65.667406 
0.836000 65.438188 
0.837000 65.206210 
0.838000 64.971482 
0.839000 64.734012 
0.840000 64.493809 
0.841000 64.250885 
0.842000 64.005247 
0.843000 63.756906 
0.844000 63.505872 
0.845000 63.252155 
0.846000 62.995765 
0.847000 62.736712 
0.848000 62.475008 
0.849000 62.210663 
0.850000 61.943686 
0.851000 61.674091 
0.852000 61.401886 
0.853000 61.127084 
0.854000 60.849696 
0.855000 60.569734 
0.856000 60.287208 
0.857000 60.002130 
0.858000 59.714513 
0.859000 59.424369 
0.860000 59.131709 
0.861000 58.836545 
0.862000 58.538890 
0.863000 58.238757 
0.864000 57.936158 
0.865000 57.631105 
0.866000 57.323612 
0.867000 57.013692 
0.868000 56.701357 
0.869000 56.386621 
0.870000 56.069497 
0.871000 55.749999 
0.872000 55.428140 
0.873000 55.103934 
0.874000 54.777394 
0.875000 54.448535 
0.876000 54.117371 
0.877000 53.783916 
0.878000 53.448184 
0.879000 53.110190 
0.880000 52.769947 
0.881000 52.427472 
0.882000 52.082777 
0.883000 51.735880 
0.884000 51.386793 
0.885000 51.035533 
0.886000 50.682115 
0.887000 50.326553 
0.888000 49.968864 
0.889000 49.609063 
0.890000 49.247165 
0.891000 48.883186 
0.892000 48.517143 
0.893000 48.149050 
0.894000 47.778925 
0.895000 47.406783 
0.896000 47.032640 
0.897000 46.656513 
0.898000 46.278419 
0.899000 45.898373 
0.900000 45.516393 
0.901000 45.132495 
0.902000 44.746696 
0.903000 44.359014 
0.904000 43.969464 
0.905000 43.578065 
0.906000 43.184833 
0.907000 42.789786 
0.908000 42.392941 
0.909000 41.994316 
0.910000 41.593928 
0.911000 41.191795 
0.912000 40.787935 
0.913000 40.382365 
0.914000 39.975104 
0.915000 39.566169 
0.916000 39.155579 
0.917000 38.743352 
0.918000 38.329506 
0.919000 37.914059 
0.920000 37.497029 
0.921000 37.078437 
0.922000 36.658298 
0.923000 36.236634 
0.924000 35.813461 
0.925000 35.388800 
0.926000 34.962668 
0.927000 34.535086 
0.928000 34.106070 
0.929000 33.675642 
0.930000 33.243820 
0.931000 32.810623 
0.932000 32.376070 
0.933000 31.940181 
0.934000 31.502975 
0.935000 31.064472 
0.936000 30.624691 
0.937000 30.183651 
0.938000 29.741373 
0.939000 29.297876 
0.940000 28.853179 
0.941000 28.407303 
0.942000 27.960267 
0.943000 27.512092 
0.944000 27.062797 
0.945000 26.612402 
0.946000 26.160927 
0.947000 25.708392 
0.948000 25.254818 
0.949000 24.800225 
0.950000 24.344633 
0.951000 23.888062 
0.952000 23.430532 
0.953000 22.972064 
0.954000 22.512678 
0.955000 22.052395 
0.956000 21.591235 
0.957000 21.129219 
0.958000 20.666367 
0.959000 20.202700 
0.960000 19.738238 
0.961000 19.273001 
0.962000 18.807012 
0.963000 18.340290 
0.964000 17.872855 
0.965000 17.404730 
0.966000 16.935934 
0.967000 16.466488 
0.968000 15.996414 
0.969000 15.525731 
0.970000 15.054461 
0.971000 14.582625 
0.972000 14.110243 
0.973000 13.637336 
0.974000 13.163926 
0.975000 12.690033 
0.976000 12.215679 
0.977000 11.740883 
0.978000 11.265668 
0.979000 10.790053 
0.980000 10.314061 
0.981000 9.837712 
0.982000 9.361026 
0.983000 8.884026 
0.984000 8.406731 
0.985000 7.929164 
0.986000 7.451344 
0.987000 6.973293 
0.988000 6.495033 
0.989000 6.016583 
0.990000 5.537965 
0.991000 5.059200 
0.992000 4.580309 
0.993000 4.101312 
0.994000 3.622231 
0.995000 3.143087 
0.996000 2.663901 
0.997000 2.184693 
0.998000 1.705484 
0.999000 1.226296 
1.000000 0.747148 
1.001000 0.268063 
1.002000 -0.210939 
1.003000 -0.689838 
1.004000 -1.168612 
1.005000 -1.647241 
1.006000 -2.125705 
1.007000 -2.603981 
1.008000 -3.082050 
1.009000 -3.559892 
1.010000 -4.037484 
1.011000 -4.514807 
1.012000 -4.991841 
1.013000 -5.468564 
1.014000 -5.944956 
1.015000 -6.420997 
1.016000 -6.896665 
1.017000 -7.371942 
1.018000 -7.846806 
1.019000 -8.321237 
1.020000 -8.795215 
1.021000 -9.268719 
1.022000 -9.741729 
1.023000 -10.214226 
1.024000 -10.686188 
1.025000 -11.157596 
1.026000 -11.628430 
1.027000 -12.098670 
1.028000 -12.568295 
1.029000 -13.037287 
1.030000 -13.505625 
1.031000 -13.973288 
1.032000 -14.440259 
1.033000 -14.906516 
1.034000 -15.372040 
1.035000 -15.836812 
1.036000 -16.300811 
1.037000 -16.764020 
1.038000 -17.226417 
1.039000 -17.687984 
1.040000 -18.148701 
1.041000 -18.608550 
1.042000 -19.067510 
1.043000 -19.525563 
1.044000 -19.982690 
1.045000 -20.438872 
1.046000 -20.894089 
1.047000 -21.348323 
1.048000 -21.801555 
1.049000 -22.253767 
1.050000 -22.704939 
1.051000 -23.155053 
1.052000 -23.604091 
1.053000 -24.052034 
1.054000 -24.498863 
1.055000 -24.944560 
1.056000 -25.389108 
1.057000 -25.832487 
1.058000 -26.274680 
1.059000 -26.715669 
1.060000 -27.155435 
1.061000 -27.593961 
1.062000 -28.031229 
1.063000 -28.467222 
1.064000 -28.901921 
1.065000 -29.335309 
1.066000 -29.767369 
1.067000 -30.198082 
1.068000 -30.627433 
1.069000 -31.055403 
1.070000 -31.481975 
1.071000 -31.907133 
1.072000 -32.330859 
1.073000 -32.753137 
1.074000 -33.173949 
1.075000 -33.593279 
1.076000 -34.011110 
1.077000 -34.427426 
1.078000 -34.842209 
1.079000 -35.255445 
1.080000 -35.667116 
1.081000 -36.077206 
1.082000 -36.485699 
1.083000 -36.892580 
1.084000 -37.297831 
1.085000 -37.701438 
1.086000 -38.103384 
1.087000 -38.503655 
1.088000 -38.902233 
1.089000 -39.299105 
1.090000 -39.694254 
1.091000 -40.087665 
1.092000 -40.479323 
1.093000 -40.869213 
1.094000 -41.257320 
1.095000 -41.643629 
1.096000 -42.028125 
1.097000 -42.410794 
1.098000 -42.791620 
1.099000 -43.170591 
1.100000 -43.547690 
1.101000 -43.922904 
1.102000 -44.296219 
1.103000 -44.667620 
1.104000 -45.037094 
1.105000 -45.404626 
1.106000 -45.770203 
1.107000 -46.133811 
1.108000 -46.495437 
1.109000 -46.855067 
1.110000 -47.212688 
1.111000 -47.568286 
1.112000 -47.921848 
1.113000 -48.273362 
1.114000 -48.622813 
1.115000 -48.970191 
1.116000 -49.315481 
1.117000 -49.658671 
1.118000 -49.999748 
1.119000 -50.338701 
1.120000 -50.675516 
1.121000 -51.010182 
1.122000 -51.342686 
1.123000 -51.673017 
1.124000 -52.001163 
1.125000 -52.327111 
1.126000 -52.650850 
1.127000 -52.972369 
1.128000 -53.291657 
1.129000 -53.608701 
1.130000 -53.923490 
1.131000 -54.236015 
1.132000 -54.546262 
1.133000 -54.854222 
1.134000 -55.159884 
1.135000 -55.463237 
1.136000 -55.764271 
1.137000 -56.062975 
1.138000 -56.359338 
1.139000 -56.653351 
1.140000 -56.945004 
1.141000 -57.234286 
1.142000 -57.521187 
1.143000 -57.805698 
1.144000 -58.087809 
1.145000 -58.367511 
1.146000 -58.644793 
1.147000 -58.919648 
1.148000 -59.192064 
1.149000 -59.462035 
1.150000 -59.729549 
1.151000 -59.994599 
1.152000 -60.257176 
1.153000 -60.517271 
1.154000 -60.774875 
1.155000 -61.029981 
1.156000 -61.282579 
1.157000 -61.532661 
1.158000 -61.780220 
1.159000 -62.025248 
1.160000 -62.267736 
1.161000 -62.507677 
1.162000 -62.745064 
1.163000 -62.979887 
1.164000 -63.212142 
1.165000 -63.441819 
1.166000 -63.668912 
1.167000 -63.893413 
1.168000 -64.115316 
1.169000 -64.334614 
1.170000 -64.551301 
1.171000 -64.765368 
1.172000 -64.976811 
1.173000 -65.185622 
1.174000 -65.391795 
1.175000 -65.595325 
1.176000 -65.796205 
1.177000 -65.994428 
1.178000 -66.189990 
1.179000 -66.382885 
1.180000 -66.573106 
1.181000 -66.760649 
1.182000 -66.945507 
1.183000 -67.127677 
1.184000 -67.307152 
1.185000 -67.483927 
1.186000 -67.657998 
1.187000 -67.829360 
1.188000 -67.998008 
1.189000 -68.163937 
1.190000 -68.327143 
1.191000 -68.487621 
1.192000 -68.645368 
1.193000 -68.800378 
1.194000 -68.952649 
1.195000 -69.102175 
1.196000 -69.248954 
1.197000 -69.392981 
1.198000 -69.534253 
1.199000 -69.672767 
1.200000 -69.808518 
1.201000 -69.941504 
1.202000 -70.071721 
1.203000 -70.199167 
1.204000 -70.323838 
1.205000 -70.445731 
1.206000 -70.564845 
1.207000 -70.681175 
1.208000 -70.794720 
1.209000 -70.905478 
1.210000 -71.013445 
1.211000 -71.118619 
1.212000 -71.221000 
1.213000 -71.320583 
1.214000 -71.417369 
1.215000 -71.511354 
1.216000 -71.602538 
1.217000 -71.690918 
1.218000 -71.776493 
1.219000 -71.859262 
1.220000 -71.939223 
1.221000 -72.016376 
1.222000 -72.090719 
1.223000 -72.162251 
1.224000 -72.230972 
1.225000 -72.296880 
1.226000 -72.359976 
1.227000 -72.420258 
1.228000 -72.477726 
1.229000 -72.532381 
1.230000 -72.584220 
1.231000 -72.633246 
1.232000 -72.679456 
1.233000 -72.722852 
1.234000 -72.763434 
1.235000 -72.801202 
1.236000 -72.836156 
1.237000 -72.868297 
1.238000 -72.897626 
1.239000 -72.924142 
1.240000 -72.947848 
1.241000 -72.968743 
1.242000 -72.986829 
1.243000 -73.002107 
1.244000 -73.014578 
1.245000 -73.024243 
1.246000 -73.031104 
1.247000 -73.035161 
1.248000 -73.036418 
1.249000 -73.034875 
1.250000 -73.030534 
1.251000 -73.023397 
1.252000 -73.013465 
1.253000 -73.000742 
1.254000 -72.985229 
1.255000 -72.966928 
1.256000 -72.945842 
1.257000 -72.921973 
1.258000 -72.895324 
1.259000 -72.865897 
1.260000 -72.833694 
1.261000 -72.798720 
1.262000 -72.760976 
1.263000 -72.720466 
1.264000 -72.677192 
1.265000 -72.631159 
1.266000 -72.582368 
1.267000 -72.530824 
1.268000 -72.476530 
1.269000 -72.419489 
1.270000 -72.359706 
1.271000 -72.297183 
1.272000 -72.231924 
1.273000 -72.163935 
1.274000 -72.093217 
1.275000 -72.019777 
1.276000 -71.943616 
1.277000 -71.864741 
1.278000 -71.783155 
1.279000 -71.698863 
1.280000 -71.611869 
1.281000 -71.522178 
1.282000 -71.429794 
1.283000 -71.334723 
1.284000 -71.236968 
1.285000 -71.136536 
1.286000 -71.033430 
1.287000 -70.927657 
1.288000 -70.819221 
1.289000 -70.708128 
1.290000 -70.594383 
1.291000 -70.477991 
1.292000 -70.358958 
1.293000 -70.237289 
1.294000 -70.112991 
1.295000 -69.986069 
1.296000 -69.856528 
1.297000 -69.724375 
1.298000 -69.589616 
1.299000 -69.452257 
1.300000 -69.312304 
1.301000 -69.169764 
1.302000 -69.024642 
1.303000 -68.876945 
1.304000 -68.726679 
1.305000 -68.573852 
1.306000 -68.418469 
1.307000 -68.260538 
1.308000 -68.100065 
1.309000 -67.937058 
1.310000 -67.771522 
1.311000 -67.603466 
1.312000 -67.432896 
1.313000 -67.259819 
1.314000 -67.084243 
1.315000 -66.906175 
1.316000 -66.725623 
1.317000 -66.542593 
1.318000 -66.357094 
1.319000 -66.169134 
1.320000 -65.978719 
1.321000 -65.785857 
1.322000 -65.590557 
1.323000 -65.392827 
1.324000 -65.192674 
1.325000 -64.990106 
1.326000 -64.785132 
1.327000 -64.577760 
1.328000 -64.367998 
1.329000 -64.155854 
1.330000 -63.941338 
1.331000 -63.724457 
1.332000 -63.505219 
1.333000 -63.283635 
1.334000 -63.059711 
1.335000 -62.833458 
1.336000 -62.604883 
1.337000 -62.373997 
1.338000 -62.140807 
1.339000 -61.905323 
1.340000 -61.667554 
1.341000 -61.427509 
1.342000 -61.185197 
1.343000 -60.940628 
1.344000 -60.693811 
1.345000 -60.444756 
1.346000 -60.193471 
1.347000 -59.939967 
1.348000 -59.684254 
1.349000 -59.426340 
1.350000 -59.166236 
1.351000 -58.903951 
1.352000 -58.639496 
1.353000 -58.372880 
1.354000 -58.104114 
1.355000 -57.833207 
1.356000 -57.560169 
1.357000 -57.285011 
1.358000 -57.007743 
1.359000 -56.728376 
1.360000 -56.446919 
1.361000 -56.163384 
1.362000 -55.877780 
1.363000 -55.590119 
1.364000 -55.300410 
1.365000 -55.008665 
1.366000 -54.714894 
1.367000 -54.419108 
1.368000 -54.121319 
1.369000 -53.821536 
1.370000 -53.519771 
1.371000 -53.216035 
1.372000 -52.910339 
1.373000 -52.602694 
1.374000 -52.293112 
1.375000 -51.981603 
1.376000 -51.668179 
1.377000 -51.352851 
1.378000 -51.035631 
1.379000 -50.716530 
1.380000 -50.395560 
1.381000 -50.072733 
1.382000 -49.748059 
1.383000 -49.421551 
1.384000 -49.093220 
1.385000 -48.763079 
1.386000 -48.431139 
1.387000 -48.097411 
1.388000 -47.761909 
1.389000 -47.424644 
1.390000 -47.085628 
1.391000 -46.744873 
1.392000 -46.402391 
1.393000 -46.058195 
1.394000 -45.712296 
1.395000 -45.364708 
1.396000 -45.015443 
1.397000 -44.664512 
1.398000 -44.311929 
1.399000 -43.957706 
1.400000 -43.601855 
1.401000 -43.244389 
1.402000 -42.885321 
1.403000 -42.524664 
1.404000 -42.162430 
1.405000 -41.798632 
1.406000 -41.433283 
1.407000 -41.066396 
1.408000 -40.697984 
1.409000 -40.328059 
1.410000 -39.956635 
1.411000 -39.583725 
1.412000 -39.209343 
1.413000 -38.833500 
1.414000 -38.456211 
1.415000 -38.077488 
1.416000 -37.697346 
1.417000 -37.315797 
1.418000 -36.932855 
1.419000 -36.548532 
1.420000 -36.162844 
1.421000 -35.775803 
1.422000 -35.387423 
1.423000 -34.997717 
1.424000 -34.606699 
1.425000 -34.214382 
1.426000 -33.820782 
1.427000 -33.425910 
1.428000 -33.029782 
1.429000 -32.632410 
1.430000 -32.233810 
1.431000 -31.833994 
1.432000 -31.432977 
1.433000 -31.030772 
1.434000 -30.627395 
1.435000 -30.222858 
1.436000 -29.817177 
1.437000 -29.410364 
1.438000 -29.002435 
1.439000 -28.593404 
1.440000 -28.183284 
1.441000 -27.772091 
1.442000 -27.359838 
1.443000 -26.946541 
1.444000 -26.532212 
1.445000 -26.116868 
1.446000 -25.700522 
1.447000 -25.283189 
1.448000 -24.864883 
1.449000 -24.445620 
1.450000 -24.025413 
1.451000 -23.604277 
1.452000 -23.182228 
1.453000 -22.759279 
1.454000 -22.335446 
1.455000 -21.910743 
1.456000 -21.485186 
1.457000 -21.058788 
1.458000 -20.631566 
1.459000 -20.203533 
1.460000 -19.774705 
1.461000 -19.345097 
1.462000 -18.914724 
1.463000 -18.483601 
1.464000 -18.051742 
1.465000 -17.619164 
1.466000 -17.185881 
1.467000 -16.751909 
1.468000 -16.317261 
1.469000 -15.881955 
1.470000 -15.446005 
1.471000 -15.009426 
1.472000 -14.572234 
1.473000 -14.134443 
1.474000 -13.696070 
1.475000 -13.257130 
1.476000 -12.817637 
1.477000 -12.377609 
1.478000 -11.937059 
1.479000 -11.496003 
1.480000 -11.054458 
1.481000 -10.612438 
1.482000 -10.169959 
1.483000 -9.727037 
1.484000 -9.283687 
1.485000 -8.839925 
1.486000 -8.395766 
1.487000 -7.951227 
1.488000 -7.506322 
1.489000 -7.061068 
1.490000 -6.615480 
1.491000 -6.169575 
1.492000 -5.723367 
1.493000 -5.276873 
1.494000 -4.830108 
1.495000 -4.383089 
1.496000 -3.935830 
1.497000 -3.488349 
1.498000 -3.040660 
1.499000 -2.592781 
