# time Tc_folded Tref_folded value value_err offset model full_model val_compare val_compare_err residuals residuals_err jitter jitter_flag offset_flag subset_flag 
2276.259777 0.000000 0.000000 0.992618 0.003890 0.000000 1.000307 0.992013 1.000912 0.003890 0.000605 0.003890 0.000713  -1  -1  -1 
2276.260388 0.000000 0.000000 0.989771 0.003884 0.000000 1.000307 0.991975 0.998104 0.003884 -0.002204 0.003884 0.000713  -1  -1  -1 
2276.260997 0.000000 0.000000 0.997810 0.003887 0.000000 1.000307 0.991938 1.006179 0.003887 0.005872 0.003887 0.000713  -1  -1  -1 
2276.261607 0.000000 0.000000 0.990571 0.003889 0.000000 1.000307 0.991904 0.998974 0.003889 -0.001333 0.003889 0.000713  -1  -1  -1 
2276.262218 0.000000 0.000000 0.989450 0.003881 0.000000 1.000307 0.991876 0.997881 0.003881 -0.002426 0.003881 0.000713  -1  -1  -1 
2276.262827 0.000000 0.000000 0.984576 0.003878 0.000000 1.000307 0.991858 0.993026 0.003878 -0.007282 0.003878 0.000713  -1  -1  -1 
2276.263436 0.000000 0.000000 0.993393 0.003878 0.000000 1.000307 0.991851 1.001850 0.003878 0.001542 0.003878 0.000713  -1  -1  -1 
2276.264055 0.000000 0.000000 0.986077 0.003876 0.000000 1.000307 0.991850 0.994534 0.003876 -0.005773 0.003876 0.000713  -1  -1  -1 
2276.264664 0.000000 0.000000 0.995460 0.003881 0.000000 1.000307 0.991852 1.003916 0.003881 0.003608 0.003881 0.000713  -1  -1  -1 
2276.265273 0.000000 0.000000 0.998767 0.003877 0.000000 1.000307 0.991846 1.007228 0.003877 0.006921 0.003877 0.000713  -1  -1  -1 
2276.265886 0.000000 0.000000 0.990844 0.003876 0.000000 1.000307 0.991827 0.999324 0.003876 -0.000983 0.003876 0.000713  -1  -1  -1 
2276.266495 0.000000 0.000000 0.993171 0.003872 0.000000 1.000307 0.991794 1.001685 0.003872 0.001377 0.003872 0.000713  -1  -1  -1 
2276.267103 0.000000 0.000000 0.997949 0.003877 0.000000 1.000307 0.991745 1.006511 0.003877 0.006204 0.003877 0.000713  -1  -1  -1 
2276.267760 0.000000 0.000000 0.991412 0.003867 0.000000 1.000307 0.991675 1.000044 0.003867 -0.000263 0.003867 0.000713  -1  -1  -1 
2276.268405 0.000000 0.000000 0.990644 0.003864 0.000000 1.000307 0.991594 0.999357 0.003864 -0.000950 0.003864 0.000713  -1  -1  -1 
2276.269013 0.000000 0.000000 0.990353 0.003867 0.000000 1.000307 0.991511 0.999149 0.003867 -0.001158 0.003867 0.000713  -1  -1  -1 
2276.269623 0.000000 0.000000 0.989129 0.003864 0.000000 1.000307 0.991423 0.998013 0.003864 -0.002294 0.003864 0.000713  -1  -1  -1 
2276.270232 0.000000 0.000000 0.994679 0.003863 0.000000 1.000307 0.991333 1.003653 0.003863 0.003346 0.003863 0.000713  -1  -1  -1 
2276.270844 0.000000 0.000000 0.995305 0.003865 0.000000 1.000307 0.991239 1.004374 0.003865 0.004066 0.003865 0.000713  -1  -1  -1 
2276.271454 0.000000 0.000000 0.989826 0.003862 0.000000 1.000307 0.991144 0.998990 0.003862 -0.001318 0.003862 0.000713  -1  -1  -1 
2276.272062 0.000000 0.000000 0.986835 0.003860 0.000000 1.000307 0.991054 0.996089 0.003860 -0.004219 0.003860 0.000713  -1  -1  -1 
2276.272673 0.000000 0.000000 0.987021 0.003867 0.000000 1.000307 0.990973 0.996355 0.003867 -0.003952 0.003867 0.000713  -1  -1  -1 
2276.273283 0.000000 0.000000 0.996874 0.003867 0.000000 1.000307 0.990905 1.006276 0.003867 0.005969 0.003867 0.000713  -1  -1  -1 
2276.273892 0.000000 0.000000 0.984280 0.003859 0.000000 1.000307 0.990849 0.993738 0.003859 -0.006569 0.003859 0.000713  -1  -1  -1 
2276.274502 0.000000 0.000000 0.990850 0.003866 0.000000 1.000307 0.990808 1.000349 0.003866 0.000042 0.003866 0.000713  -1  -1  -1 
2276.275113 0.000000 0.000000 0.985832 0.003861 0.000000 1.000307 0.990783 0.995356 0.003861 -0.004951 0.003861 0.000713  -1  -1  -1 
2276.275722 0.000000 0.000000 0.993716 0.003860 0.000000 1.000307 0.990774 1.003249 0.003860 0.002942 0.003860 0.000713  -1  -1  -1 
2276.276334 0.000000 0.000000 0.987237 0.003862 0.000000 1.000307 0.990778 0.996766 0.003862 -0.003541 0.003862 0.000713  -1  -1  -1 
2276.277014 0.000000 0.000000 0.990763 0.003858 0.000000 1.000307 0.990798 1.000272 0.003858 -0.000035 0.003858 0.000713  -1  -1  -1 
2276.277659 0.000000 0.000000 0.987366 0.003853 0.000000 1.000307 0.990828 0.996845 0.003853 -0.003462 0.003853 0.000713  -1  -1  -1 
2276.278274 0.000000 0.000000 0.994830 0.003861 0.000000 1.000307 0.990865 1.004272 0.003861 0.003965 0.003861 0.000713  -1  -1  -1 
2276.278885 0.000000 0.000000 0.990568 0.003856 0.000000 1.000307 0.990906 0.999969 0.003856 -0.000338 0.003856 0.000713  -1  -1  -1 
2276.279507 0.000000 0.000000 0.985803 0.003852 0.000000 1.000307 0.990951 0.995159 0.003852 -0.005148 0.003852 0.000713  -1  -1  -1 
2276.280117 0.000000 0.000000 1.001295 0.003859 0.000000 1.000307 0.990997 1.010605 0.003859 0.010298 0.003859 0.000713  -1  -1  -1 
2276.280728 0.000000 0.000000 0.989479 0.003854 0.000000 1.000307 0.991042 0.998744 0.003854 -0.001563 0.003854 0.000713  -1  -1  -1 
2276.281337 0.000000 0.000000 0.989315 0.003856 0.000000 1.000307 0.991090 0.998533 0.003856 -0.001775 0.003856 0.000713  -1  -1  -1 
2276.281946 0.000000 0.000000 0.991181 0.003849 0.000000 1.000307 0.991144 1.000344 0.003849 0.000037 0.003849 0.000713  -1  -1  -1 
2276.282555 0.000000 0.000000 0.983078 0.003851 0.000000 1.000307 0.991208 0.992177 0.003851 -0.008130 0.003851 0.000713  -1  -1  -1 
2276.283165 0.000000 0.000000 0.993625 0.003856 0.000000 1.000307 0.991284 1.002648 0.003856 0.002341 0.003856 0.000713  -1  -1  -1 
2276.283774 0.000000 0.000000 0.992728 0.003854 0.000000 1.000307 0.991367 1.001668 0.003854 0.001361 0.003854 0.000713  -1  -1  -1 
2276.284386 0.000000 0.000000 0.991489 0.003849 0.000000 1.000307 0.991455 1.000342 0.003849 0.000034 0.003849 0.000713  -1  -1  -1 
2276.284996 0.000000 0.000000 0.989538 0.003853 0.000000 1.000307 0.991545 0.998301 0.003853 -0.002007 0.003853 0.000713  -1  -1  -1 
2276.285604 0.000000 0.000000 0.995534 0.003855 0.000000 1.000307 0.991635 1.004207 0.003855 0.003899 0.003855 0.000713  -1  -1  -1 
2276.286212 0.000000 0.000000 0.993585 0.003851 0.000000 1.000307 0.991722 1.002170 0.003851 0.001863 0.003851 0.000713  -1  -1  -1 
2276.286823 0.000000 0.000000 0.990343 0.003849 0.000000 1.000307 0.991806 0.998844 0.003849 -0.001463 0.003849 0.000713  -1  -1  -1 
2276.287432 0.000000 0.000000 0.988943 0.003846 0.000000 1.000307 0.991887 0.997363 0.003846 -0.002944 0.003846 0.000713  -1  -1  -1 
2276.288043 0.000000 0.000000 0.990973 0.003845 0.000000 1.000307 0.991963 0.999318 0.003845 -0.000990 0.003845 0.000713  -1  -1  -1 
2276.288651 0.000000 0.000000 1.002955 0.003853 0.000000 1.000307 0.992027 1.011235 0.003853 0.010928 0.003853 0.000713  -1  -1  -1 
2276.289260 0.000000 0.000000 0.992543 0.003848 0.000000 1.000307 0.992075 1.000775 0.003848 0.000468 0.003848 0.000713  -1  -1  -1 
2276.289873 0.000000 0.000000 0.995508 0.003847 0.000000 1.000307 0.992107 1.003709 0.003847 0.003401 0.003847 0.000713  -1  -1  -1 
2276.290483 0.000000 0.000000 0.994552 0.003845 0.000000 1.000307 0.992124 1.002736 0.003845 0.002428 0.003845 0.000713  -1  -1  -1 
2276.291093 0.000000 0.000000 0.994083 0.003846 0.000000 1.000307 0.992130 1.002260 0.003846 0.001953 0.003846 0.000713  -1  -1  -1 
2276.291703 0.000000 0.000000 0.991815 0.003846 0.000000 1.000307 0.992130 0.999992 0.003846 -0.000315 0.003846 0.000713  -1  -1  -1 
2276.292314 0.000000 0.000000 0.987966 0.003839 0.000000 1.000307 0.992131 0.996142 0.003839 -0.004165 0.003839 0.000713  -1  -1  -1 
2276.292924 0.000000 0.000000 0.988814 0.003842 0.000000 1.000307 0.992136 0.996986 0.003842 -0.003322 0.003842 0.000713  -1  -1  -1 
2276.293534 0.000000 0.000000 0.991027 0.003843 0.000000 1.000307 0.992144 0.999190 0.003843 -0.001117 0.003843 0.000713  -1  -1  -1 
2276.294144 0.000000 0.000000 0.994844 0.003843 0.000000 1.000307 0.992152 1.003000 0.003843 0.002692 0.003843 0.000713  -1  -1  -1 
2276.294753 0.000000 0.000000 1.000263 0.003847 0.000000 1.000307 0.992151 1.008419 0.003847 0.008112 0.003847 0.000713  -1  -1  -1 
2276.295363 0.000000 0.000000 0.991334 0.003844 0.000000 1.000307 0.992137 0.999504 0.003844 -0.000803 0.003844 0.000713  -1  -1  -1 
2276.295973 0.000000 0.000000 0.996789 0.003845 0.000000 1.000307 0.992111 1.004985 0.003845 0.004678 0.003845 0.000713  -1  -1  -1 
2276.296582 0.000000 0.000000 0.997503 0.003845 0.000000 1.000307 0.992073 1.005737 0.003845 0.005430 0.003845 0.000713  -1  -1  -1 
2276.297195 0.000000 0.000000 0.992924 0.003846 0.000000 1.000307 0.992027 1.001205 0.003846 0.000897 0.003846 0.000713  -1  -1  -1 
2276.297803 0.000000 0.000000 0.988872 0.003841 0.000000 1.000307 0.991979 0.997200 0.003841 -0.003107 0.003841 0.000713  -1  -1  -1 
2276.298413 0.000000 0.000000 0.989940 0.003840 0.000000 1.000307 0.991939 0.998309 0.003840 -0.001999 0.003840 0.000713  -1  -1  -1 
2276.299023 0.000000 0.000000 0.989564 0.003842 0.000000 1.000307 0.991909 0.997962 0.003842 -0.002345 0.003842 0.000713  -1  -1  -1 
2276.299632 0.000000 0.000000 0.987102 0.003843 0.000000 1.000307 0.991892 0.995517 0.003843 -0.004790 0.003843 0.000713  -1  -1  -1 
2276.300240 0.000000 0.000000 0.994475 0.003842 0.000000 1.000307 0.991887 1.002895 0.003842 0.002588 0.003842 0.000713  -1  -1  -1 
2276.300852 0.000000 0.000000 0.989622 0.003841 0.000000 1.000307 0.991888 0.998041 0.003841 -0.002266 0.003841 0.000713  -1  -1  -1 
2276.301462 0.000000 0.000000 0.995427 0.003846 0.000000 1.000307 0.991889 1.003845 0.003846 0.003538 0.003846 0.000713  -1  -1  -1 
2276.302070 0.000000 0.000000 1.000012 0.003841 0.000000 1.000307 0.991884 1.008435 0.003841 0.008128 0.003841 0.000713  -1  -1  -1 
2276.302679 0.000000 0.000000 0.983743 0.003837 0.000000 1.000307 0.991869 0.992181 0.003837 -0.008126 0.003837 0.000713  -1  -1  -1 
2276.303311 0.000000 0.000000 0.991842 0.003835 0.000000 1.000307 0.991843 1.000306 0.003835 -0.000001 0.003835 0.000713  -1  -1  -1 
2276.303921 0.000000 0.000000 0.998205 0.003840 0.000000 1.000307 0.991802 1.006710 0.003840 0.006403 0.003840 0.000713  -1  -1  -1 
2276.304530 0.000000 0.000000 0.996608 0.003834 0.000000 1.000307 0.991737 1.005178 0.003834 0.004871 0.003834 0.000713  -1  -1  -1 
2276.305141 0.000000 0.000000 0.991645 0.003832 0.000000 1.000307 0.991644 1.000309 0.003832 0.000001 0.003832 0.000713  -1  -1  -1 
2276.305751 0.000000 0.000000 1.002085 0.003836 0.000000 1.000307 0.991521 1.010871 0.003836 0.010564 0.003836 0.000713  -1  -1  -1 
2276.306361 0.000000 0.000000 0.993945 0.003835 0.000000 1.000307 0.991370 1.002882 0.003835 0.002575 0.003835 0.000713  -1  -1  -1 
2276.306969 0.000000 0.000000 0.984434 0.003831 0.000000 1.000307 0.991197 0.993544 0.003831 -0.006763 0.003831 0.000713  -1  -1  -1 
2276.307578 0.000000 0.000000 0.995971 0.003835 0.000000 1.000307 0.991009 1.005269 0.003835 0.004962 0.003835 0.000713  -1  -1  -1 
2276.308190 0.000000 0.000000 0.989760 0.003833 0.000000 1.000307 0.990808 0.999259 0.003833 -0.001048 0.003833 0.000713  -1  -1  -1 
2276.308798 0.000000 0.000000 0.991920 0.003829 0.000000 1.000307 0.990601 1.001627 0.003829 0.001319 0.003829 0.000713  -1  -1  -1 
2276.309408 0.000000 0.000000 0.998512 0.003833 0.000000 1.000307 0.990390 1.008430 0.003833 0.008122 0.003833 0.000713  -1  -1  -1 
2276.310016 0.000000 0.000000 0.982556 0.003828 0.000000 1.000307 0.990182 0.992681 0.003828 -0.007626 0.003828 0.000713  -1  -1  -1 
2276.310624 0.000000 0.000000 0.985238 0.003827 0.000000 1.000307 0.989991 0.995555 0.003827 -0.004753 0.003827 0.000713  -1  -1  -1 
2276.311234 0.000000 0.000000 0.986627 0.003827 0.000000 1.000307 0.989822 0.997112 0.003827 -0.003195 0.003827 0.000713  -1  -1  -1 
2276.311846 0.000000 0.000000 0.982432 0.003827 0.000000 1.000307 0.989681 0.993058 0.003827 -0.007249 0.003827 0.000713  -1  -1  -1 
2276.312455 0.000000 0.000000 0.992361 0.003829 0.000000 1.000307 0.989570 1.003098 0.003829 0.002791 0.003829 0.000713  -1  -1  -1 
2276.313064 0.000000 0.000000 0.984986 0.003824 0.000000 1.000307 0.989486 0.995807 0.003824 -0.004500 0.003824 0.000713  -1  -1  -1 
2276.313674 0.000000 0.000000 0.986463 0.003821 0.000000 1.000307 0.989430 0.997341 0.003821 -0.002967 0.003821 0.000713  -1  -1  -1 
2276.314286 0.000000 0.000000 0.990278 0.003826 0.000000 1.000307 0.989399 1.001186 0.003826 0.000879 0.003826 0.000713  -1  -1  -1 
2276.314896 0.000000 0.000000 0.983738 0.003824 0.000000 1.000307 0.989393 0.994652 0.003824 -0.005655 0.003824 0.000713  -1  -1  -1 
2276.315518 0.000000 0.000000 0.990734 0.003825 0.000000 1.000307 0.989412 1.001629 0.003825 0.001322 0.003825 0.000713  -1  -1  -1 
2276.316127 0.000000 0.000000 0.986449 0.003824 0.000000 1.000307 0.989453 0.997304 0.003824 -0.003004 0.003824 0.000713  -1  -1  -1 
2276.316738 0.000000 0.000000 0.991281 0.003823 0.000000 1.000307 0.989514 1.002074 0.003823 0.001767 0.003823 0.000713  -1  -1  -1 
2276.317350 0.000000 0.000000 0.986192 0.003872 0.000000 1.000307 0.989597 0.996903 0.003872 -0.003405 0.003872 0.000713  -1  -1  -1 
2276.317960 0.000000 0.000000 0.986666 0.003822 0.000000 1.000307 0.989701 0.997272 0.003822 -0.003035 0.003822 0.000713  -1  -1  -1 
2276.318569 0.000000 0.000000 0.980609 0.003818 0.000000 1.000307 0.989829 0.991087 0.003818 -0.009220 0.003818 0.000713  -1  -1  -1 
2276.319178 0.000000 0.000000 0.988758 0.003824 0.000000 1.000307 0.989979 0.999086 0.003824 -0.001221 0.003824 0.000713  -1  -1  -1 
2276.319788 0.000000 0.000000 0.992542 0.003824 0.000000 1.000307 0.990144 1.002706 0.003824 0.002398 0.003824 0.000713  -1  -1  -1 
2276.321443 0.000000 0.000000 0.989325 0.003820 0.000000 1.000307 0.990597 0.999035 0.003820 -0.001272 0.003820 0.000713  -1  -1  -1 
2276.322054 0.000000 0.000000 0.996375 0.003822 0.000000 1.000307 0.990750 1.005932 0.003822 0.005625 0.003822 0.000713  -1  -1  -1 
2276.322663 0.000000 0.000000 0.990233 0.003821 0.000000 1.000307 0.990886 0.999654 0.003821 -0.000653 0.003821 0.000713  -1  -1  -1 
2276.323273 0.000000 0.000000 0.995646 0.003823 0.000000 1.000307 0.991003 1.004950 0.003823 0.004643 0.003823 0.000713  -1  -1  -1 
2276.323883 0.000000 0.000000 0.991826 0.003819 0.000000 1.000307 0.991098 1.001035 0.003819 0.000728 0.003819 0.000713  -1  -1  -1 
2276.324492 0.000000 0.000000 0.989518 0.003821 0.000000 1.000307 0.991172 0.998653 0.003821 -0.001654 0.003821 0.000713  -1  -1  -1 
2276.325102 0.000000 0.000000 0.996210 0.003819 0.000000 1.000307 0.991226 1.005292 0.003819 0.004984 0.003819 0.000713  -1  -1  -1 
2276.325710 0.000000 0.000000 0.992333 0.003819 0.000000 1.000307 0.991258 1.001382 0.003819 0.001075 0.003819 0.000713  -1  -1  -1 
2276.326318 0.000000 0.000000 0.987500 0.003816 0.000000 1.000307 0.991272 0.996536 0.003816 -0.003772 0.003816 0.000713  -1  -1  -1 
2276.326926 0.000000 0.000000 0.994965 0.003820 0.000000 1.000307 0.991267 1.004005 0.003820 0.003698 0.003820 0.000713  -1  -1  -1 
2276.327537 0.000000 0.000000 0.991081 0.003817 0.000000 1.000307 0.991244 1.000144 0.003817 -0.000163 0.003817 0.000713  -1  -1  -1 
2276.328146 0.000000 0.000000 0.997409 0.003821 0.000000 1.000307 0.991202 1.006514 0.003821 0.006207 0.003821 0.000713  -1  -1  -1 
2276.328756 0.000000 0.000000 0.993560 0.003816 0.000000 1.000307 0.991142 1.002726 0.003816 0.002418 0.003816 0.000713  -1  -1  -1 
2276.330586 0.000000 0.000000 0.986414 0.003815 0.000000 1.000307 0.990908 0.995813 0.003815 -0.004494 0.003815 0.000713  -1  -1  -1 
2276.331852 0.000000 0.000000 0.985588 0.003815 0.000000 1.000307 0.990775 0.995120 0.003815 -0.005187 0.003815 0.000713  -1  -1  -1 
2276.333072 0.000000 0.000000 0.987739 0.003819 0.000000 1.000307 0.990709 0.997337 0.003819 -0.002970 0.003819 0.000713  -1  -1  -1 
2276.335513 0.000000 0.000000 0.991314 0.003814 0.000000 1.000307 0.990768 1.000853 0.003814 0.000546 0.003814 0.000713  -1  -1  -1 
2276.336121 0.000000 0.000000 0.985338 0.003814 0.000000 1.000307 0.990825 0.994820 0.003814 -0.005487 0.003814 0.000713  -1  -1  -1 
2276.336733 0.000000 0.000000 0.985798 0.003814 0.000000 1.000307 0.990904 0.995201 0.003814 -0.005106 0.003814 0.000713  -1  -1  -1 
2276.337342 0.000000 0.000000 0.998668 0.003816 0.000000 1.000307 0.991005 1.007971 0.003816 0.007663 0.003816 0.000713  -1  -1  -1 
2276.337950 0.000000 0.000000 0.980159 0.003808 0.000000 1.000307 0.991124 0.989342 0.003808 -0.010965 0.003808 0.000713  -1  -1  -1 
2276.339169 0.000000 0.000000 0.988990 0.003811 0.000000 1.000307 0.991423 0.997874 0.003811 -0.002433 0.003811 0.000713  -1  -1  -1 
2276.339779 0.000000 0.000000 0.989306 0.003813 0.000000 1.000307 0.991594 0.998019 0.003813 -0.002288 0.003813 0.000713  -1  -1  -1 
2276.340389 0.000000 0.000000 0.998047 0.003813 0.000000 1.000307 0.991770 1.006585 0.003813 0.006277 0.003813 0.000713  -1  -1  -1 
2276.340998 0.000000 0.000000 0.998003 0.003816 0.000000 1.000307 0.991943 1.006368 0.003816 0.006060 0.003816 0.000713  -1  -1  -1 
2276.341605 0.000000 0.000000 0.988440 0.003810 0.000000 1.000307 0.992111 0.996637 0.003810 -0.003671 0.003810 0.000713  -1  -1  -1 
2276.342222 0.000000 0.000000 0.992325 0.003814 0.000000 1.000307 0.992279 1.000353 0.003814 0.000046 0.003814 0.000713  -1  -1  -1 
2276.342833 0.000000 0.000000 0.992519 0.003815 0.000000 1.000307 0.992446 1.000380 0.003815 0.000073 0.003815 0.000713  -1  -1  -1 
2276.343442 0.000000 0.000000 0.990377 0.003814 0.000000 1.000307 0.992611 0.998074 0.003814 -0.002234 0.003814 0.000713  -1  -1  -1 
2276.344052 0.000000 0.000000 0.994763 0.003813 0.000000 1.000307 0.992774 1.002297 0.003813 0.001989 0.003813 0.000713  -1  -1  -1 
2276.344662 0.000000 0.000000 0.991163 0.003812 0.000000 1.000307 0.992931 0.998539 0.003812 -0.001768 0.003812 0.000713  -1  -1  -1 
2276.345271 0.000000 0.000000 0.999913 0.003813 0.000000 1.000307 0.993080 1.007140 0.003813 0.006833 0.003813 0.000713  -1  -1  -1 
2276.345881 0.000000 0.000000 0.989323 0.003811 0.000000 1.000307 0.993218 0.996413 0.003811 -0.003895 0.003811 0.000713  -1  -1  -1 
2276.346491 0.000000 0.000000 0.998898 0.003816 0.000000 1.000307 0.993341 1.005864 0.003816 0.005557 0.003816 0.000713  -1  -1  -1 
2276.347102 0.000000 0.000000 0.996116 0.003813 0.000000 1.000307 0.993448 1.002975 0.003813 0.002668 0.003813 0.000713  -1  -1  -1 
2276.347710 0.000000 0.000000 0.998583 0.003812 0.000000 1.000307 0.993537 1.005353 0.003812 0.005046 0.003812 0.000713  -1  -1  -1 
2276.348320 0.000000 0.000000 0.992599 0.003808 0.000000 1.000307 0.993611 0.999295 0.003808 -0.001012 0.003808 0.000713  -1  -1  -1 
2276.348930 0.000000 0.000000 0.991689 0.003809 0.000000 1.000307 0.993673 0.998324 0.003809 -0.001984 0.003809 0.000713  -1  -1  -1 
2276.349538 0.000000 0.000000 0.996411 0.003810 0.000000 1.000307 0.993724 1.002994 0.003810 0.002687 0.003810 0.000713  -1  -1  -1 
2276.350147 0.000000 0.000000 0.992099 0.003810 0.000000 1.000307 0.993765 0.998641 0.003810 -0.001666 0.003810 0.000713  -1  -1  -1 
2276.350757 0.000000 0.000000 0.997288 0.003809 0.000000 1.000307 0.993795 1.003800 0.003809 0.003493 0.003809 0.000713  -1  -1  -1 
2276.351366 0.000000 0.000000 0.992879 0.003811 0.000000 1.000307 0.993812 0.999374 0.003811 -0.000933 0.003811 0.000713  -1  -1  -1 
2276.351977 0.000000 0.000000 0.995136 0.003809 0.000000 1.000307 0.993813 1.001631 0.003809 0.001323 0.003809 0.000713  -1  -1  -1 
2276.352587 0.000000 0.000000 1.003682 0.003811 0.000000 1.000307 0.993794 1.010195 0.003811 0.009888 0.003811 0.000713  -1  -1  -1 
2276.353200 0.000000 0.000000 0.994752 0.003808 0.000000 1.000307 0.993754 1.001306 0.003808 0.000998 0.003808 0.000713  -1  -1  -1 
2276.353808 0.000000 0.000000 0.998722 0.003812 0.000000 1.000307 0.993695 1.005334 0.003812 0.005027 0.003812 0.000713  -1  -1  -1 
2276.354419 0.000000 0.000000 0.992174 0.003809 0.000000 1.000307 0.993623 0.998858 0.003809 -0.001449 0.003809 0.000713  -1  -1  -1 
2276.355028 0.000000 0.000000 0.991551 0.003805 0.000000 1.000307 0.993546 0.998312 0.003805 -0.001995 0.003805 0.000713  -1  -1  -1 
2276.355636 0.000000 0.000000 0.988449 0.003804 0.000000 1.000307 0.993470 0.995286 0.003804 -0.005021 0.003804 0.000713  -1  -1  -1 
2276.356245 0.000000 0.000000 0.995472 0.003806 0.000000 1.000307 0.993399 1.002380 0.003806 0.002073 0.003806 0.000713  -1  -1  -1 
2276.356855 0.000000 0.000000 0.998905 0.003807 0.000000 1.000307 0.993330 1.005883 0.003807 0.005575 0.003807 0.000713  -1  -1  -1 
2276.357464 0.000000 0.000000 0.990843 0.003807 0.000000 1.000307 0.993264 0.997887 0.003807 -0.002421 0.003807 0.000713  -1  -1  -1 
2276.358073 0.000000 0.000000 0.994233 0.003804 0.000000 1.000307 0.993204 1.001336 0.003804 0.001029 0.003804 0.000713  -1  -1  -1 
2276.358685 0.000000 0.000000 0.986648 0.003800 0.000000 1.000307 0.993155 0.993800 0.003800 -0.006507 0.003800 0.000713  -1  -1  -1 
2276.359295 0.000000 0.000000 0.993020 0.003803 0.000000 1.000307 0.993120 1.000207 0.003803 -0.000100 0.003803 0.000713  -1  -1  -1 
2276.359904 0.000000 0.000000 0.989387 0.003802 0.000000 1.000307 0.993097 0.996597 0.003802 -0.003710 0.003802 0.000713  -1  -1  -1 
2276.360515 0.000000 0.000000 0.994756 0.003802 0.000000 1.000307 0.993083 1.001980 0.003802 0.001673 0.003802 0.000713  -1  -1  -1 
2276.361123 0.000000 0.000000 0.994171 0.003802 0.000000 1.000307 0.993074 1.001404 0.003802 0.001097 0.003802 0.000713  -1  -1  -1 
2276.361733 0.000000 0.000000 0.993584 0.003802 0.000000 1.000307 0.993065 1.000826 0.003802 0.000519 0.003802 0.000713  -1  -1  -1 
2276.362344 0.000000 0.000000 0.998864 0.003804 0.000000 1.000307 0.993054 1.006117 0.003804 0.005810 0.003804 0.000713  -1  -1  -1 
2276.362953 0.000000 0.000000 0.994053 0.003799 0.000000 1.000307 0.993040 1.001321 0.003799 0.001013 0.003799 0.000713  -1  -1  -1 
2276.363563 0.000000 0.000000 0.993808 0.003804 0.000000 1.000307 0.993026 1.001089 0.003804 0.000782 0.003804 0.000713  -1  -1  -1 
2276.364172 0.000000 0.000000 0.984839 0.003797 0.000000 1.000307 0.993021 0.992126 0.003797 -0.008182 0.003797 0.000713  -1  -1  -1 
2276.364781 0.000000 0.000000 0.994257 0.003802 0.000000 1.000307 0.993029 1.001536 0.003802 0.001228 0.003802 0.000713  -1  -1  -1 
2276.365390 0.000000 0.000000 0.989500 0.003801 0.000000 1.000307 0.993052 0.996755 0.003801 -0.003552 0.003801 0.000713  -1  -1  -1 
2276.365999 0.000000 0.000000 0.992049 0.003801 0.000000 1.000307 0.993092 0.999265 0.003801 -0.001043 0.003801 0.000713  -1  -1  -1 
2276.366615 0.000000 0.000000 0.992086 0.003798 0.000000 1.000307 0.993148 0.999245 0.003798 -0.001062 0.003798 0.000713  -1  -1  -1 
2276.367224 0.000000 0.000000 0.994329 0.003801 0.000000 1.000307 0.993219 1.001418 0.003801 0.001110 0.003801 0.000713  -1  -1  -1 
2276.367840 0.000000 0.000000 0.987510 0.003800 0.000000 1.000307 0.993305 0.994512 0.003800 -0.005795 0.003800 0.000713  -1  -1  -1 
2276.368448 0.000000 0.000000 0.989914 0.003799 0.000000 1.000307 0.993404 0.996817 0.003799 -0.003490 0.003799 0.000713  -1  -1  -1 
2276.369060 0.000000 0.000000 0.994125 0.003802 0.000000 1.000307 0.993515 1.000917 0.003802 0.000610 0.003802 0.000713  -1  -1  -1 
2276.369669 0.000000 0.000000 1.000082 0.003805 0.000000 1.000307 0.993629 1.006760 0.003805 0.006453 0.003805 0.000713  -1  -1  -1 
2276.370279 0.000000 0.000000 0.988443 0.003796 0.000000 1.000307 0.993742 0.995008 0.003796 -0.005299 0.003796 0.000713  -1  -1  -1 
2276.370890 0.000000 0.000000 0.997923 0.003803 0.000000 1.000307 0.993853 1.004377 0.003803 0.004070 0.003803 0.000713  -1  -1  -1 
2276.371500 0.000000 0.000000 0.993977 0.003802 0.000000 1.000307 0.993959 1.000325 0.003802 0.000018 0.003802 0.000713  -1  -1  -1 
2276.372121 0.000000 0.000000 0.997679 0.003799 0.000000 1.000307 0.994062 1.003925 0.003799 0.003617 0.003799 0.000713  -1  -1  -1 
2276.372730 0.000000 0.000000 0.992245 0.003801 0.000000 1.000307 0.994158 0.998395 0.003801 -0.001913 0.003801 0.000713  -1  -1  -1 
2276.373340 0.000000 0.000000 0.991928 0.003799 0.000000 1.000307 0.994253 0.997982 0.003799 -0.002325 0.003799 0.000713  -1  -1  -1 
2276.373952 0.000000 0.000000 0.993593 0.003805 0.000000 1.000307 0.994350 0.999550 0.003805 -0.000757 0.003805 0.000713  -1  -1  -1 
2276.374561 0.000000 0.000000 0.997242 0.003804 0.000000 1.000307 0.994448 1.003101 0.003804 0.002794 0.003804 0.000713  -1  -1  -1 
2276.375172 0.000000 0.000000 0.995311 0.003802 0.000000 1.000307 0.994548 1.001070 0.003802 0.000763 0.003802 0.000713  -1  -1  -1 
2276.375782 0.000000 0.000000 0.994382 0.003802 0.000000 1.000307 0.994652 1.000037 0.003802 -0.000270 0.003802 0.000713  -1  -1  -1 
2276.376390 0.000000 0.000000 0.993164 0.003800 0.000000 1.000307 0.994763 0.998708 0.003800 -0.001599 0.003800 0.000713  -1  -1  -1 
2276.376999 0.000000 0.000000 0.988800 0.003801 0.000000 1.000307 0.994886 0.994221 0.003801 -0.006086 0.003801 0.000713  -1  -1  -1 
2276.377621 0.000000 0.000000 0.994471 0.003803 0.000000 1.000307 0.995026 0.999752 0.003803 -0.000555 0.003803 0.000713  -1  -1  -1 
2276.378229 0.000000 0.000000 0.994102 0.003803 0.000000 1.000307 0.995174 0.999235 0.003803 -0.001072 0.003803 0.000713  -1  -1  -1 
2276.378839 0.000000 0.000000 1.001370 0.003805 0.000000 1.000307 0.995331 1.006347 0.003805 0.006039 0.003805 0.000713  -1  -1  -1 
2276.379449 0.000000 0.000000 0.993064 0.003801 0.000000 1.000307 0.995492 0.997879 0.003801 -0.002428 0.003801 0.000713  -1  -1  -1 
2276.380057 0.000000 0.000000 0.994153 0.003804 0.000000 1.000307 0.995660 0.998800 0.003804 -0.001507 0.003804 0.000713  -1  -1  -1 
2276.380667 0.000000 0.000000 0.996595 0.003804 0.000000 1.000307 0.995836 1.001066 0.003804 0.000759 0.003804 0.000713  -1  -1  -1 
2276.381280 0.000000 0.000000 0.993585 0.003804 0.000000 1.000307 0.996021 0.997871 0.003804 -0.002436 0.003804 0.000713  -1  -1  -1 
2276.383004 0.000000 0.000000 0.998385 0.003807 0.000000 1.000307 0.996645 1.002048 0.003807 0.001740 0.003807 0.000713  -1  -1  -1 
2276.383620 0.000000 0.000000 0.999060 0.003809 0.000000 1.000307 0.996876 1.002491 0.003809 0.002184 0.003809 0.000713  -1  -1  -1 
2276.384228 0.000000 0.000000 0.998481 0.003810 0.000000 1.000307 0.997098 1.001690 0.003810 0.001383 0.003810 0.000713  -1  -1  -1 
2276.384838 0.000000 0.000000 1.003414 0.003812 0.000000 1.000307 0.997309 1.006412 0.003812 0.006105 0.003812 0.000713  -1  -1  -1 
2276.385448 0.000000 0.000000 1.003190 0.003813 0.000000 1.000307 0.997508 1.005990 0.003813 0.005682 0.003813 0.000713  -1  -1  -1 
2276.386059 0.000000 0.000000 0.994182 0.003808 0.000000 1.000307 0.997698 0.996791 0.003808 -0.003516 0.003808 0.000713  -1  -1  -1 
2276.386669 0.000000 0.000000 0.991326 0.003810 0.000000 1.000307 0.997888 0.993745 0.003810 -0.006562 0.003810 0.000713  -1  -1  -1 
2276.387278 0.000000 0.000000 1.001323 0.003813 0.000000 1.000307 0.998083 1.003547 0.003813 0.003240 0.003813 0.000713  -1  -1  -1 
2276.387888 0.000000 0.000000 0.992782 0.003808 0.000000 1.000307 0.998284 0.994805 0.003808 -0.005502 0.003808 0.000713  -1  -1  -1 
2276.388497 0.000000 0.000000 1.000349 0.003814 0.000000 1.000307 0.998491 1.002165 0.003814 0.001858 0.003814 0.000713  -1  -1  -1 
2276.389107 0.000000 0.000000 0.998082 0.003809 0.000000 1.000307 0.998702 0.999687 0.003809 -0.000620 0.003809 0.000713  -1  -1  -1 
2276.389716 0.000000 0.000000 0.998734 0.003816 0.000000 1.000307 0.998915 1.000126 0.003816 -0.000181 0.003816 0.000713  -1  -1  -1 
2276.390327 0.000000 0.000000 1.002516 0.003814 0.000000 1.000307 0.999129 1.003695 0.003814 0.003387 0.003814 0.000713  -1  -1  -1 
2276.390937 0.000000 0.000000 0.995015 0.003814 0.000000 1.000307 0.999341 0.995981 0.003814 -0.004326 0.003814 0.000713  -1  -1  -1 
2276.391547 0.000000 0.000000 1.003058 0.003817 0.000000 1.000307 0.999552 1.003813 0.003817 0.003506 0.003817 0.000713  -1  -1  -1 
2276.392157 0.000000 0.000000 0.997826 0.003816 0.000000 1.000307 0.999761 0.998372 0.003816 -0.001935 0.003816 0.000713  -1  -1  -1 
2276.392766 0.000000 0.000000 1.003488 0.003819 0.000000 1.000307 0.999966 1.003829 0.003819 0.003522 0.003819 0.000713  -1  -1  -1 
2276.393374 0.000000 0.000000 0.999975 0.003816 0.000000 1.000307 1.000168 1.000114 0.003816 -0.000193 0.003816 0.000713  -1  -1  -1 
2276.393982 0.000000 0.000000 0.996101 0.003813 0.000000 1.000307 1.000369 0.996040 0.003813 -0.004268 0.003813 0.000713  -1  -1  -1 
2276.394593 0.000000 0.000000 0.997220 0.003814 0.000000 1.000307 1.000570 0.996957 0.003814 -0.003350 0.003814 0.000713  -1  -1  -1 
2276.395202 0.000000 0.000000 1.002178 0.003820 0.000000 1.000307 1.000768 1.001717 0.003820 0.001410 0.003820 0.000713  -1  -1  -1 
2276.395816 0.000000 0.000000 1.007418 0.003820 0.000000 1.000307 1.000958 1.006767 0.003820 0.006460 0.003820 0.000713  -1  -1  -1 
2276.396426 0.000000 0.000000 1.003513 0.003823 0.000000 1.000307 1.001133 1.002687 0.003823 0.002380 0.003823 0.000713  -1  -1  -1 
2276.397035 0.000000 0.000000 0.999706 0.003816 0.000000 1.000307 1.001295 0.998719 0.003816 -0.001589 0.003816 0.000713  -1  -1  -1 
2276.397645 0.000000 0.000000 0.994445 0.003816 0.000000 1.000307 1.001444 0.993308 0.003816 -0.006999 0.003816 0.000713  -1  -1  -1 
2276.398254 0.000000 0.000000 1.001823 0.003822 0.000000 1.000307 1.001579 1.000551 0.003822 0.000244 0.003822 0.000713  -1  -1  -1 
2276.398862 0.000000 0.000000 1.006298 0.003824 0.000000 1.000307 1.001692 1.004913 0.003824 0.004606 0.003824 0.000713  -1  -1  -1 
2276.399472 0.000000 0.000000 1.002021 0.003817 0.000000 1.000307 1.001769 1.000560 0.003817 0.000252 0.003817 0.000713  -1  -1  -1 
2276.400081 0.000000 0.000000 1.008178 0.003827 0.000000 1.000307 1.001824 1.006661 0.003827 0.006354 0.003827 0.000713  -1  -1  -1 
2276.400689 0.000000 0.000000 1.007842 0.003823 0.000000 1.000307 1.001858 1.006292 0.003823 0.005984 0.003823 0.000713  -1  -1  -1 
2276.401298 0.000000 0.000000 1.008348 0.003830 0.000000 1.000307 1.001868 1.006788 0.003830 0.006480 0.003830 0.000713  -1  -1  -1 
2276.401908 0.000000 0.000000 0.999987 0.003821 0.000000 1.000307 1.001858 0.998436 0.003821 -0.001871 0.003821 0.000713  -1  -1  -1 
2276.402516 0.000000 0.000000 0.998321 0.003823 0.000000 1.000307 1.001836 0.996792 0.003823 -0.003515 0.003823 0.000713  -1  -1  -1 
2276.403127 0.000000 0.000000 1.000659 0.003821 0.000000 1.000307 1.001807 0.999160 0.003821 -0.001148 0.003821 0.000713  -1  -1  -1 
2276.403739 0.000000 0.000000 1.010308 0.003827 0.000000 1.000307 1.001770 1.008845 0.003827 0.008538 0.003827 0.000713  -1  -1  -1 
2276.404361 0.000000 0.000000 1.001066 0.003823 0.000000 1.000307 1.001724 0.999650 0.003823 -0.000658 0.003823 0.000713  -1  -1  -1 
2276.404971 0.000000 0.000000 0.999205 0.003824 0.000000 1.000307 1.001674 0.997839 0.003824 -0.002469 0.003824 0.000713  -1  -1  -1 
2276.405580 0.000000 0.000000 1.002806 0.003826 0.000000 1.000307 1.001621 1.001492 0.003826 0.001185 0.003826 0.000713  -1  -1  -1 
2276.406195 0.000000 0.000000 1.001657 0.003826 0.000000 1.000307 1.001567 1.000397 0.003826 0.000090 0.003826 0.000713  -1  -1  -1 
2276.406806 0.000000 0.000000 0.999992 0.003823 0.000000 1.000307 1.001511 0.998789 0.003823 -0.001519 0.003823 0.000713  -1  -1  -1 
2276.407418 0.000000 0.000000 1.000271 0.003825 0.000000 1.000307 1.001450 0.999128 0.003825 -0.001179 0.003825 0.000713  -1  -1  -1 
2276.408035 0.000000 0.000000 1.005199 0.003827 0.000000 1.000307 1.001382 1.004125 0.003827 0.003817 0.003827 0.000713  -1  -1  -1 
2276.408643 0.000000 0.000000 1.007630 0.003830 0.000000 1.000307 1.001301 1.006637 0.003830 0.006329 0.003830 0.000713  -1  -1  -1 
2276.409252 0.000000 0.000000 1.000897 0.003826 0.000000 1.000307 1.001203 1.000002 0.003826 -0.000306 0.003826 0.000713  -1  -1  -1 
2276.409860 0.000000 0.000000 1.009495 0.003826 0.000000 1.000307 1.001090 1.008713 0.003826 0.008405 0.003826 0.000713  -1  -1  -1 
2276.410471 0.000000 0.000000 0.996438 0.003826 0.000000 1.000307 1.000963 0.995783 0.003826 -0.004525 0.003826 0.000713  -1  -1  -1 
2276.411080 0.000000 0.000000 1.003896 0.003826 0.000000 1.000307 1.000830 1.003374 0.003826 0.003066 0.003826 0.000713  -1  -1  -1 
2276.411691 0.000000 0.000000 0.997713 0.003833 0.000000 1.000307 1.000694 0.997326 0.003833 -0.002981 0.003833 0.000713  -1  -1  -1 
2276.412303 0.000000 0.000000 1.001106 0.003833 0.000000 1.000307 1.000561 1.000852 0.003833 0.000545 0.003833 0.000713  -1  -1  -1 
2276.412911 0.000000 0.000000 1.001128 0.003829 0.000000 1.000307 1.000435 1.001000 0.003829 0.000693 0.003829 0.000713  -1  -1  -1 
2276.413521 0.000000 0.000000 1.001411 0.003827 0.000000 1.000307 1.000318 1.001400 0.003827 0.001093 0.003827 0.000713  -1  -1  -1 
2276.414132 0.000000 0.000000 0.993988 0.003825 0.000000 1.000307 1.000216 0.994080 0.003825 -0.006228 0.003825 0.000713  -1  -1  -1 
2276.414742 0.000000 0.000000 0.999865 0.003829 0.000000 1.000307 1.000133 1.000040 0.003829 -0.000268 0.003829 0.000713  -1  -1  -1 
2276.415352 0.000000 0.000000 0.992584 0.003826 0.000000 1.000307 1.000070 0.992821 0.003826 -0.007486 0.003826 0.000713  -1  -1  -1 
2276.415961 0.000000 0.000000 0.999825 0.003828 0.000000 1.000307 1.000029 1.000103 0.003828 -0.000204 0.003828 0.000713  -1  -1  -1 
2276.416572 0.000000 0.000000 1.000020 0.003833 0.000000 1.000307 1.000004 1.000323 0.003833 0.000016 0.003833 0.000713  -1  -1  -1 
2276.417181 0.000000 0.000000 0.996974 0.003828 0.000000 1.000307 0.999989 0.997292 0.003828 -0.003015 0.003828 0.000713  -1  -1  -1 
2276.417789 0.000000 0.000000 1.005098 0.003830 0.000000 1.000307 0.999979 1.005426 0.003830 0.005119 0.003830 0.000713  -1  -1  -1 
2276.418400 0.000000 0.000000 0.997505 0.003833 0.000000 1.000307 0.999968 0.997844 0.003833 -0.002463 0.003833 0.000713  -1  -1  -1 
2276.419009 0.000000 0.000000 1.005819 0.003831 0.000000 1.000307 0.999953 1.006174 0.003831 0.005866 0.003831 0.000713  -1  -1  -1 
2276.419618 0.000000 0.000000 1.000910 0.003831 0.000000 1.000307 0.999930 1.001287 0.003831 0.000980 0.003831 0.000713  -1  -1  -1 
2276.420229 0.000000 0.000000 0.995780 0.003830 0.000000 1.000307 0.999902 0.996185 0.003830 -0.004122 0.003830 0.000713  -1  -1  -1 
2276.420838 0.000000 0.000000 1.001505 0.003831 0.000000 1.000307 0.999871 1.001942 0.003831 0.001634 0.003831 0.000713  -1  -1  -1 
2276.421447 0.000000 0.000000 1.002441 0.003830 0.000000 1.000307 0.999836 1.002913 0.003830 0.002605 0.003830 0.000713  -1  -1  -1 
2276.422071 0.000000 0.000000 0.997328 0.003826 0.000000 1.000307 0.999797 0.997838 0.003826 -0.002469 0.003826 0.000713  -1  -1  -1 
2276.422680 0.000000 0.000000 0.998494 0.003825 0.000000 1.000307 0.999760 0.999042 0.003825 -0.001266 0.003825 0.000713  -1  -1  -1 
2276.423291 0.000000 0.000000 0.996299 0.003830 0.000000 1.000307 0.999724 0.996882 0.003830 -0.003425 0.003830 0.000713  -1  -1  -1 
2276.423900 0.000000 0.000000 0.997117 0.003831 0.000000 1.000307 0.999691 0.997733 0.003831 -0.002574 0.003831 0.000713  -1  -1  -1 
2276.424509 0.000000 0.000000 1.003476 0.003832 0.000000 1.000307 0.999657 1.004127 0.003832 0.003819 0.003832 0.000713  -1  -1  -1 
2276.425128 0.000000 0.000000 1.004049 0.003832 0.000000 1.000307 0.999616 1.004740 0.003832 0.004433 0.003832 0.000713  -1  -1  -1 
2276.425738 0.000000 0.000000 0.995707 0.003832 0.000000 1.000307 0.999570 0.996444 0.003832 -0.003863 0.003832 0.000713  -1  -1  -1 
2276.426359 0.000000 0.000000 1.001793 0.003828 0.000000 1.000307 0.999519 1.002581 0.003828 0.002274 0.003828 0.000713  -1  -1  -1 
2276.426967 0.000000 0.000000 1.000484 0.003830 0.000000 1.000307 0.999467 1.001324 0.003830 0.001017 0.003830 0.000713  -1  -1  -1 
2276.427576 0.000000 0.000000 0.995438 0.003827 0.000000 1.000307 0.999415 0.996330 0.003827 -0.003977 0.003827 0.000713  -1  -1  -1 
2276.428187 0.000000 0.000000 1.001740 0.003826 0.000000 1.000307 0.999368 1.002680 0.003826 0.002372 0.003826 0.000713  -1  -1  -1 
2276.428796 0.000000 0.000000 0.997867 0.003827 0.000000 1.000307 0.999327 0.998847 0.003827 -0.001460 0.003827 0.000713  -1  -1  -1 
2276.429405 0.000000 0.000000 0.993683 0.003827 0.000000 1.000307 0.999298 0.994693 0.003827 -0.005615 0.003827 0.000713  -1  -1  -1 
2276.430016 0.000000 0.000000 1.001424 0.003826 0.000000 1.000307 0.999283 1.002449 0.003826 0.002141 0.003826 0.000713  -1  -1  -1 
2276.430624 0.000000 0.000000 0.996143 0.003826 0.000000 1.000307 0.999283 0.997167 0.003826 -0.003140 0.003826 0.000713  -1  -1  -1 
2276.431235 0.000000 0.000000 0.996153 0.003827 0.000000 1.000307 0.999302 0.997158 0.003827 -0.003149 0.003827 0.000713  -1  -1  -1 
2276.431847 0.000000 0.000000 0.995382 0.003827 0.000000 1.000307 0.999341 0.996349 0.003827 -0.003959 0.003827 0.000713  -1  -1  -1 
2276.432460 0.000000 0.000000 0.996011 0.003828 0.000000 1.000307 0.999398 0.996920 0.003828 -0.003387 0.003828 0.000713  -1  -1  -1 
2276.433069 0.000000 0.000000 0.997379 0.003827 0.000000 1.000307 0.999470 0.998216 0.003827 -0.002091 0.003827 0.000713  -1  -1  -1 
2276.433678 0.000000 0.000000 1.001161 0.003828 0.000000 1.000307 0.999551 1.001917 0.003828 0.001610 0.003828 0.000713  -1  -1  -1 
2276.434287 0.000000 0.000000 1.002971 0.003830 0.000000 1.000307 0.999635 1.003643 0.003830 0.003336 0.003830 0.000713  -1  -1  -1 
2276.434897 0.000000 0.000000 0.997412 0.003826 0.000000 1.000307 0.999717 0.998002 0.003826 -0.002305 0.003826 0.000713  -1  -1  -1 
2276.435508 0.000000 0.000000 0.998979 0.003826 0.000000 1.000307 0.999795 0.999492 0.003826 -0.000816 0.003826 0.000713  -1  -1  -1 
2276.436123 0.000000 0.000000 1.003717 0.003831 0.000000 1.000307 0.999866 1.004158 0.003831 0.003851 0.003831 0.000713  -1  -1  -1 
2276.436732 0.000000 0.000000 0.998466 0.003828 0.000000 1.000307 0.999926 0.998847 0.003828 -0.001460 0.003828 0.000713  -1  -1  -1 
2276.437343 0.000000 0.000000 0.999419 0.003828 0.000000 1.000307 0.999976 0.999751 0.003828 -0.000557 0.003828 0.000713  -1  -1  -1 
2276.437956 0.000000 0.000000 1.004773 0.003833 0.000000 1.000307 1.000012 1.005068 0.003833 0.004761 0.003833 0.000713  -1  -1  -1 
2276.438574 0.000000 0.000000 1.001375 0.003832 0.000000 1.000307 1.000033 1.001649 0.003832 0.001342 0.003832 0.000713  -1  -1  -1 
2276.439185 0.000000 0.000000 0.998783 0.003827 0.000000 1.000307 1.000040 0.999050 0.003827 -0.001257 0.003827 0.000713  -1  -1  -1 
2276.439795 0.000000 0.000000 1.004786 0.003834 0.000000 1.000307 1.000037 1.005057 0.003834 0.004749 0.003834 0.000713  -1  -1  -1 
2276.440403 0.000000 0.000000 0.996089 0.003830 0.000000 1.000307 1.000024 0.996373 0.003830 -0.003935 0.003830 0.000713  -1  -1  -1 
2276.441014 0.000000 0.000000 0.996056 0.003826 0.000000 1.000307 1.000007 0.996357 0.003826 -0.003951 0.003826 0.000713  -1  -1  -1 
2276.441623 0.000000 0.000000 1.002790 0.003832 0.000000 1.000307 0.999988 1.003110 0.003832 0.002802 0.003832 0.000713  -1  -1  -1 
2276.442231 0.000000 0.000000 0.999729 0.003833 0.000000 1.000307 0.999965 1.000072 0.003833 -0.000236 0.003833 0.000713  -1  -1  -1 
2276.442841 0.000000 0.000000 1.004074 0.003830 0.000000 1.000307 0.999938 1.004444 0.003830 0.004136 0.003830 0.000713  -1  -1  -1 
2276.444377 0.000000 0.000000 0.996081 0.003828 0.000000 1.000307 0.999868 0.996521 0.003828 -0.003787 0.003828 0.000713  -1  -1  -1 
2276.444988 0.000000 0.000000 1.001066 0.003827 0.000000 1.000307 0.999852 1.001521 0.003827 0.001214 0.003827 0.000713  -1  -1  -1 
2276.445599 0.000000 0.000000 0.997350 0.003832 0.000000 1.000307 0.999850 0.997807 0.003832 -0.002500 0.003832 0.000713  -1  -1  -1 
2276.446218 0.000000 0.000000 0.994682 0.003827 0.000000 1.000307 0.999865 0.995124 0.003827 -0.005183 0.003827 0.000713  -1  -1  -1 
2276.446833 0.000000 0.000000 1.000167 0.003827 0.000000 1.000307 0.999901 1.000574 0.003827 0.000266 0.003827 0.000713  -1  -1  -1 
2276.447443 0.000000 0.000000 0.995132 0.003827 0.000000 1.000307 0.999955 0.995485 0.003827 -0.004823 0.003827 0.000713  -1  -1  -1 
2276.448052 0.000000 0.000000 0.991864 0.003827 0.000000 1.000307 1.000026 0.992145 0.003827 -0.008162 0.003827 0.000713  -1  -1  -1 
2276.448663 0.000000 0.000000 1.005204 0.003833 0.000000 1.000307 1.000111 1.005400 0.003833 0.005093 0.003833 0.000713  -1  -1  -1 
2276.449272 0.000000 0.000000 1.003876 0.003828 0.000000 1.000307 1.000197 1.003986 0.003828 0.003679 0.003828 0.000713  -1  -1  -1 
2276.449880 0.000000 0.000000 1.002125 0.003829 0.000000 1.000307 1.000277 1.002155 0.003829 0.001848 0.003829 0.000713  -1  -1  -1 
2276.450489 0.000000 0.000000 1.004969 0.003833 0.000000 1.000307 1.000348 1.004928 0.003833 0.004621 0.003833 0.000713  -1  -1  -1 
2276.451098 0.000000 0.000000 1.001698 0.003830 0.000000 1.000307 1.000410 1.001596 0.003830 0.001288 0.003830 0.000713  -1  -1  -1 
2276.451709 0.000000 0.000000 0.995935 0.003831 0.000000 1.000307 1.000464 0.995778 0.003831 -0.004529 0.003831 0.000713  -1  -1  -1 
2276.452318 0.000000 0.000000 0.998011 0.003834 0.000000 1.000307 1.000515 0.997803 0.003834 -0.002504 0.003834 0.000713  -1  -1  -1 
2276.452927 0.000000 0.000000 1.002590 0.003829 0.000000 1.000307 1.000562 1.002336 0.003829 0.002028 0.003829 0.000713  -1  -1  -1 
2276.453562 0.000000 0.000000 1.003172 0.003828 0.000000 1.000307 1.000602 1.002877 0.003828 0.002570 0.003828 0.000713  -1  -1  -1 
2276.454173 0.000000 0.000000 1.005676 0.003833 0.000000 1.000307 1.000631 1.005352 0.003833 0.005045 0.003833 0.000713  -1  -1  -1 
2276.454782 0.000000 0.000000 0.997969 0.003830 0.000000 1.000307 1.000650 0.997626 0.003830 -0.002681 0.003830 0.000713  -1  -1  -1 
2276.455390 0.000000 0.000000 1.002092 0.003832 0.000000 1.000307 1.000663 1.001737 0.003832 0.001429 0.003832 0.000713  -1  -1  -1 
2276.456005 0.000000 0.000000 1.000082 0.003828 0.000000 1.000307 1.000671 0.999718 0.003828 -0.000589 0.003828 0.000713  -1  -1  -1 
2276.456620 0.000000 0.000000 0.999202 0.003826 0.000000 1.000307 1.000677 0.998832 0.003826 -0.001475 0.003826 0.000713  -1  -1  -1 
2276.457234 0.000000 0.000000 0.999742 0.003827 0.000000 1.000307 1.000682 0.999367 0.003827 -0.000940 0.003827 0.000713  -1  -1  -1 
2276.457843 0.000000 0.000000 1.002473 0.003829 0.000000 1.000307 1.000685 1.002095 0.003829 0.001788 0.003829 0.000713  -1  -1  -1 
2276.458454 0.000000 0.000000 0.999830 0.003826 0.000000 1.000307 1.000685 0.999452 0.003826 -0.000855 0.003826 0.000713  -1  -1  -1 
2276.459062 0.000000 0.000000 0.999487 0.003828 0.000000 1.000307 1.000681 0.999113 0.003828 -0.001194 0.003828 0.000713  -1  -1  -1 
2276.459672 0.000000 0.000000 1.005946 0.003832 0.000000 1.000307 1.000670 1.005583 0.003832 0.005276 0.003832 0.000713  -1  -1  -1 
2276.460284 0.000000 0.000000 1.001998 0.003829 0.000000 1.000307 1.000650 1.001655 0.003829 0.001348 0.003829 0.000713  -1  -1  -1 
2276.460894 0.000000 0.000000 1.000543 0.003827 0.000000 1.000307 1.000622 1.000228 0.003827 -0.000079 0.003827 0.000713  -1  -1  -1 
2276.461504 0.000000 0.000000 1.003268 0.003827 0.000000 1.000307 1.000588 1.002988 0.003827 0.002680 0.003827 0.000713  -1  -1  -1 
2276.462114 0.000000 0.000000 1.001360 0.003828 0.000000 1.000307 1.000549 1.001118 0.003828 0.000811 0.003828 0.000713  -1  -1  -1 
2276.462723 0.000000 0.000000 0.999581 0.003824 0.000000 1.000307 1.000511 0.999377 0.003824 -0.000930 0.003824 0.000713  -1  -1  -1 
2276.463335 0.000000 0.000000 0.998213 0.003826 0.000000 1.000307 1.000478 0.998043 0.003826 -0.002265 0.003826 0.000713  -1  -1  -1 
2276.463945 0.000000 0.000000 0.998228 0.003824 0.000000 1.000307 1.000454 0.998082 0.003824 -0.002226 0.003824 0.000713  -1  -1  -1 
2276.464554 0.000000 0.000000 0.995600 0.003822 0.000000 1.000307 1.000441 0.995466 0.003822 -0.004841 0.003822 0.000713  -1  -1  -1 
2276.465183 0.000000 0.000000 1.002137 0.003828 0.000000 1.000307 1.000439 1.002006 0.003828 0.001698 0.003828 0.000713  -1  -1  -1 
2276.465838 0.000000 0.000000 1.003662 0.003827 0.000000 1.000307 1.000443 1.003526 0.003827 0.003219 0.003827 0.000713  -1  -1  -1 
2276.466448 0.000000 0.000000 0.999465 0.003824 0.000000 1.000307 1.000451 0.999321 0.003824 -0.000986 0.003824 0.000713  -1  -1  -1 
2276.467058 0.000000 0.000000 1.003803 0.003828 0.000000 1.000307 1.000462 1.003648 0.003828 0.003341 0.003828 0.000713  -1  -1  -1 
2276.467667 0.000000 0.000000 0.993733 0.003825 0.000000 1.000307 1.000477 0.993564 0.003825 -0.006744 0.003825 0.000713  -1  -1  -1 
2276.468278 0.000000 0.000000 1.004470 0.003828 0.000000 1.000307 1.000496 1.004281 0.003828 0.003974 0.003828 0.000713  -1  -1  -1 
2276.468889 0.000000 0.000000 0.997899 0.003822 0.000000 1.000307 1.000519 0.997687 0.003822 -0.002620 0.003822 0.000713  -1  -1  -1 
2276.469502 0.000000 0.000000 0.998365 0.003822 0.000000 1.000307 1.000545 0.998127 0.003822 -0.002180 0.003822 0.000713  -1  -1  -1 
2276.470114 0.000000 0.000000 1.003459 0.003825 0.000000 1.000307 1.000570 1.003196 0.003825 0.002889 0.003825 0.000713  -1  -1  -1 
2276.470724 0.000000 0.000000 1.001802 0.003822 0.000000 1.000307 1.000591 1.001518 0.003822 0.001211 0.003822 0.000713  -1  -1  -1 
2276.471335 0.000000 0.000000 0.999528 0.003826 0.000000 1.000307 1.000606 0.999230 0.003826 -0.001078 0.003826 0.000713  -1  -1  -1 
2276.471945 0.000000 0.000000 1.008953 0.003824 0.000000 1.000307 1.000611 1.008650 0.003824 0.008342 0.003824 0.000713  -1  -1  -1 
2276.472555 0.000000 0.000000 0.999150 0.003819 0.000000 1.000307 1.000606 0.998852 0.003819 -0.001456 0.003819 0.000713  -1  -1  -1 
2276.473165 0.000000 0.000000 1.000951 0.003824 0.000000 1.000307 1.000594 1.000664 0.003824 0.000357 0.003824 0.000713  -1  -1  -1 
2276.473774 0.000000 0.000000 0.998479 0.003824 0.000000 1.000307 1.000580 0.998207 0.003824 -0.002101 0.003824 0.000713  -1  -1  -1 
2276.474385 0.000000 0.000000 1.000105 0.003824 0.000000 1.000307 1.000565 0.999847 0.003824 -0.000460 0.003824 0.000713  -1  -1  -1 
2276.474996 0.000000 0.000000 0.999644 0.003820 0.000000 1.000307 1.000553 0.999399 0.003820 -0.000909 0.003820 0.000713  -1  -1  -1 
2276.475605 0.000000 0.000000 0.996948 0.003816 0.000000 1.000307 1.000542 0.996714 0.003816 -0.003594 0.003816 0.000713  -1  -1  -1 
2276.476216 0.000000 0.000000 1.002795 0.003826 0.000000 1.000307 1.000531 1.002572 0.003826 0.002264 0.003826 0.000713  -1  -1  -1 
2276.476827 0.000000 0.000000 1.004242 0.003824 0.000000 1.000307 1.000515 1.004034 0.003824 0.003727 0.003824 0.000713  -1  -1  -1 
2276.477437 0.000000 0.000000 1.004854 0.003822 0.000000 1.000307 1.000493 1.004668 0.003822 0.004361 0.003822 0.000713  -1  -1  -1 
2276.478047 0.000000 0.000000 0.998325 0.003823 0.000000 1.000307 1.000465 0.998167 0.003823 -0.002140 0.003823 0.000713  -1  -1  -1 
2276.478659 0.000000 0.000000 0.998592 0.003818 0.000000 1.000307 1.000436 0.998464 0.003818 -0.001844 0.003818 0.000713  -1  -1  -1 
2276.479284 0.000000 0.000000 1.001821 0.003822 0.000000 1.000307 1.000406 1.001722 0.003822 0.001415 0.003822 0.000713  -1  -1  -1 
2276.479894 0.000000 0.000000 0.997174 0.003821 0.000000 1.000307 1.000380 0.997101 0.003821 -0.003206 0.003821 0.000713  -1  -1  -1 
2276.480503 0.000000 0.000000 1.000547 0.003822 0.000000 1.000307 1.000358 1.000496 0.003822 0.000189 0.003822 0.000713  -1  -1  -1 
2276.481114 0.000000 0.000000 1.002426 0.003822 0.000000 1.000307 1.000339 1.002395 0.003822 0.002087 0.003822 0.000713  -1  -1  -1 
2276.481728 0.000000 0.000000 0.997886 0.003815 0.000000 1.000307 1.000322 0.997871 0.003815 -0.002436 0.003815 0.000713  -1  -1  -1 
2276.482346 0.000000 0.000000 0.997465 0.003818 0.000000 1.000307 1.000309 0.997464 0.003818 -0.002844 0.003818 0.000713  -1  -1  -1 
2276.482959 0.000000 0.000000 0.999993 0.003820 0.000000 1.000307 1.000298 1.000003 0.003820 -0.000305 0.003820 0.000713  -1  -1  -1 
2276.483568 0.000000 0.000000 1.003762 0.003822 0.000000 1.000307 1.000285 1.003785 0.003822 0.003477 0.003822 0.000713  -1  -1  -1 
2276.484178 0.000000 0.000000 1.002983 0.003823 0.000000 1.000307 1.000266 1.003025 0.003823 0.002717 0.003823 0.000713  -1  -1  -1 
2276.484881 0.000000 0.000000 1.002246 0.003819 0.000000 1.000307 1.000235 1.002318 0.003819 0.002011 0.003819 0.000713  -1  -1  -1 
2276.485492 0.000000 0.000000 0.999637 0.003822 0.000000 1.000307 1.000203 0.999741 0.003822 -0.000566 0.003822 0.000713  -1  -1  -1 
2276.486102 0.000000 0.000000 1.002995 0.003822 0.000000 1.000307 1.000169 1.003133 0.003822 0.002826 0.003822 0.000713  -1  -1  -1 
2276.486711 0.000000 0.000000 0.992519 0.003815 0.000000 1.000307 1.000138 0.992688 0.003815 -0.007619 0.003815 0.000713  -1  -1  -1 
2276.487425 0.000000 0.000000 1.002015 0.003818 0.000000 1.000307 1.000110 1.002212 0.003818 0.001905 0.003818 0.000713  -1  -1  -1 
2276.488034 0.000000 0.000000 1.000874 0.003825 0.000000 1.000307 1.000094 1.001087 0.003825 0.000780 0.003825 0.000713  -1  -1  -1 
2276.488644 0.000000 0.000000 0.997711 0.003821 0.000000 1.000307 1.000086 0.997932 0.003821 -0.002375 0.003821 0.000713  -1  -1  -1 
2276.489255 0.000000 0.000000 0.997958 0.003819 0.000000 1.000307 1.000089 0.998177 0.003819 -0.002131 0.003819 0.000713  -1  -1  -1 
2276.489865 0.000000 0.000000 0.998446 0.003817 0.000000 1.000307 1.000102 0.998652 0.003817 -0.001656 0.003817 0.000713  -1  -1  -1 
2276.490476 0.000000 0.000000 0.999651 0.003823 0.000000 1.000307 1.000124 0.999834 0.003823 -0.000473 0.003823 0.000713  -1  -1  -1 
2276.491087 0.000000 0.000000 0.999132 0.003818 0.000000 1.000307 1.000153 0.999286 0.003818 -0.001021 0.003818 0.000713  -1  -1  -1 
2276.491698 0.000000 0.000000 1.000797 0.003821 0.000000 1.000307 1.000187 1.000917 0.003821 0.000610 0.003821 0.000713  -1  -1  -1 
2276.492306 0.000000 0.000000 0.999153 0.003816 0.000000 1.000307 1.000222 0.999238 0.003816 -0.001069 0.003816 0.000713  -1  -1  -1 
2276.492920 0.000000 0.000000 1.000231 0.003821 0.000000 1.000307 1.000255 1.000283 0.003821 -0.000024 0.003821 0.000713  -1  -1  -1 
2276.493528 0.000000 0.000000 1.004332 0.003819 0.000000 1.000307 1.000282 1.004357 0.003819 0.004050 0.003819 0.000713  -1  -1  -1 
2276.494140 0.000000 0.000000 1.000034 0.003816 0.000000 1.000307 1.000301 1.000041 0.003816 -0.000267 0.003816 0.000713  -1  -1  -1 
2276.494748 0.000000 0.000000 1.002418 0.003819 0.000000 1.000307 1.000309 1.002417 0.003819 0.002109 0.003819 0.000713  -1  -1  -1 
2276.495357 0.000000 0.000000 0.998655 0.003815 0.000000 1.000307 1.000306 0.998656 0.003815 -0.001651 0.003815 0.000713  -1  -1  -1 
2276.495968 0.000000 0.000000 1.004720 0.003818 0.000000 1.000307 1.000295 1.004733 0.003818 0.004425 0.003818 0.000713  -1  -1  -1 
2276.496582 0.000000 0.000000 1.000237 0.003815 0.000000 1.000307 1.000272 1.000272 0.003815 -0.000035 0.003815 0.000713  -1  -1  -1 
2276.497192 0.000000 0.000000 0.997275 0.003812 0.000000 1.000307 1.000243 0.997339 0.003812 -0.002968 0.003812 0.000713  -1  -1  -1 
2276.497802 0.000000 0.000000 1.005663 0.003815 0.000000 1.000307 1.000209 1.005761 0.003815 0.005454 0.003815 0.000713  -1  -1  -1 
2276.498414 0.000000 0.000000 0.995171 0.003816 0.000000 1.000307 1.000171 0.995308 0.003816 -0.005000 0.003816 0.000713  -1  -1  -1 
2276.499024 0.000000 0.000000 1.004965 0.003818 0.000000 1.000307 1.000132 1.005140 0.003818 0.004833 0.003818 0.000713  -1  -1  -1 
2276.499669 0.000000 0.000000 0.998267 0.003815 0.000000 1.000307 1.000093 0.998481 0.003815 -0.001826 0.003815 0.000713  -1  -1  -1 
2276.500280 0.000000 0.000000 0.997345 0.003814 0.000000 1.000307 1.000062 0.997590 0.003814 -0.002717 0.003814 0.000713  -1  -1  -1 
2276.500890 0.000000 0.000000 0.995520 0.003817 0.000000 1.000307 1.000042 0.995786 0.003817 -0.004522 0.003817 0.000713  -1  -1  -1 
