# time Tc_folded Tref_folded model 
2338.340752 -0.182414 0.886052     0.000000
2338.340944 -0.182223 0.886105     0.000000
2338.341136 -0.182031 0.886157     0.000000
2338.341327 -0.181840 0.886209     0.000000
2338.341519 -0.181648 0.886262     0.000000
2338.341710 -0.181457 0.886314     0.000000
2338.341902 -0.181265 0.886366     0.000000
2338.342093 -0.181074 0.886419     0.000000
2338.342285 -0.180882 0.886471     0.000000
2338.342476 -0.180691 0.886523     0.000000
2338.342668 -0.180499 0.886576     0.000000
2338.342859 -0.180308 0.886628     0.000000
2338.343051 -0.180116 0.886680     0.000000
2338.343242 -0.179925 0.886733     0.000000
2338.343434 -0.179733 0.886785     0.000000
2338.343625 -0.179542 0.886837     0.000000
2338.343817 -0.179350 0.886890     0.000000
2338.344008 -0.179159 0.886942     0.000000
2338.344200 -0.178967 0.886994     0.000000
2338.344391 -0.178776 0.887047     0.000000
2338.344583 -0.178584 0.887099     0.000000
2338.344774 -0.178393 0.887151     0.000000
2338.344966 -0.178201 0.887204     0.000000
2338.345157 -0.178010 0.887256     0.000000
2338.345349 -0.177818 0.887308     0.000000
2338.345540 -0.177627 0.887360     0.000000
2338.345732 -0.177435 0.887413     0.000000
2338.345923 -0.177244 0.887465     0.000000
2338.346115 -0.177052 0.887517     0.000000
2338.346306 -0.176861 0.887570     0.000000
2338.346498 -0.176669 0.887622     0.000000
2338.346689 -0.176478 0.887674     0.000000
2338.346881 -0.176286 0.887727     0.000000
2338.347072 -0.176095 0.887779     0.000000
2338.347264 -0.175903 0.887831     0.000000
2338.347455 -0.175712 0.887884     0.000000
2338.347647 -0.175520 0.887936     0.000000
2338.347838 -0.175329 0.887988     0.000000
2338.348030 -0.175137 0.888041     0.000000
2338.348221 -0.174946 0.888093     0.000000
2338.348413 -0.174754 0.888145     0.000000
2338.348604 -0.174563 0.888198     0.000000
2338.348796 -0.174371 0.888250     0.000000
2338.348987 -0.174180 0.888302     0.000000
2338.349179 -0.173988 0.888355     0.000000
2338.349370 -0.173797 0.888407     0.000000
2338.349562 -0.173605 0.888459     0.000000
2338.349753 -0.173414 0.888512     0.000000
2338.349945 -0.173222 0.888564     0.000000
2338.350136 -0.173031 0.888616     0.000000
2338.350328 -0.172839 0.888669     0.000000
2338.350519 -0.172648 0.888721     0.000000
2338.350711 -0.172456 0.888773     0.000000
2338.350902 -0.172265 0.888826     0.000000
2338.351094 -0.172073 0.888878     0.000000
2338.351285 -0.171882 0.888930     0.000000
2338.351477 -0.171690 0.888983     0.000000
2338.351668 -0.171499 0.889035     0.000000
2338.351860 -0.171307 0.889087     0.000000
2338.352051 -0.171116 0.889139     0.000000
2338.352243 -0.170924 0.889192     0.000000
2338.352434 -0.170733 0.889244     0.000000
2338.352626 -0.170541 0.889296     0.000000
2338.352817 -0.170350 0.889349     0.000000
2338.353009 -0.170158 0.889401     0.000000
2338.353200 -0.169966 0.889453     0.000000
2338.353392 -0.169775 0.889506     0.000000
2338.353583 -0.169583 0.889558     0.000000
2338.353775 -0.169392 0.889610     0.000000
2338.353966 -0.169200 0.889663     0.000000
2338.354158 -0.169009 0.889715     0.000000
2338.354349 -0.168817 0.889767     0.000000
2338.354541 -0.168626 0.889820     0.000000
2338.354732 -0.168434 0.889872     0.000000
2338.354924 -0.168243 0.889924     0.000000
2338.355115 -0.168051 0.889977     0.000000
2338.355307 -0.167860 0.890029     0.000000
2338.355498 -0.167668 0.890081     0.000000
2338.355690 -0.167477 0.890134     0.000000
2338.355881 -0.167285 0.890186     0.000000
2338.356073 -0.167094 0.890238     0.000000
2338.356264 -0.166902 0.890291     0.000000
2338.356456 -0.166711 0.890343     0.000000
2338.356647 -0.166519 0.890395     0.000000
2338.356839 -0.166328 0.890448     0.000000
2338.357030 -0.166136 0.890500     0.000000
2338.357222 -0.165945 0.890552     0.000000
2338.357413 -0.165753 0.890605     0.000000
2338.357605 -0.165562 0.890657     0.000000
2338.357796 -0.165370 0.890709     0.000000
2338.357988 -0.165179 0.890761     0.000000
2338.358179 -0.164987 0.890814     0.000000
2338.358371 -0.164796 0.890866     0.000000
2338.358562 -0.164604 0.890918     0.000000
2338.358754 -0.164413 0.890971     0.000000
2338.358945 -0.164221 0.891023     0.000000
2338.359137 -0.164030 0.891075     0.000000
2338.359328 -0.163838 0.891128     0.000000
2338.359520 -0.163647 0.891180     0.000000
2338.359711 -0.163455 0.891232     0.000000
2338.359903 -0.163264 0.891285     0.000000
2338.360094 -0.163072 0.891337     0.000000
2338.360286 -0.162881 0.891389     0.000000
2338.360477 -0.162689 0.891442     0.000000
2338.360669 -0.162498 0.891494     0.000000
2338.360860 -0.162306 0.891546     0.000000
2338.361052 -0.162115 0.891599     0.000000
2338.361243 -0.161923 0.891651     0.000000
2338.361435 -0.161732 0.891703     0.000000
2338.361626 -0.161540 0.891756     0.000000
2338.361818 -0.161349 0.891808     0.000000
2338.362009 -0.161157 0.891860     0.000000
2338.362201 -0.160966 0.891913     0.000000
2338.362392 -0.160774 0.891965     0.000000
2338.362584 -0.160583 0.892017     0.000000
2338.362775 -0.160391 0.892070     0.000000
2338.362967 -0.160200 0.892122     0.000000
2338.363158 -0.160008 0.892174     0.000000
2338.363350 -0.159817 0.892227     0.000000
2338.363541 -0.159625 0.892279     0.000000
2338.363733 -0.159434 0.892331     0.000000
2338.363924 -0.159242 0.892383     0.000000
2338.364116 -0.159051 0.892436     0.000000
2338.364307 -0.158859 0.892488     0.000000
2338.364499 -0.158668 0.892540     0.000000
2338.364690 -0.158476 0.892593     0.000000
2338.364882 -0.158285 0.892645     0.000000
2338.365073 -0.158093 0.892697     0.000000
2338.365265 -0.157902 0.892750     0.000000
2338.365456 -0.157710 0.892802     0.000000
2338.365648 -0.157519 0.892854     0.000000
2338.365839 -0.157327 0.892907     0.000000
2338.366031 -0.157136 0.892959     0.000000
2338.366222 -0.156944 0.893011     0.000000
2338.366414 -0.156753 0.893064     0.000000
2338.366605 -0.156561 0.893116     0.000000
2338.366797 -0.156370 0.893168     0.000000
2338.366988 -0.156178 0.893221     0.000000
2338.367180 -0.155987 0.893273     0.000000
2338.367371 -0.155795 0.893325     0.000000
2338.367563 -0.155604 0.893378     0.000000
2338.367754 -0.155412 0.893430     0.000000
2338.367946 -0.155221 0.893482     0.000000
2338.368137 -0.155029 0.893535     0.000000
2338.368329 -0.154838 0.893587     0.000000
2338.368520 -0.154646 0.893639     0.000000
2338.368712 -0.154455 0.893692     0.000000
2338.368903 -0.154263 0.893744     0.000000
2338.369095 -0.154072 0.893796     0.000000
2338.369286 -0.153880 0.893849     0.000000
2338.369478 -0.153689 0.893901     0.000000
2338.369669 -0.153497 0.893953     0.000000
2338.369861 -0.153306 0.894005     0.000000
2338.370052 -0.153114 0.894058     0.000000
2338.370244 -0.152923 0.894110     0.000000
2338.370435 -0.152731 0.894162     0.000000
2338.370627 -0.152540 0.894215     0.000000
2338.370818 -0.152348 0.894267     0.000000
2338.371010 -0.152157 0.894319     0.000000
2338.371201 -0.151965 0.894372     0.000000
2338.371393 -0.151774 0.894424     0.000000
2338.371584 -0.151582 0.894476     0.000000
2338.371776 -0.151391 0.894529     0.000000
2338.371968 -0.151199 0.894581     0.000000
2338.372159 -0.151008 0.894633     0.000000
2338.372351 -0.150816 0.894686     0.000000
2338.372542 -0.150625 0.894738     0.000000
2338.372734 -0.150433 0.894790     0.000000
2338.372925 -0.150242 0.894843     0.000000
2338.373117 -0.150050 0.894895     0.000000
2338.373308 -0.149859 0.894947     0.000000
2338.373500 -0.149667 0.895000     0.000000
2338.373691 -0.149476 0.895052     0.000000
2338.373883 -0.149284 0.895104     0.000000
2338.374074 -0.149093 0.895157     0.000000
2338.374266 -0.148901 0.895209     0.000000
2338.374457 -0.148710 0.895261     0.000000
2338.374649 -0.148518 0.895314     0.000000
2338.374840 -0.148327 0.895366     0.000000
2338.375032 -0.148135 0.895418     0.000000
2338.375223 -0.147944 0.895471     0.000000
2338.375415 -0.147752 0.895523     0.000000
2338.375606 -0.147561 0.895575     0.000000
2338.375798 -0.147369 0.895628     0.000000
2338.375989 -0.147178 0.895680     0.000000
2338.376181 -0.146986 0.895732     0.000000
2338.376372 -0.146795 0.895784     0.000000
2338.376564 -0.146603 0.895837     0.000000
2338.376755 -0.146412 0.895889     0.000000
2338.376947 -0.146220 0.895941     0.000000
2338.377138 -0.146029 0.895994     0.000000
2338.377330 -0.145837 0.896046     0.000000
2338.377521 -0.145646 0.896098     0.000000
2338.377713 -0.145454 0.896151     0.000000
2338.377904 -0.145263 0.896203     0.000000
2338.378096 -0.145071 0.896255     0.000000
2338.378287 -0.144880 0.896308     0.000000
2338.378479 -0.144688 0.896360     0.000000
2338.378670 -0.144497 0.896412     0.000000
2338.378862 -0.144305 0.896465     0.000000
2338.379053 -0.144114 0.896517     0.000000
2338.379245 -0.143922 0.896569     0.000000
2338.379436 -0.143731 0.896622     0.000000
2338.379628 -0.143539 0.896674     0.000000
2338.379819 -0.143348 0.896726     0.000000
2338.380011 -0.143156 0.896779     0.000000
2338.380202 -0.142965 0.896831     0.000000
2338.380394 -0.142773 0.896883     0.000000
2338.380585 -0.142582 0.896936     0.000000
2338.380777 -0.142390 0.896988     0.000000
2338.380968 -0.142199 0.897040     0.000000
2338.381160 -0.142007 0.897093     0.000000
2338.381351 -0.141816 0.897145     0.000000
2338.381543 -0.141624 0.897197     0.000000
2338.381734 -0.141433 0.897250     0.000000
2338.381926 -0.141241 0.897302     0.000000
2338.382117 -0.141050 0.897354     0.000000
2338.382309 -0.140858 0.897406     0.000000
2338.382500 -0.140667 0.897459     0.000000
2338.382692 -0.140475 0.897511     0.000000
2338.382883 -0.140284 0.897563     0.000000
2338.383075 -0.140092 0.897616     0.000000
2338.383266 -0.139901 0.897668     0.000000
2338.383458 -0.139709 0.897720     0.000000
2338.383649 -0.139518 0.897773     0.000000
2338.383841 -0.139326 0.897825     0.000000
2338.384032 -0.139134 0.897877     0.000000
2338.384224 -0.138943 0.897930     0.000000
2338.384415 -0.138751 0.897982     0.000000
2338.384607 -0.138560 0.898034     0.000000
2338.384798 -0.138368 0.898087     0.000000
2338.384990 -0.138177 0.898139     0.000000
2338.385181 -0.137985 0.898191     0.000000
2338.385373 -0.137794 0.898244     0.000000
2338.385564 -0.137602 0.898296     0.000000
2338.385756 -0.137411 0.898348     0.000000
2338.385947 -0.137219 0.898401     0.000000
2338.386139 -0.137028 0.898453     0.000000
2338.386330 -0.136836 0.898505     0.000000
2338.386522 -0.136645 0.898558     0.000000
2338.386713 -0.136453 0.898610     0.000000
2338.386905 -0.136262 0.898662     0.000000
2338.387096 -0.136070 0.898715     0.000000
2338.387288 -0.135879 0.898767     0.000000
2338.387479 -0.135687 0.898819     0.000000
2338.387671 -0.135496 0.898872     0.000000
2338.387862 -0.135304 0.898924     0.000000
2338.388054 -0.135113 0.898976     0.000000
2338.388245 -0.134921 0.899028     0.000000
2338.388437 -0.134730 0.899081     0.000000
2338.388628 -0.134538 0.899133     0.000000
2338.388820 -0.134347 0.899185     0.000000
2338.389011 -0.134155 0.899238     0.000000
2338.389203 -0.133964 0.899290     0.000000
2338.389394 -0.133772 0.899342     0.000000
2338.389586 -0.133581 0.899395     0.000000
2338.389777 -0.133389 0.899447     0.000000
2338.389969 -0.133198 0.899499     0.000000
2338.390160 -0.133006 0.899552     0.000000
2338.390352 -0.132815 0.899604     0.000000
2338.390543 -0.132623 0.899656     0.000000
2338.390735 -0.132432 0.899709     0.000000
2338.390926 -0.132240 0.899761     0.000000
2338.391118 -0.132049 0.899813     0.000000
2338.391309 -0.131857 0.899866     0.000000
2338.391501 -0.131666 0.899918     0.000000
2338.391692 -0.131474 0.899970     0.000000
2338.391884 -0.131283 0.900023     0.000000
2338.392075 -0.131091 0.900075     0.000000
2338.392267 -0.130900 0.900127     0.000000
2338.392458 -0.130708 0.900180     0.000000
2338.392650 -0.130517 0.900232     0.000000
2338.392841 -0.130325 0.900284     0.000000
2338.393033 -0.130134 0.900337     0.000000
2338.393224 -0.129942 0.900389     0.000000
2338.393416 -0.129751 0.900441     0.000000
2338.393607 -0.129559 0.900494     0.000000
2338.393799 -0.129368 0.900546     0.000000
2338.393990 -0.129176 0.900598     0.000000
2338.394182 -0.128985 0.900651     0.000000
2338.394373 -0.128793 0.900703     0.000000
2338.394565 -0.128602 0.900755     0.000000
2338.394756 -0.128410 0.900807     0.000000
2338.394948 -0.128219 0.900860     0.000000
2338.395139 -0.128027 0.900912     0.000000
2338.395331 -0.127836 0.900964     0.000000
2338.395522 -0.127644 0.901017     0.000000
2338.395714 -0.127453 0.901069     0.000000
2338.395905 -0.127261 0.901121     0.000000
2338.396097 -0.127070 0.901174     0.000000
2338.396288 -0.126878 0.901226     0.000000
2338.396480 -0.126687 0.901278     0.000000
2338.396671 -0.126495 0.901331     0.000000
2338.396863 -0.126304 0.901383     0.000000
2338.397054 -0.126112 0.901435     0.000000
2338.397246 -0.125921 0.901488     0.000000
2338.397437 -0.125729 0.901540     0.000000
2338.397629 -0.125538 0.901592     0.000000
2338.397820 -0.125346 0.901645     0.000000
2338.398012 -0.125155 0.901697     0.000000
2338.398203 -0.124963 0.901749     0.000000
2338.398395 -0.124772 0.901802     0.000000
2338.398586 -0.124580 0.901854     0.000000
2338.398778 -0.124389 0.901906     0.000000
2338.398969 -0.124197 0.901959     0.000000
2338.399161 -0.124006 0.902011     0.000000
2338.399352 -0.123814 0.902063     0.000000
2338.399544 -0.123623 0.902116     0.000000
2338.399735 -0.123431 0.902168     0.000000
2338.399927 -0.123240 0.902220     0.000000
2338.400118 -0.123048 0.902273     0.000000
2338.400310 -0.122857 0.902325     0.000000
2338.400501 -0.122665 0.902377     0.000000
2338.400693 -0.122474 0.902429     0.000000
2338.400884 -0.122282 0.902482     0.000000
2338.401076 -0.122091 0.902534     0.000000
2338.401267 -0.121899 0.902586     0.000000
2338.401459 -0.121708 0.902639     0.000000
2338.401650 -0.121516 0.902691     0.000000
2338.401842 -0.121325 0.902743     0.000000
2338.402033 -0.121133 0.902796     0.000000
2338.402225 -0.120942 0.902848     0.000000
2338.402416 -0.120750 0.902900     0.000000
2338.402608 -0.120559 0.902953     0.000000
2338.402800 -0.120367 0.903005     0.000000
2338.402991 -0.120176 0.903057     0.000000
2338.403183 -0.119984 0.903110     0.000000
2338.403374 -0.119793 0.903162     0.000000
2338.403566 -0.119601 0.903214     0.000000
2338.403757 -0.119410 0.903267     0.000000
2338.403949 -0.119218 0.903319     0.000000
2338.404140 -0.119027 0.903371     0.000000
2338.404332 -0.118835 0.903424     0.000000
2338.404523 -0.118644 0.903476     0.000000
2338.404715 -0.118452 0.903528     0.000000
2338.404906 -0.118261 0.903581     0.000000
2338.405098 -0.118069 0.903633     0.000000
2338.405289 -0.117878 0.903685     0.000000
2338.405481 -0.117686 0.903738     0.000000
2338.405672 -0.117495 0.903790     0.000000
2338.405864 -0.117303 0.903842     0.000000
2338.406055 -0.117112 0.903895     0.000000
2338.406247 -0.116920 0.903947     0.000000
2338.406438 -0.116729 0.903999     0.000000
2338.406630 -0.116537 0.904051     0.000000
2338.406821 -0.116346 0.904104     0.000000
2338.407013 -0.116154 0.904156     0.000000
2338.407204 -0.115963 0.904208     0.000000
2338.407396 -0.115771 0.904261     0.000000
2338.407587 -0.115580 0.904313     0.000000
2338.407779 -0.115388 0.904365     0.000000
2338.407970 -0.115197 0.904418     0.000000
2338.408162 -0.115005 0.904470     0.000000
2338.408353 -0.114814 0.904522     0.000000
2338.408545 -0.114622 0.904575     0.000000
2338.408736 -0.114431 0.904627     0.000000
2338.408928 -0.114239 0.904679     0.000000
2338.409119 -0.114048 0.904732     0.000000
2338.409311 -0.113856 0.904784     0.000000
2338.409502 -0.113665 0.904836     0.000000
2338.409694 -0.113473 0.904889     0.000000
2338.409885 -0.113282 0.904941     0.000000
2338.410077 -0.113090 0.904993     0.000000
2338.410268 -0.112899 0.905046     0.000000
2338.410460 -0.112707 0.905098     0.000000
2338.410651 -0.112516 0.905150     0.000000
2338.410843 -0.112324 0.905203     0.000000
2338.411034 -0.112133 0.905255     0.000000
2338.411226 -0.111941 0.905307     0.000000
2338.411417 -0.111750 0.905360     0.000000
2338.411609 -0.111558 0.905412     0.000000
2338.411800 -0.111367 0.905464     0.000000
2338.411992 -0.111175 0.905517     0.000000
2338.412183 -0.110984 0.905569     0.000000
2338.412375 -0.110792 0.905621     0.000000
2338.412566 -0.110601 0.905673     0.000000
2338.412758 -0.110409 0.905726     0.000000
2338.412949 -0.110218 0.905778     0.000000
2338.413141 -0.110026 0.905830     0.000000
2338.413332 -0.109835 0.905883     0.000000
2338.413524 -0.109643 0.905935     0.000000
2338.413715 -0.109452 0.905987     0.000000
2338.413907 -0.109260 0.906040     0.000000
2338.414098 -0.109069 0.906092     0.000000
2338.414290 -0.108877 0.906144     0.000000
2338.414481 -0.108686 0.906197     0.000000
2338.414673 -0.108494 0.906249     0.000000
2338.414864 -0.108303 0.906301     0.000000
2338.415056 -0.108111 0.906354     0.000000
2338.415247 -0.107919 0.906406     0.000000
2338.415439 -0.107728 0.906458     0.000000
2338.415630 -0.107536 0.906511     0.000000
2338.415822 -0.107345 0.906563     0.000000
2338.416013 -0.107153 0.906615     0.000000
2338.416205 -0.106962 0.906668     0.000000
2338.416396 -0.106770 0.906720     0.000000
2338.416588 -0.106579 0.906772     0.000000
2338.416779 -0.106387 0.906825     0.000000
2338.416971 -0.106196 0.906877     0.000000
2338.417162 -0.106004 0.906929     0.000000
2338.417354 -0.105813 0.906982     0.000000
2338.417545 -0.105621 0.907034     0.000000
2338.417737 -0.105430 0.907086     0.000000
2338.417928 -0.105238 0.907139     0.000000
2338.418120 -0.105047 0.907191     0.000000
2338.418311 -0.104855 0.907243     0.000000
2338.418503 -0.104664 0.907296     0.000000
2338.418694 -0.104472 0.907348     0.000000
2338.418886 -0.104281 0.907400     0.000000
2338.419077 -0.104089 0.907452     0.000000
2338.419269 -0.103898 0.907505     0.000000
2338.419460 -0.103706 0.907557     0.000000
2338.419652 -0.103515 0.907609     0.000000
2338.419843 -0.103323 0.907662     0.000000
2338.420035 -0.103132 0.907714     0.000000
2338.420226 -0.102940 0.907766     0.000000
2338.420418 -0.102749 0.907819     0.000000
2338.420609 -0.102557 0.907871     0.000000
2338.420801 -0.102366 0.907923     0.000000
2338.420992 -0.102174 0.907976     0.000000
2338.421184 -0.101983 0.908028     0.000000
2338.421375 -0.101791 0.908080     0.000000
2338.421567 -0.101600 0.908133     0.000000
2338.421758 -0.101408 0.908185     0.000000
2338.421950 -0.101217 0.908237     0.000000
2338.422141 -0.101025 0.908290     0.000000
2338.422333 -0.100834 0.908342     0.000000
2338.422524 -0.100642 0.908394     0.000000
2338.422716 -0.100451 0.908447     0.000000
2338.422907 -0.100259 0.908499     0.000000
2338.423099 -0.100068 0.908551     0.000000
2338.423290 -0.099876 0.908604     0.000000
2338.423482 -0.099685 0.908656     0.000000
2338.423673 -0.099493 0.908708     0.000000
2338.423865 -0.099302 0.908761     0.000000
2338.424056 -0.099110 0.908813     0.000000
2338.424248 -0.098919 0.908865     0.000000
2338.424439 -0.098727 0.908918     0.000000
2338.424631 -0.098536 0.908970     0.000000
2338.424822 -0.098344 0.909022     0.000000
2338.425014 -0.098153 0.909074     0.000000
2338.425205 -0.097961 0.909127     0.000000
2338.425397 -0.097770 0.909179     0.000000
2338.425588 -0.097578 0.909231     0.000000
2338.425780 -0.097387 0.909284     0.000000
2338.425971 -0.097195 0.909336     0.000000
2338.426163 -0.097004 0.909388     0.000000
2338.426354 -0.096812 0.909441     0.000000
2338.426546 -0.096621 0.909493     0.000000
2338.426737 -0.096429 0.909545     0.000000
2338.426929 -0.096238 0.909598    -0.000008
2338.427120 -0.096046 0.909650    -0.000023
2338.427312 -0.095855 0.909702    -0.000044
2338.427503 -0.095663 0.909755    -0.000069
2338.427695 -0.095472 0.909807    -0.000097
2338.427886 -0.095280 0.909859    -0.000128
2338.428078 -0.095089 0.909912    -0.000163
2338.428269 -0.094897 0.909964    -0.000200
2338.428461 -0.094706 0.910016    -0.000239
2338.428652 -0.094514 0.910069    -0.000281
2338.428844 -0.094323 0.910121    -0.000325
2338.429035 -0.094131 0.910173    -0.000371
2338.429227 -0.093940 0.910226    -0.000419
2338.429418 -0.093748 0.910278    -0.000469
2338.429610 -0.093557 0.910330    -0.000521
2338.429801 -0.093365 0.910383    -0.000574
2338.429993 -0.093174 0.910435    -0.000629
2338.430184 -0.092982 0.910487    -0.000686
2338.430376 -0.092791 0.910540    -0.000744
2338.430567 -0.092599 0.910592    -0.000804
2338.430759 -0.092408 0.910644    -0.000865
2338.430950 -0.092216 0.910696    -0.000927
2338.431142 -0.092025 0.910749    -0.000991
2338.431333 -0.091833 0.910801    -0.001055
2338.431525 -0.091642 0.910853    -0.001121
2338.431716 -0.091450 0.910906    -0.001188
2338.431908 -0.091259 0.910958    -0.001256
2338.432099 -0.091067 0.911010    -0.001326
2338.432291 -0.090876 0.911063    -0.001396
2338.432482 -0.090684 0.911115    -0.001467
2338.432674 -0.090493 0.911167    -0.001539
2338.432865 -0.090301 0.911220    -0.001612
2338.433057 -0.090110 0.911272    -0.001686
2338.433248 -0.089918 0.911324    -0.001760
2338.433440 -0.089727 0.911377    -0.001835
2338.433631 -0.089535 0.911429    -0.001911
2338.433823 -0.089344 0.911481    -0.001988
2338.434015 -0.089152 0.911534    -0.002065
2338.434206 -0.088961 0.911586    -0.002143
2338.434398 -0.088769 0.911638    -0.002222
2338.434589 -0.088578 0.911691    -0.002301
2338.434781 -0.088386 0.911743    -0.002380
2338.434972 -0.088195 0.911795    -0.002460
2338.435164 -0.088003 0.911848    -0.002541
2338.435355 -0.087812 0.911900    -0.002621
2338.435547 -0.087620 0.911952    -0.002702
2338.435738 -0.087429 0.912005    -0.002784
2338.435930 -0.087237 0.912057    -0.002866
2338.436121 -0.087046 0.912109    -0.002947
2338.436313 -0.086854 0.912162    -0.003030
2338.436504 -0.086663 0.912214    -0.003112
2338.436696 -0.086471 0.912266    -0.003194
2338.436887 -0.086280 0.912318    -0.003277
2338.437079 -0.086088 0.912371    -0.003359
2338.437270 -0.085897 0.912423    -0.003442
2338.437462 -0.085705 0.912475    -0.003524
2338.437653 -0.085514 0.912528    -0.003607
2338.437845 -0.085322 0.912580    -0.003689
2338.438036 -0.085131 0.912632    -0.003771
2338.438228 -0.084939 0.912685    -0.003853
2338.438419 -0.084748 0.912737    -0.003935
2338.438611 -0.084556 0.912789    -0.004016
2338.438802 -0.084365 0.912842    -0.004098
2338.438994 -0.084173 0.912894    -0.004178
2338.439185 -0.083982 0.912946    -0.004259
2338.439377 -0.083790 0.912999    -0.004339
2338.439568 -0.083599 0.913051    -0.004418
2338.439760 -0.083407 0.913103    -0.004497
2338.439951 -0.083216 0.913156    -0.004575
2338.440143 -0.083024 0.913208    -0.004652
2338.440334 -0.082833 0.913260    -0.004729
2338.440526 -0.082641 0.913313    -0.004805
2338.440717 -0.082450 0.913365    -0.004880
2338.440909 -0.082258 0.913417    -0.004954
2338.441100 -0.082067 0.913470    -0.005027
2338.441292 -0.081875 0.913522    -0.005099
2338.441483 -0.081684 0.913574    -0.005170
2338.441675 -0.081492 0.913627    -0.005240
2338.441866 -0.081301 0.913679    -0.005308
2338.442058 -0.081109 0.913731    -0.005375
2338.442249 -0.080918 0.913784    -0.005440
2338.442441 -0.080726 0.913836    -0.005503
2338.442632 -0.080535 0.913888    -0.005565
2338.442824 -0.080343 0.913941    -0.005625
2338.443015 -0.080152 0.913993    -0.005683
2338.443207 -0.079960 0.914045    -0.005738
2338.443398 -0.079769 0.914097    -0.005790
2338.443590 -0.079577 0.914150    -0.005840
2338.443781 -0.079386 0.914202    -0.005887
2338.443973 -0.079194 0.914254    -0.005929
2338.444164 -0.079003 0.914307    -0.005967
2338.444356 -0.078811 0.914359    -0.005998
2338.444547 -0.078620 0.914411    -0.006018
2338.444739 -0.078428 0.914464    -0.006036
2338.444930 -0.078237 0.914516    -0.006054
2338.445122 -0.078045 0.914568    -0.006072
2338.445313 -0.077854 0.914621    -0.006089
2338.445505 -0.077662 0.914673    -0.006106
2338.445696 -0.077471 0.914725    -0.006123
2338.445888 -0.077279 0.914778    -0.006139
2338.446079 -0.077087 0.914830    -0.006155
2338.446271 -0.076896 0.914882    -0.006171
2338.446462 -0.076704 0.914935    -0.006187
2338.446654 -0.076513 0.914987    -0.006202
2338.446845 -0.076321 0.915039    -0.006217
2338.447037 -0.076130 0.915092    -0.006232
2338.447228 -0.075938 0.915144    -0.006246
2338.447420 -0.075747 0.915196    -0.006261
2338.447611 -0.075555 0.915249    -0.006275
2338.447803 -0.075364 0.915301    -0.006289
2338.447994 -0.075172 0.915353    -0.006303
2338.448186 -0.074981 0.915406    -0.006316
2338.448377 -0.074789 0.915458    -0.006330
2338.448569 -0.074598 0.915510    -0.006343
2338.448760 -0.074406 0.915563    -0.006356
2338.448952 -0.074215 0.915615    -0.006369
2338.449143 -0.074023 0.915667    -0.006382
2338.449335 -0.073832 0.915719    -0.006395
2338.449526 -0.073640 0.915772    -0.006407
2338.449718 -0.073449 0.915824    -0.006420
2338.449909 -0.073257 0.915876    -0.006432
2338.450101 -0.073066 0.915929    -0.006444
2338.450292 -0.072874 0.915981    -0.006456
2338.450484 -0.072683 0.916033    -0.006468
2338.450675 -0.072491 0.916086    -0.006480
2338.450867 -0.072300 0.916138    -0.006492
2338.451058 -0.072108 0.916190    -0.006503
2338.451250 -0.071917 0.916243    -0.006515
2338.451441 -0.071725 0.916295    -0.006526
2338.451633 -0.071534 0.916347    -0.006537
2338.451824 -0.071342 0.916400    -0.006548
2338.452016 -0.071151 0.916452    -0.006559
2338.452207 -0.070959 0.916504    -0.006570
2338.452399 -0.070768 0.916557    -0.006581
2338.452590 -0.070576 0.916609    -0.006592
2338.452782 -0.070385 0.916661    -0.006602
2338.452973 -0.070193 0.916714    -0.006613
2338.453165 -0.070002 0.916766    -0.006623
2338.453356 -0.069810 0.916818    -0.006634
2338.453548 -0.069619 0.916871    -0.006644
2338.453739 -0.069427 0.916923    -0.006654
2338.453931 -0.069236 0.916975    -0.006664
2338.454122 -0.069044 0.917028    -0.006674
2338.454314 -0.068853 0.917080    -0.006684
2338.454505 -0.068661 0.917132    -0.006694
2338.454697 -0.068470 0.917185    -0.006704
2338.454888 -0.068278 0.917237    -0.006714
2338.455080 -0.068087 0.917289    -0.006723
2338.455271 -0.067895 0.917341    -0.006733
2338.455463 -0.067704 0.917394    -0.006742
2338.455654 -0.067512 0.917446    -0.006751
2338.455846 -0.067321 0.917498    -0.006761
2338.456037 -0.067129 0.917551    -0.006770
2338.456229 -0.066938 0.917603    -0.006779
2338.456420 -0.066746 0.917655    -0.006788
2338.456612 -0.066555 0.917708    -0.006797
2338.456803 -0.066363 0.917760    -0.006806
2338.456995 -0.066172 0.917812    -0.006815
2338.457186 -0.065980 0.917865    -0.006824
2338.457378 -0.065789 0.917917    -0.006833
2338.457569 -0.065597 0.917969    -0.006841
2338.457761 -0.065406 0.918022    -0.006850
2338.457952 -0.065214 0.918074    -0.006859
2338.458144 -0.065023 0.918126    -0.006867
2338.458335 -0.064831 0.918179    -0.006875
2338.458527 -0.064640 0.918231    -0.006884
2338.458718 -0.064448 0.918283    -0.006892
2338.458910 -0.064257 0.918336    -0.006900
2338.459101 -0.064065 0.918388    -0.006909
2338.459293 -0.063874 0.918440    -0.006917
2338.459484 -0.063682 0.918493    -0.006925
2338.459676 -0.063491 0.918545    -0.006933
2338.459867 -0.063299 0.918597    -0.006941
2338.460059 -0.063108 0.918650    -0.006949
2338.460250 -0.062916 0.918702    -0.006957
2338.460442 -0.062725 0.918754    -0.006964
2338.460633 -0.062533 0.918807    -0.006972
2338.460825 -0.062342 0.918859    -0.006980
2338.461016 -0.062150 0.918911    -0.006988
2338.461208 -0.061959 0.918963    -0.006995
2338.461399 -0.061767 0.919016    -0.007003
2338.461591 -0.061576 0.919068    -0.007010
2338.461782 -0.061384 0.919120    -0.007018
2338.461974 -0.061193 0.919173    -0.007025
2338.462165 -0.061001 0.919225    -0.007032
2338.462357 -0.060810 0.919277    -0.007040
2338.462548 -0.060618 0.919330    -0.007047
2338.462740 -0.060427 0.919382    -0.007054
2338.462931 -0.060235 0.919434    -0.007061
2338.463123 -0.060044 0.919487    -0.007068
2338.463314 -0.059852 0.919539    -0.007075
2338.463506 -0.059661 0.919591    -0.007083
2338.463697 -0.059469 0.919644    -0.007089
2338.463889 -0.059278 0.919696    -0.007096
2338.464080 -0.059086 0.919748    -0.007103
2338.464272 -0.058895 0.919801    -0.007110
2338.464463 -0.058703 0.919853    -0.007117
2338.464655 -0.058512 0.919905    -0.007124
2338.464847 -0.058320 0.919958    -0.007130
2338.465038 -0.058129 0.920010    -0.007137
2338.465230 -0.057937 0.920062    -0.007144
2338.465421 -0.057746 0.920115    -0.007150
2338.465613 -0.057554 0.920167    -0.007157
2338.465804 -0.057363 0.920219    -0.007163
2338.465996 -0.057171 0.920272    -0.007170
2338.466187 -0.056980 0.920324    -0.007176
2338.466379 -0.056788 0.920376    -0.007183
2338.466570 -0.056597 0.920429    -0.007189
2338.466762 -0.056405 0.920481    -0.007195
2338.466953 -0.056214 0.920533    -0.007202
2338.467145 -0.056022 0.920586    -0.007208
2338.467336 -0.055831 0.920638    -0.007214
2338.467528 -0.055639 0.920690    -0.007220
2338.467719 -0.055448 0.920742    -0.007226
2338.467911 -0.055256 0.920795    -0.007232
2338.468102 -0.055065 0.920847    -0.007238
2338.468294 -0.054873 0.920899    -0.007244
2338.468485 -0.054682 0.920952    -0.007250
2338.468677 -0.054490 0.921004    -0.007256
2338.468868 -0.054299 0.921056    -0.007262
2338.469060 -0.054107 0.921109    -0.007268
2338.469251 -0.053916 0.921161    -0.007274
2338.469443 -0.053724 0.921213    -0.007280
2338.469634 -0.053533 0.921266    -0.007285
2338.469826 -0.053341 0.921318    -0.007291
2338.470017 -0.053150 0.921370    -0.007297
2338.470209 -0.052958 0.921423    -0.007302
2338.470400 -0.052767 0.921475    -0.007308
2338.470592 -0.052575 0.921527    -0.007314
2338.470783 -0.052384 0.921580    -0.007319
2338.470975 -0.052192 0.921632    -0.007325
2338.471166 -0.052001 0.921684    -0.007330
2338.471358 -0.051809 0.921737    -0.007336
2338.471549 -0.051618 0.921789    -0.007341
2338.471741 -0.051426 0.921841    -0.007346
2338.471932 -0.051235 0.921894    -0.007352
2338.472124 -0.051043 0.921946    -0.007357
2338.472315 -0.050852 0.921998    -0.007362
2338.472507 -0.050660 0.922051    -0.007368
2338.472698 -0.050469 0.922103    -0.007373
2338.472890 -0.050277 0.922155    -0.007378
2338.473081 -0.050086 0.922208    -0.007383
2338.473273 -0.049894 0.922260    -0.007388
2338.473464 -0.049703 0.922312    -0.007394
2338.473656 -0.049511 0.922364    -0.007399
2338.473847 -0.049320 0.922417    -0.007404
2338.474039 -0.049128 0.922469    -0.007409
2338.474230 -0.048937 0.922521    -0.007414
2338.474422 -0.048745 0.922574    -0.007419
2338.474613 -0.048554 0.922626    -0.007424
2338.474805 -0.048362 0.922678    -0.007428
2338.474996 -0.048171 0.922731    -0.007433
2338.475188 -0.047979 0.922783    -0.007438
2338.475379 -0.047788 0.922835    -0.007443
2338.475571 -0.047596 0.922888    -0.007448
2338.475762 -0.047405 0.922940    -0.007452
2338.475954 -0.047213 0.922992    -0.007457
2338.476145 -0.047022 0.923045    -0.007462
2338.476337 -0.046830 0.923097    -0.007467
2338.476528 -0.046639 0.923149    -0.007471
2338.476720 -0.046447 0.923202    -0.007476
2338.476911 -0.046256 0.923254    -0.007480
2338.477103 -0.046064 0.923306    -0.007485
2338.477294 -0.045872 0.923359    -0.007489
2338.477486 -0.045681 0.923411    -0.007494
2338.477677 -0.045489 0.923463    -0.007498
2338.477869 -0.045298 0.923516    -0.007503
2338.478060 -0.045106 0.923568    -0.007507
2338.478252 -0.044915 0.923620    -0.007512
2338.478443 -0.044723 0.923673    -0.007516
2338.478635 -0.044532 0.923725    -0.007520
2338.478826 -0.044340 0.923777    -0.007525
2338.479018 -0.044149 0.923830    -0.007529
2338.479209 -0.043957 0.923882    -0.007533
2338.479401 -0.043766 0.923934    -0.007538
2338.479592 -0.043574 0.923986    -0.007542
2338.479784 -0.043383 0.924039    -0.007546
2338.479975 -0.043191 0.924091    -0.007550
2338.480167 -0.043000 0.924143    -0.007554
2338.480358 -0.042808 0.924196    -0.007558
2338.480550 -0.042617 0.924248    -0.007562
2338.480741 -0.042425 0.924300    -0.007566
2338.480933 -0.042234 0.924353    -0.007571
2338.481124 -0.042042 0.924405    -0.007575
2338.481316 -0.041851 0.924457    -0.007579
2338.481507 -0.041659 0.924510    -0.007582
2338.481699 -0.041468 0.924562    -0.007586
2338.481890 -0.041276 0.924614    -0.007590
2338.482082 -0.041085 0.924667    -0.007594
2338.482273 -0.040893 0.924719    -0.007598
2338.482465 -0.040702 0.924771    -0.007602
2338.482656 -0.040510 0.924824    -0.007606
2338.482848 -0.040319 0.924876    -0.007610
2338.483039 -0.040127 0.924928    -0.007613
2338.483231 -0.039936 0.924981    -0.007617
2338.483422 -0.039744 0.925033    -0.007621
2338.483614 -0.039553 0.925085    -0.007624
2338.483805 -0.039361 0.925138    -0.007628
2338.483997 -0.039170 0.925190    -0.007632
2338.484188 -0.038978 0.925242    -0.007635
2338.484380 -0.038787 0.925295    -0.007639
2338.484571 -0.038595 0.925347    -0.007643
2338.484763 -0.038404 0.925399    -0.007646
2338.484954 -0.038212 0.925452    -0.007650
2338.485146 -0.038021 0.925504    -0.007653
2338.485337 -0.037829 0.925556    -0.007657
2338.485529 -0.037638 0.925608    -0.007660
2338.485720 -0.037446 0.925661    -0.007664
2338.485912 -0.037255 0.925713    -0.007667
2338.486103 -0.037063 0.925765    -0.007671
2338.486295 -0.036872 0.925818    -0.007674
2338.486486 -0.036680 0.925870    -0.007677
2338.486678 -0.036489 0.925922    -0.007681
2338.486869 -0.036297 0.925975    -0.007684
2338.487061 -0.036106 0.926027    -0.007687
2338.487252 -0.035914 0.926079    -0.007691
2338.487444 -0.035723 0.926132    -0.007694
2338.487635 -0.035531 0.926184    -0.007697
2338.487827 -0.035340 0.926236    -0.007700
2338.488018 -0.035148 0.926289    -0.007703
2338.488210 -0.034957 0.926341    -0.007707
2338.488401 -0.034765 0.926393    -0.007710
2338.488593 -0.034574 0.926446    -0.007713
2338.488784 -0.034382 0.926498    -0.007716
2338.488976 -0.034191 0.926550    -0.007719
2338.489167 -0.033999 0.926603    -0.007722
2338.489359 -0.033808 0.926655    -0.007725
2338.489550 -0.033616 0.926707    -0.007728
2338.489742 -0.033425 0.926760    -0.007731
2338.489933 -0.033233 0.926812    -0.007734
2338.490125 -0.033042 0.926864    -0.007737
2338.490316 -0.032850 0.926917    -0.007740
2338.490508 -0.032659 0.926969    -0.007743
2338.490699 -0.032467 0.927021    -0.007746
2338.490891 -0.032276 0.927074    -0.007749
2338.491082 -0.032084 0.927126    -0.007752
2338.491274 -0.031893 0.927178    -0.007755
2338.491465 -0.031701 0.927231    -0.007757
2338.491657 -0.031510 0.927283    -0.007760
2338.491848 -0.031318 0.927335    -0.007763
2338.492040 -0.031127 0.927387    -0.007766
2338.492231 -0.030935 0.927440    -0.007768
2338.492423 -0.030744 0.927492    -0.007771
2338.492614 -0.030552 0.927544    -0.007774
2338.492806 -0.030361 0.927597    -0.007777
2338.492997 -0.030169 0.927649    -0.007779
2338.493189 -0.029978 0.927701    -0.007782
2338.493380 -0.029786 0.927754    -0.007784
2338.493572 -0.029595 0.927806    -0.007787
2338.493763 -0.029403 0.927858    -0.007790
2338.493955 -0.029212 0.927911    -0.007792
2338.494146 -0.029020 0.927963    -0.007795
2338.494338 -0.028829 0.928015    -0.007797
2338.494529 -0.028637 0.928068    -0.007800
2338.494721 -0.028446 0.928120    -0.007802
2338.494912 -0.028254 0.928172    -0.007805
2338.495104 -0.028063 0.928225    -0.007807
2338.495295 -0.027871 0.928277    -0.007810
2338.495487 -0.027680 0.928329    -0.007812
2338.495678 -0.027488 0.928382    -0.007814
2338.495870 -0.027297 0.928434    -0.007817
2338.496062 -0.027105 0.928486    -0.007819
2338.496253 -0.026914 0.928539    -0.007822
2338.496445 -0.026722 0.928591    -0.007824
2338.496636 -0.026531 0.928643    -0.007826
2338.496828 -0.026339 0.928696    -0.007828
2338.497019 -0.026148 0.928748    -0.007831
2338.497211 -0.025956 0.928800    -0.007833
2338.497402 -0.025765 0.928853    -0.007835
2338.497594 -0.025573 0.928905    -0.007837
2338.497785 -0.025382 0.928957    -0.007840
2338.497977 -0.025190 0.929009    -0.007842
2338.498168 -0.024999 0.929062    -0.007844
2338.498360 -0.024807 0.929114    -0.007846
2338.498551 -0.024616 0.929166    -0.007848
2338.498743 -0.024424 0.929219    -0.007850
2338.498934 -0.024233 0.929271    -0.007852
2338.499126 -0.024041 0.929323    -0.007854
2338.499317 -0.023850 0.929376    -0.007856
2338.499509 -0.023658 0.929428    -0.007859
2338.499700 -0.023467 0.929480    -0.007861
2338.499892 -0.023275 0.929533    -0.007863
2338.500083 -0.023084 0.929585    -0.007864
2338.500275 -0.022892 0.929637    -0.007866
2338.500466 -0.022701 0.929690    -0.007868
2338.500658 -0.022509 0.929742    -0.007870
2338.500849 -0.022318 0.929794    -0.007872
2338.501041 -0.022126 0.929847    -0.007874
2338.501232 -0.021935 0.929899    -0.007876
2338.501424 -0.021743 0.929951    -0.007878
2338.501615 -0.021552 0.930004    -0.007880
2338.501807 -0.021360 0.930056    -0.007881
2338.501998 -0.021169 0.930108    -0.007883
2338.502190 -0.020977 0.930161    -0.007885
2338.502381 -0.020786 0.930213    -0.007887
2338.502573 -0.020594 0.930265    -0.007889
2338.502764 -0.020403 0.930318    -0.007890
2338.502956 -0.020211 0.930370    -0.007892
2338.503147 -0.020020 0.930422    -0.007894
2338.503339 -0.019828 0.930475    -0.007895
2338.503530 -0.019637 0.930527    -0.007897
2338.503722 -0.019445 0.930579    -0.007899
2338.503913 -0.019254 0.930631    -0.007900
2338.504105 -0.019062 0.930684    -0.007902
2338.504296 -0.018871 0.930736    -0.007904
2338.504488 -0.018679 0.930788    -0.007905
2338.504679 -0.018488 0.930841    -0.007907
2338.504871 -0.018296 0.930893    -0.007908
2338.505062 -0.018105 0.930945    -0.007910
2338.505254 -0.017913 0.930998    -0.007911
2338.505445 -0.017722 0.931050    -0.007913
2338.505637 -0.017530 0.931102    -0.007914
2338.505828 -0.017339 0.931155    -0.007916
2338.506020 -0.017147 0.931207    -0.007917
2338.506211 -0.016956 0.931259    -0.007919
2338.506403 -0.016764 0.931312    -0.007920
2338.506594 -0.016573 0.931364    -0.007921
2338.506786 -0.016381 0.931416    -0.007923
2338.506977 -0.016190 0.931469    -0.007924
2338.507169 -0.015998 0.931521    -0.007925
2338.507360 -0.015807 0.931573    -0.007927
2338.507552 -0.015615 0.931626    -0.007928
2338.507743 -0.015424 0.931678    -0.007929
2338.507935 -0.015232 0.931730    -0.007931
2338.508126 -0.015040 0.931783    -0.007932
2338.508318 -0.014849 0.931835    -0.007933
2338.508509 -0.014657 0.931887    -0.007934
2338.508701 -0.014466 0.931940    -0.007936
2338.508892 -0.014274 0.931992    -0.007937
2338.509084 -0.014083 0.932044    -0.007938
2338.509275 -0.013891 0.932097    -0.007939
2338.509467 -0.013700 0.932149    -0.007940
2338.509658 -0.013508 0.932201    -0.007941
2338.509850 -0.013317 0.932254    -0.007942
2338.510041 -0.013125 0.932306    -0.007944
2338.510233 -0.012934 0.932358    -0.007945
2338.510424 -0.012742 0.932410    -0.007946
2338.510616 -0.012551 0.932463    -0.007947
2338.510807 -0.012359 0.932515    -0.007948
2338.510999 -0.012168 0.932567    -0.007949
2338.511190 -0.011976 0.932620    -0.007950
2338.511382 -0.011785 0.932672    -0.007951
2338.511573 -0.011593 0.932724    -0.007952
2338.511765 -0.011402 0.932777    -0.007953
2338.511956 -0.011210 0.932829    -0.007954
2338.512148 -0.011019 0.932881    -0.007955
2338.512339 -0.010827 0.932934    -0.007955
2338.512531 -0.010636 0.932986    -0.007956
2338.512722 -0.010444 0.933038    -0.007957
2338.512914 -0.010253 0.933091    -0.007958
2338.513105 -0.010061 0.933143    -0.007959
2338.513297 -0.009870 0.933195    -0.007960
2338.513488 -0.009678 0.933248    -0.007960
2338.513680 -0.009487 0.933300    -0.007961
2338.513871 -0.009295 0.933352    -0.007962
2338.514063 -0.009104 0.933405    -0.007963
2338.514254 -0.008912 0.933457    -0.007964
2338.514446 -0.008721 0.933509    -0.007964
2338.514637 -0.008529 0.933562    -0.007965
2338.514829 -0.008338 0.933614    -0.007966
2338.515020 -0.008146 0.933666    -0.007966
2338.515212 -0.007955 0.933719    -0.007967
2338.515403 -0.007763 0.933771    -0.007968
2338.515595 -0.007572 0.933823    -0.007968
2338.515786 -0.007380 0.933876    -0.007969
2338.515978 -0.007189 0.933928    -0.007969
2338.516169 -0.006997 0.933980    -0.007970
2338.516361 -0.006806 0.934032    -0.007971
2338.516552 -0.006614 0.934085    -0.007971
2338.516744 -0.006423 0.934137    -0.007972
2338.516935 -0.006231 0.934189    -0.007972
2338.517127 -0.006040 0.934242    -0.007973
2338.517318 -0.005848 0.934294    -0.007973
2338.517510 -0.005657 0.934346    -0.007974
2338.517701 -0.005465 0.934399    -0.007974
2338.517893 -0.005274 0.934451    -0.007975
2338.518084 -0.005082 0.934503    -0.007975
2338.518276 -0.004891 0.934556    -0.007975
2338.518467 -0.004699 0.934608    -0.007976
2338.518659 -0.004508 0.934660    -0.007976
2338.518850 -0.004316 0.934713    -0.007977
2338.519042 -0.004125 0.934765    -0.007977
2338.519233 -0.003933 0.934817    -0.007977
2338.519425 -0.003742 0.934870    -0.007978
2338.519616 -0.003550 0.934922    -0.007978
2338.519808 -0.003359 0.934974    -0.007978
2338.519999 -0.003167 0.935027    -0.007978
2338.520191 -0.002976 0.935079    -0.007979
2338.520382 -0.002784 0.935131    -0.007979
2338.520574 -0.002593 0.935184    -0.007979
2338.520765 -0.002401 0.935236    -0.007979
2338.520957 -0.002210 0.935288    -0.007979
2338.521148 -0.002018 0.935341    -0.007980
2338.521340 -0.001827 0.935393    -0.007980
2338.521531 -0.001635 0.935445    -0.007980
2338.521723 -0.001444 0.935498    -0.007980
2338.521914 -0.001252 0.935550    -0.007980
2338.522106 -0.001061 0.935602    -0.007980
2338.522297 -0.000869 0.935654    -0.007980
2338.522489 -0.000678 0.935707    -0.007980
2338.522680 -0.000486 0.935759    -0.007980
2338.522872 -0.000295 0.935811    -0.007980
2338.523063 -0.000103 0.935864    -0.007980
2338.523255 0.000088 0.935916    -0.007980
2338.523446 0.000280 0.935968    -0.007980
2338.523638 0.000471 0.936021    -0.007980
2338.523829 0.000663 0.936073    -0.007980
2338.524021 0.000854 0.936125    -0.007980
2338.524212 0.001046 0.936178    -0.007980
2338.524404 0.001237 0.936230    -0.007980
2338.524595 0.001429 0.936282    -0.007980
2338.524787 0.001620 0.936335    -0.007980
2338.524978 0.001812 0.936387    -0.007980
2338.525170 0.002003 0.936439    -0.007980
2338.525361 0.002195 0.936492    -0.007979
2338.525553 0.002386 0.936544    -0.007979
2338.525744 0.002578 0.936596    -0.007979
2338.525936 0.002769 0.936649    -0.007979
2338.526127 0.002961 0.936701    -0.007979
2338.526319 0.003152 0.936753    -0.007978
2338.526510 0.003344 0.936806    -0.007978
2338.526702 0.003535 0.936858    -0.007978
2338.526894 0.003727 0.936910    -0.007978
2338.527085 0.003918 0.936963    -0.007977
2338.527277 0.004110 0.937015    -0.007977
2338.527468 0.004301 0.937067    -0.007977
2338.527660 0.004493 0.937120    -0.007976
2338.527851 0.004684 0.937172    -0.007976
2338.528043 0.004876 0.937224    -0.007975
2338.528234 0.005067 0.937276    -0.007975
2338.528426 0.005259 0.937329    -0.007975
2338.528617 0.005450 0.937381    -0.007974
2338.528809 0.005642 0.937433    -0.007974
2338.529000 0.005833 0.937486    -0.007973
2338.529192 0.006025 0.937538    -0.007973
2338.529383 0.006216 0.937590    -0.007972
2338.529575 0.006408 0.937643    -0.007972
2338.529766 0.006599 0.937695    -0.007971
2338.529958 0.006791 0.937747    -0.007971
2338.530149 0.006982 0.937800    -0.007970
2338.530341 0.007174 0.937852    -0.007969
2338.530532 0.007365 0.937904    -0.007969
2338.530724 0.007557 0.937957    -0.007968
2338.530915 0.007748 0.938009    -0.007968
2338.531107 0.007940 0.938061    -0.007967
2338.531298 0.008131 0.938114    -0.007966
2338.531490 0.008323 0.938166    -0.007966
2338.531681 0.008514 0.938218    -0.007965
2338.531873 0.008706 0.938271    -0.007964
2338.532064 0.008897 0.938323    -0.007963
2338.532256 0.009089 0.938375    -0.007963
2338.532447 0.009280 0.938428    -0.007962
2338.532639 0.009472 0.938480    -0.007961
2338.532830 0.009663 0.938532    -0.007960
2338.533022 0.009855 0.938585    -0.007960
2338.533213 0.010046 0.938637    -0.007959
2338.533405 0.010238 0.938689    -0.007958
2338.533596 0.010429 0.938742    -0.007957
2338.533788 0.010621 0.938794    -0.007956
2338.533979 0.010812 0.938846    -0.007955
2338.534171 0.011004 0.938899    -0.007954
2338.534362 0.011195 0.938951    -0.007954
2338.534554 0.011387 0.939003    -0.007953
2338.534745 0.011578 0.939055    -0.007952
2338.534937 0.011770 0.939108    -0.007951
2338.535128 0.011961 0.939160    -0.007950
2338.535320 0.012153 0.939212    -0.007949
2338.535511 0.012344 0.939265    -0.007948
2338.535703 0.012536 0.939317    -0.007947
2338.535894 0.012727 0.939369    -0.007946
2338.536086 0.012919 0.939422    -0.007945
2338.536277 0.013110 0.939474    -0.007943
2338.536469 0.013302 0.939526    -0.007942
2338.536660 0.013493 0.939579    -0.007941
2338.536852 0.013685 0.939631    -0.007940
2338.537043 0.013876 0.939683    -0.007939
2338.537235 0.014068 0.939736    -0.007938
2338.537426 0.014259 0.939788    -0.007937
2338.537618 0.014451 0.939840    -0.007935
2338.537809 0.014642 0.939893    -0.007934
2338.538001 0.014834 0.939945    -0.007933
2338.538192 0.015025 0.939997    -0.007932
2338.538384 0.015217 0.940050    -0.007930
2338.538575 0.015408 0.940102    -0.007929
2338.538767 0.015600 0.940154    -0.007928
2338.538958 0.015791 0.940207    -0.007927
2338.539150 0.015983 0.940259    -0.007925
2338.539341 0.016175 0.940311    -0.007924
2338.539533 0.016366 0.940364    -0.007923
2338.539724 0.016558 0.940416    -0.007921
2338.539916 0.016749 0.940468    -0.007920
2338.540107 0.016941 0.940521    -0.007918
2338.540299 0.017132 0.940573    -0.007917
2338.540490 0.017324 0.940625    -0.007916
2338.540682 0.017515 0.940677    -0.007914
2338.540873 0.017707 0.940730    -0.007913
2338.541065 0.017898 0.940782    -0.007911
2338.541256 0.018090 0.940834    -0.007910
2338.541448 0.018281 0.940887    -0.007908
2338.541639 0.018473 0.940939    -0.007906
2338.541831 0.018664 0.940991    -0.007905
2338.542022 0.018856 0.941044    -0.007903
2338.542214 0.019047 0.941096    -0.007902
2338.542405 0.019239 0.941148    -0.007900
2338.542597 0.019430 0.941201    -0.007899
2338.542788 0.019622 0.941253    -0.007897
2338.542980 0.019813 0.941305    -0.007895
2338.543171 0.020005 0.941358    -0.007894
2338.543363 0.020196 0.941410    -0.007892
2338.543554 0.020388 0.941462    -0.007890
2338.543746 0.020579 0.941515    -0.007888
2338.543937 0.020771 0.941567    -0.007887
2338.544129 0.020962 0.941619    -0.007885
2338.544320 0.021154 0.941672    -0.007883
2338.544512 0.021345 0.941724    -0.007881
2338.544703 0.021537 0.941776    -0.007879
2338.544895 0.021728 0.941829    -0.007878
2338.545086 0.021920 0.941881    -0.007876
2338.545278 0.022111 0.941933    -0.007874
2338.545469 0.022303 0.941986    -0.007872
2338.545661 0.022494 0.942038    -0.007870
2338.545852 0.022686 0.942090    -0.007868
2338.546044 0.022877 0.942143    -0.007866
2338.546235 0.023069 0.942195    -0.007864
2338.546427 0.023260 0.942247    -0.007862
2338.546618 0.023452 0.942299    -0.007860
2338.546810 0.023643 0.942352    -0.007858
2338.547001 0.023835 0.942404    -0.007856
2338.547193 0.024026 0.942456    -0.007854
2338.547384 0.024218 0.942509    -0.007852
2338.547576 0.024409 0.942561    -0.007850
2338.547767 0.024601 0.942613    -0.007848
2338.547959 0.024792 0.942666    -0.007846
2338.548150 0.024984 0.942718    -0.007844
2338.548342 0.025175 0.942770    -0.007842
2338.548533 0.025367 0.942823    -0.007839
2338.548725 0.025558 0.942875    -0.007837
2338.548916 0.025750 0.942927    -0.007835
2338.549108 0.025941 0.942980    -0.007833
2338.549299 0.026133 0.943032    -0.007830
2338.549491 0.026324 0.943084    -0.007828
2338.549682 0.026516 0.943137    -0.007826
2338.549874 0.026707 0.943189    -0.007824
2338.550065 0.026899 0.943241    -0.007821
2338.550257 0.027090 0.943294    -0.007819
2338.550448 0.027282 0.943346    -0.007817
2338.550640 0.027473 0.943398    -0.007814
2338.550831 0.027665 0.943451    -0.007812
2338.551023 0.027856 0.943503    -0.007809
2338.551214 0.028048 0.943555    -0.007807
2338.551406 0.028239 0.943608    -0.007804
2338.551597 0.028431 0.943660    -0.007802
2338.551789 0.028622 0.943712    -0.007800
2338.551980 0.028814 0.943765    -0.007797
2338.552172 0.029005 0.943817    -0.007794
2338.552363 0.029197 0.943869    -0.007792
2338.552555 0.029388 0.943921    -0.007789
2338.552746 0.029580 0.943974    -0.007787
2338.552938 0.029771 0.944026    -0.007784
2338.553129 0.029963 0.944078    -0.007782
2338.553321 0.030154 0.944131    -0.007779
2338.553512 0.030346 0.944183    -0.007776
2338.553704 0.030537 0.944235    -0.007774
2338.553895 0.030729 0.944288    -0.007771
2338.554087 0.030920 0.944340    -0.007768
2338.554278 0.031112 0.944392    -0.007765
2338.554470 0.031303 0.944445    -0.007763
2338.554661 0.031495 0.944497    -0.007760
2338.554853 0.031686 0.944549    -0.007757
2338.555044 0.031878 0.944602    -0.007754
2338.555236 0.032069 0.944654    -0.007751
2338.555427 0.032261 0.944706    -0.007748
2338.555619 0.032452 0.944759    -0.007746
2338.555810 0.032644 0.944811    -0.007743
2338.556002 0.032835 0.944863    -0.007740
2338.556193 0.033027 0.944916    -0.007737
2338.556385 0.033218 0.944968    -0.007734
2338.556576 0.033410 0.945020    -0.007731
2338.556768 0.033601 0.945073    -0.007728
2338.556959 0.033793 0.945125    -0.007725
2338.557151 0.033984 0.945177    -0.007722
2338.557342 0.034176 0.945230    -0.007719
2338.557534 0.034367 0.945282    -0.007716
2338.557725 0.034559 0.945334    -0.007712
2338.557917 0.034750 0.945387    -0.007709
2338.558109 0.034942 0.945439    -0.007706
2338.558300 0.035133 0.945491    -0.007703
2338.558492 0.035325 0.945544    -0.007700
2338.558683 0.035516 0.945596    -0.007697
2338.558875 0.035708 0.945648    -0.007693
2338.559066 0.035899 0.945700    -0.007690
2338.559258 0.036091 0.945753    -0.007687
2338.559449 0.036282 0.945805    -0.007684
2338.559641 0.036474 0.945857    -0.007680
2338.559832 0.036665 0.945910    -0.007677
2338.560024 0.036857 0.945962    -0.007674
2338.560215 0.037048 0.946014    -0.007670
2338.560407 0.037240 0.946067    -0.007667
2338.560598 0.037431 0.946119    -0.007663
2338.560790 0.037623 0.946171    -0.007660
2338.560981 0.037814 0.946224    -0.007656
2338.561173 0.038006 0.946276    -0.007653
2338.561364 0.038197 0.946328    -0.007649
2338.561556 0.038389 0.946381    -0.007646
2338.561747 0.038580 0.946433    -0.007642
2338.561939 0.038772 0.946485    -0.007639
2338.562130 0.038963 0.946538    -0.007635
2338.562322 0.039155 0.946590    -0.007631
2338.562513 0.039346 0.946642    -0.007628
2338.562705 0.039538 0.946695    -0.007624
2338.562896 0.039729 0.946747    -0.007620
2338.563088 0.039921 0.946799    -0.007617
2338.563279 0.040112 0.946852    -0.007613
2338.563471 0.040304 0.946904    -0.007609
2338.563662 0.040495 0.946956    -0.007605
2338.563854 0.040687 0.947009    -0.007601
2338.564045 0.040878 0.947061    -0.007598
2338.564237 0.041070 0.947113    -0.007594
2338.564428 0.041261 0.947166    -0.007590
2338.564620 0.041453 0.947218    -0.007586
2338.564811 0.041644 0.947270    -0.007582
2338.565003 0.041836 0.947322    -0.007578
2338.565194 0.042027 0.947375    -0.007574
2338.565386 0.042219 0.947427    -0.007570
2338.565577 0.042410 0.947479    -0.007566
2338.565769 0.042602 0.947532    -0.007562
2338.565960 0.042793 0.947584    -0.007558
2338.566152 0.042985 0.947636    -0.007554
2338.566343 0.043176 0.947689    -0.007550
2338.566535 0.043368 0.947741    -0.007545
2338.566726 0.043559 0.947793    -0.007541
2338.566918 0.043751 0.947846    -0.007537
2338.567109 0.043942 0.947898    -0.007533
2338.567301 0.044134 0.947950    -0.007528
2338.567492 0.044325 0.948003    -0.007524
2338.567684 0.044517 0.948055    -0.007520
2338.567875 0.044708 0.948107    -0.007516
2338.568067 0.044900 0.948160    -0.007511
2338.568258 0.045091 0.948212    -0.007507
2338.568450 0.045283 0.948264    -0.007502
2338.568641 0.045474 0.948317    -0.007498
2338.568833 0.045666 0.948369    -0.007493
2338.569024 0.045857 0.948421    -0.007489
2338.569216 0.046049 0.948474    -0.007484
2338.569407 0.046240 0.948526    -0.007480
2338.569599 0.046432 0.948578    -0.007475
2338.569790 0.046623 0.948631    -0.007471
2338.569982 0.046815 0.948683    -0.007466
2338.570173 0.047007 0.948735    -0.007461
2338.570365 0.047198 0.948788    -0.007457
2338.570556 0.047390 0.948840    -0.007452
2338.570748 0.047581 0.948892    -0.007447
2338.570939 0.047773 0.948944    -0.007442
2338.571131 0.047964 0.948997    -0.007438
2338.571322 0.048156 0.949049    -0.007433
2338.571514 0.048347 0.949101    -0.007428
2338.571705 0.048539 0.949154    -0.007423
2338.571897 0.048730 0.949206    -0.007418
2338.572088 0.048922 0.949258    -0.007413
2338.572280 0.049113 0.949311    -0.007408
2338.572471 0.049305 0.949363    -0.007403
2338.572663 0.049496 0.949415    -0.007398
2338.572854 0.049688 0.949468    -0.007393
2338.573046 0.049879 0.949520    -0.007388
2338.573237 0.050071 0.949572    -0.007383
2338.573429 0.050262 0.949625    -0.007377
2338.573620 0.050454 0.949677    -0.007372
2338.573812 0.050645 0.949729    -0.007367
2338.574003 0.050837 0.949782    -0.007362
2338.574195 0.051028 0.949834    -0.007356
2338.574386 0.051220 0.949886    -0.007351
2338.574578 0.051411 0.949939    -0.007346
2338.574769 0.051603 0.949991    -0.007340
2338.574961 0.051794 0.950043    -0.007335
2338.575152 0.051986 0.950096    -0.007330
2338.575344 0.052177 0.950148    -0.007324
2338.575535 0.052369 0.950200    -0.007319
2338.575727 0.052560 0.950253    -0.007313
2338.575918 0.052752 0.950305    -0.007307
2338.576110 0.052943 0.950357    -0.007302
2338.576301 0.053135 0.950410    -0.007296
2338.576493 0.053326 0.950462    -0.007290
2338.576684 0.053518 0.950514    -0.007285
2338.576876 0.053709 0.950566    -0.007279
2338.577067 0.053901 0.950619    -0.007273
2338.577259 0.054092 0.950671    -0.007267
2338.577450 0.054284 0.950723    -0.007261
2338.577642 0.054475 0.950776    -0.007256
2338.577833 0.054667 0.950828    -0.007250
2338.578025 0.054858 0.950880    -0.007244
2338.578216 0.055050 0.950933    -0.007238
2338.578408 0.055241 0.950985    -0.007232
2338.578599 0.055433 0.951037    -0.007226
2338.578791 0.055624 0.951090    -0.007219
2338.578982 0.055816 0.951142    -0.007213
2338.579174 0.056007 0.951194    -0.007207
2338.579365 0.056199 0.951247    -0.007201
2338.579557 0.056390 0.951299    -0.007195
2338.579748 0.056582 0.951351    -0.007188
2338.579940 0.056773 0.951404    -0.007182
2338.580131 0.056965 0.951456    -0.007175
2338.580323 0.057156 0.951508    -0.007169
2338.580514 0.057348 0.951561    -0.007163
2338.580706 0.057539 0.951613    -0.007156
2338.580897 0.057731 0.951665    -0.007149
2338.581089 0.057922 0.951718    -0.007143
2338.581280 0.058114 0.951770    -0.007136
2338.581472 0.058305 0.951822    -0.007130
2338.581663 0.058497 0.951875    -0.007123
2338.581855 0.058688 0.951927    -0.007116
2338.582046 0.058880 0.951979    -0.007109
2338.582238 0.059071 0.952032    -0.007102
2338.582429 0.059263 0.952084    -0.007096
2338.582621 0.059454 0.952136    -0.007089
2338.582812 0.059646 0.952189    -0.007082
2338.583004 0.059837 0.952241    -0.007075
2338.583195 0.060029 0.952293    -0.007068
2338.583387 0.060220 0.952345    -0.007060
2338.583578 0.060412 0.952398    -0.007053
2338.583770 0.060603 0.952450    -0.007046
2338.583961 0.060795 0.952502    -0.007039
2338.584153 0.060986 0.952555    -0.007031
2338.584344 0.061178 0.952607    -0.007024
2338.584536 0.061369 0.952659    -0.007017
2338.584727 0.061561 0.952712    -0.007009
2338.584919 0.061752 0.952764    -0.007002
2338.585110 0.061944 0.952816    -0.006994
2338.585302 0.062135 0.952869    -0.006987
2338.585493 0.062327 0.952921    -0.006979
2338.585685 0.062518 0.952973    -0.006971
2338.585876 0.062710 0.953026    -0.006963
2338.586068 0.062901 0.953078    -0.006956
2338.586259 0.063093 0.953130    -0.006948
2338.586451 0.063284 0.953183    -0.006940
2338.586642 0.063476 0.953235    -0.006932
2338.586834 0.063667 0.953287    -0.006924
2338.587025 0.063859 0.953340    -0.006916
2338.587217 0.064050 0.953392    -0.006908
2338.587408 0.064242 0.953444    -0.006899
2338.587600 0.064433 0.953497    -0.006891
2338.587791 0.064625 0.953549    -0.006883
2338.587983 0.064816 0.953601    -0.006874
2338.588174 0.065008 0.953654    -0.006866
2338.588366 0.065199 0.953706    -0.006857
2338.588557 0.065391 0.953758    -0.006849
2338.588749 0.065582 0.953811    -0.006840
2338.588941 0.065774 0.953863    -0.006832
2338.589132 0.065965 0.953915    -0.006823
2338.589324 0.066157 0.953967    -0.006814
2338.589515 0.066348 0.954020    -0.006805
2338.589707 0.066540 0.954072    -0.006796
2338.589898 0.066731 0.954124    -0.006787
2338.590090 0.066923 0.954177    -0.006778
2338.590281 0.067114 0.954229    -0.006769
2338.590473 0.067306 0.954281    -0.006760
2338.590664 0.067497 0.954334    -0.006750
2338.590856 0.067689 0.954386    -0.006741
2338.591047 0.067880 0.954438    -0.006731
2338.591239 0.068072 0.954491    -0.006722
2338.591430 0.068263 0.954543    -0.006712
2338.591622 0.068455 0.954595    -0.006703
2338.591813 0.068646 0.954648    -0.006693
2338.592005 0.068838 0.954700    -0.006683
2338.592196 0.069029 0.954752    -0.006673
2338.592388 0.069221 0.954805    -0.006663
2338.592579 0.069412 0.954857    -0.006653
2338.592771 0.069604 0.954909    -0.006643
2338.592962 0.069795 0.954962    -0.006633
2338.593154 0.069987 0.955014    -0.006622
2338.593345 0.070178 0.955066    -0.006612
2338.593537 0.070370 0.955119    -0.006601
2338.593728 0.070561 0.955171    -0.006591
2338.593920 0.070753 0.955223    -0.006580
2338.594111 0.070944 0.955276    -0.006569
2338.594303 0.071136 0.955328    -0.006558
2338.594494 0.071327 0.955380    -0.006547
2338.594686 0.071519 0.955433    -0.006536
2338.594877 0.071710 0.955485    -0.006525
2338.595069 0.071902 0.955537    -0.006513
2338.595260 0.072093 0.955589    -0.006502
2338.595452 0.072285 0.955642    -0.006490
2338.595643 0.072476 0.955694    -0.006479
2338.595835 0.072668 0.955746    -0.006467
2338.596026 0.072859 0.955799    -0.006455
2338.596218 0.073051 0.955851    -0.006443
2338.596409 0.073242 0.955903    -0.006431
2338.596601 0.073434 0.955956    -0.006418
2338.596792 0.073625 0.956008    -0.006406
2338.596984 0.073817 0.956060    -0.006393
2338.597175 0.074008 0.956113    -0.006380
2338.597367 0.074200 0.956165    -0.006368
2338.597558 0.074391 0.956217    -0.006355
2338.597750 0.074583 0.956270    -0.006341
2338.597941 0.074774 0.956322    -0.006328
2338.598133 0.074966 0.956374    -0.006315
2338.598324 0.075157 0.956427    -0.006301
2338.598516 0.075349 0.956479    -0.006287
2338.598707 0.075540 0.956531    -0.006273
2338.598899 0.075732 0.956584    -0.006259
2338.599090 0.075923 0.956636    -0.006244
2338.599282 0.076115 0.956688    -0.006230
2338.599473 0.076306 0.956741    -0.006215
2338.599665 0.076498 0.956793    -0.006200
2338.599856 0.076689 0.956845    -0.006185
2338.600048 0.076881 0.956898    -0.006169
2338.600239 0.077072 0.956950    -0.006153
2338.600431 0.077264 0.957002    -0.006137
2338.600622 0.077455 0.957055    -0.006121
2338.600814 0.077647 0.957107    -0.006104
2338.601005 0.077838 0.957159    -0.006087
2338.601197 0.078030 0.957212    -0.006070
2338.601388 0.078222 0.957264    -0.006052
2338.601580 0.078413 0.957316    -0.006034
2338.601771 0.078605 0.957368    -0.006015
2338.601963 0.078796 0.957421    -0.005994
2338.602154 0.078988 0.957473    -0.005962
2338.602346 0.079179 0.957525    -0.005924
2338.602537 0.079371 0.957578    -0.005881
2338.602729 0.079562 0.957630    -0.005834
2338.602920 0.079754 0.957682    -0.005784
2338.603112 0.079945 0.957735    -0.005731
2338.603303 0.080137 0.957787    -0.005675
2338.603495 0.080328 0.957839    -0.005617
2338.603686 0.080520 0.957892    -0.005557
2338.603878 0.080711 0.957944    -0.005495
2338.604069 0.080903 0.957996    -0.005432
2338.604261 0.081094 0.958049    -0.005366
2338.604452 0.081286 0.958101    -0.005299
2338.604644 0.081477 0.958153    -0.005231
2338.604835 0.081669 0.958206    -0.005161
2338.605027 0.081860 0.958258    -0.005090
2338.605218 0.082052 0.958310    -0.005018
2338.605410 0.082243 0.958363    -0.004945
2338.605601 0.082435 0.958415    -0.004870
2338.605793 0.082626 0.958467    -0.004795
2338.605984 0.082818 0.958520    -0.004719
2338.606176 0.083009 0.958572    -0.004642
2338.606367 0.083201 0.958624    -0.004565
2338.606559 0.083392 0.958677    -0.004487
2338.606750 0.083584 0.958729    -0.004408
2338.606942 0.083775 0.958781    -0.004328
2338.607133 0.083967 0.958834    -0.004248
2338.607325 0.084158 0.958886    -0.004168
2338.607516 0.084350 0.958938    -0.004087
2338.607708 0.084541 0.958990    -0.004006
2338.607899 0.084733 0.959043    -0.003924
2338.608091 0.084924 0.959095    -0.003843
2338.608282 0.085116 0.959147    -0.003761
2338.608474 0.085307 0.959200    -0.003678
2338.608665 0.085499 0.959252    -0.003596
2338.608857 0.085690 0.959304    -0.003514
2338.609048 0.085882 0.959357    -0.003431
2338.609240 0.086073 0.959409    -0.003349
2338.609431 0.086265 0.959461    -0.003266
2338.609623 0.086456 0.959514    -0.003183
2338.609814 0.086648 0.959566    -0.003101
2338.610006 0.086839 0.959618    -0.003019
2338.610197 0.087031 0.959671    -0.002937
2338.610389 0.087222 0.959723    -0.002855
2338.610580 0.087414 0.959775    -0.002773
2338.610772 0.087605 0.959828    -0.002692
2338.610963 0.087797 0.959880    -0.002611
2338.611155 0.087988 0.959932    -0.002530
2338.611346 0.088180 0.959985    -0.002450
2338.611538 0.088371 0.960037    -0.002370
2338.611729 0.088563 0.960089    -0.002290
2338.611921 0.088754 0.960142    -0.002211
2338.612112 0.088946 0.960194    -0.002133
2338.612304 0.089137 0.960246    -0.002055
2338.612495 0.089329 0.960299    -0.001978
2338.612687 0.089520 0.960351    -0.001901
2338.612878 0.089712 0.960403    -0.001826
2338.613070 0.089903 0.960456    -0.001750
2338.613261 0.090095 0.960508    -0.001676
2338.613453 0.090286 0.960560    -0.001602
2338.613644 0.090478 0.960612    -0.001529
2338.613836 0.090669 0.960665    -0.001458
2338.614027 0.090861 0.960717    -0.001387
2338.614219 0.091052 0.960769    -0.001316
2338.614410 0.091244 0.960822    -0.001247
2338.614602 0.091435 0.960874    -0.001179
2338.614793 0.091627 0.960926    -0.001112
2338.614985 0.091818 0.960979    -0.001047
2338.615176 0.092010 0.961031    -0.000982
2338.615368 0.092201 0.961083    -0.000919
2338.615559 0.092393 0.961136    -0.000857
2338.615751 0.092584 0.961188    -0.000796
2338.615942 0.092776 0.961240    -0.000736
2338.616134 0.092967 0.961293    -0.000679
2338.616325 0.093159 0.961345    -0.000622
2338.616517 0.093350 0.961397    -0.000567
2338.616708 0.093542 0.961450    -0.000514
2338.616900 0.093733 0.961502    -0.000463
2338.617091 0.093925 0.961554    -0.000413
2338.617283 0.094116 0.961607    -0.000365
2338.617474 0.094308 0.961659    -0.000319
2338.617666 0.094499 0.961711    -0.000276
2338.617857 0.094691 0.961764    -0.000234
2338.618049 0.094882 0.961816    -0.000195
2338.618240 0.095074 0.961868    -0.000158
2338.618432 0.095265 0.961921    -0.000124
2338.618623 0.095457 0.961973    -0.000093
2338.618815 0.095648 0.962025    -0.000065
2338.619006 0.095840 0.962078    -0.000041
2338.619198 0.096031 0.962130    -0.000021
2338.619389 0.096223 0.962182    -0.000006
2338.619581 0.096414 0.962234     0.000000
2338.619772 0.096606 0.962287     0.000000
2338.619964 0.096797 0.962339     0.000000
2338.620156 0.096989 0.962391     0.000000
2338.620347 0.097180 0.962444     0.000000
2338.620539 0.097372 0.962496     0.000000
2338.620730 0.097563 0.962548     0.000000
2338.620922 0.097755 0.962601     0.000000
2338.621113 0.097946 0.962653     0.000000
2338.621305 0.098138 0.962705     0.000000
2338.621496 0.098329 0.962758     0.000000
2338.621688 0.098521 0.962810     0.000000
2338.621879 0.098712 0.962862     0.000000
2338.622071 0.098904 0.962915     0.000000
2338.622262 0.099095 0.962967     0.000000
2338.622454 0.099287 0.963019     0.000000
2338.622645 0.099478 0.963072     0.000000
2338.622837 0.099670 0.963124     0.000000
2338.623028 0.099861 0.963176     0.000000
2338.623220 0.100053 0.963229     0.000000
2338.623411 0.100244 0.963281     0.000000
2338.623603 0.100436 0.963333     0.000000
2338.623794 0.100627 0.963386     0.000000
2338.623986 0.100819 0.963438     0.000000
2338.624177 0.101010 0.963490     0.000000
2338.624369 0.101202 0.963543     0.000000
2338.624560 0.101393 0.963595     0.000000
2338.624752 0.101585 0.963647     0.000000
2338.624943 0.101776 0.963700     0.000000
2338.625135 0.101968 0.963752     0.000000
2338.625326 0.102159 0.963804     0.000000
2338.625518 0.102351 0.963857     0.000000
2338.625709 0.102542 0.963909     0.000000
2338.625901 0.102734 0.963961     0.000000
2338.626092 0.102925 0.964013     0.000000
2338.626284 0.103117 0.964066     0.000000
2338.626475 0.103308 0.964118     0.000000
2338.626667 0.103500 0.964170     0.000000
2338.626858 0.103691 0.964223     0.000000
2338.627050 0.103883 0.964275     0.000000
2338.627241 0.104074 0.964327     0.000000
2338.627433 0.104266 0.964380     0.000000
2338.627624 0.104457 0.964432     0.000000
2338.627816 0.104649 0.964484     0.000000
2338.628007 0.104840 0.964537     0.000000
2338.628199 0.105032 0.964589     0.000000
2338.628390 0.105223 0.964641     0.000000
2338.628582 0.105415 0.964694     0.000000
2338.628773 0.105606 0.964746     0.000000
2338.628965 0.105798 0.964798     0.000000
2338.629156 0.105989 0.964851     0.000000
2338.629348 0.106181 0.964903     0.000000
2338.629539 0.106372 0.964955     0.000000
2338.629731 0.106564 0.965008     0.000000
2338.629922 0.106755 0.965060     0.000000
2338.630114 0.106947 0.965112     0.000000
2338.630305 0.107138 0.965165     0.000000
2338.630497 0.107330 0.965217     0.000000
2338.630688 0.107521 0.965269     0.000000
2338.630880 0.107713 0.965322     0.000000
2338.631071 0.107904 0.965374     0.000000
2338.631263 0.108096 0.965426     0.000000
2338.631454 0.108287 0.965479     0.000000
2338.631646 0.108479 0.965531     0.000000
2338.631837 0.108670 0.965583     0.000000
2338.632029 0.108862 0.965635     0.000000
2338.632220 0.109054 0.965688     0.000000
2338.632412 0.109245 0.965740     0.000000
2338.632603 0.109437 0.965792     0.000000
2338.632795 0.109628 0.965845     0.000000
2338.632986 0.109820 0.965897     0.000000
2338.633178 0.110011 0.965949     0.000000
2338.633369 0.110203 0.966002     0.000000
2338.633561 0.110394 0.966054     0.000000
2338.633752 0.110586 0.966106     0.000000
2338.633944 0.110777 0.966159     0.000000
2338.634135 0.110969 0.966211     0.000000
2338.634327 0.111160 0.966263     0.000000
2338.634518 0.111352 0.966316     0.000000
2338.634710 0.111543 0.966368     0.000000
2338.634901 0.111735 0.966420     0.000000
2338.635093 0.111926 0.966473     0.000000
2338.635284 0.112118 0.966525     0.000000
2338.635476 0.112309 0.966577     0.000000
2338.635667 0.112501 0.966630     0.000000
2338.635859 0.112692 0.966682     0.000000
2338.636050 0.112884 0.966734     0.000000
2338.636242 0.113075 0.966787     0.000000
2338.636433 0.113267 0.966839     0.000000
2338.636625 0.113458 0.966891     0.000000
2338.636816 0.113650 0.966944     0.000000
2338.637008 0.113841 0.966996     0.000000
2338.637199 0.114033 0.967048     0.000000
2338.637391 0.114224 0.967101     0.000000
2338.637582 0.114416 0.967153     0.000000
2338.637774 0.114607 0.967205     0.000000
2338.637965 0.114799 0.967257     0.000000
2338.638157 0.114990 0.967310     0.000000
2338.638348 0.115182 0.967362     0.000000
2338.638540 0.115373 0.967414     0.000000
2338.638731 0.115565 0.967467     0.000000
2338.638923 0.115756 0.967519     0.000000
2338.639114 0.115948 0.967571     0.000000
2338.639306 0.116139 0.967624     0.000000
2338.639497 0.116331 0.967676     0.000000
2338.639689 0.116522 0.967728     0.000000
2338.639880 0.116714 0.967781     0.000000
2338.640072 0.116905 0.967833     0.000000
2338.640263 0.117097 0.967885     0.000000
2338.640455 0.117288 0.967938     0.000000
2338.640646 0.117480 0.967990     0.000000
2338.640838 0.117671 0.968042     0.000000
2338.641029 0.117863 0.968095     0.000000
2338.641221 0.118054 0.968147     0.000000
2338.641412 0.118246 0.968199     0.000000
2338.641604 0.118437 0.968252     0.000000
2338.641795 0.118629 0.968304     0.000000
2338.641987 0.118820 0.968356     0.000000
2338.642178 0.119012 0.968409     0.000000
2338.642370 0.119203 0.968461     0.000000
2338.642561 0.119395 0.968513     0.000000
2338.642753 0.119586 0.968566     0.000000
2338.642944 0.119778 0.968618     0.000000
2338.643136 0.119969 0.968670     0.000000
2338.643327 0.120161 0.968723     0.000000
2338.643519 0.120352 0.968775     0.000000
2338.643710 0.120544 0.968827     0.000000
2338.643902 0.120735 0.968879     0.000000
2338.644093 0.120927 0.968932     0.000000
2338.644285 0.121118 0.968984     0.000000
2338.644476 0.121310 0.969036     0.000000
2338.644668 0.121501 0.969089     0.000000
2338.644859 0.121693 0.969141     0.000000
2338.645051 0.121884 0.969193     0.000000
2338.645242 0.122076 0.969246     0.000000
2338.645434 0.122267 0.969298     0.000000
2338.645625 0.122459 0.969350     0.000000
2338.645817 0.122650 0.969403     0.000000
2338.646008 0.122842 0.969455     0.000000
2338.646200 0.123033 0.969507     0.000000
2338.646391 0.123225 0.969560     0.000000
2338.646583 0.123416 0.969612     0.000000
2338.646774 0.123608 0.969664     0.000000
2338.646966 0.123799 0.969717     0.000000
2338.647157 0.123991 0.969769     0.000000
2338.647349 0.124182 0.969821     0.000000
2338.647540 0.124374 0.969874     0.000000
2338.647732 0.124565 0.969926     0.000000
2338.647923 0.124757 0.969978     0.000000
2338.648115 0.124948 0.970031     0.000000
2338.648306 0.125140 0.970083     0.000000
2338.648498 0.125331 0.970135     0.000000
2338.648689 0.125523 0.970188     0.000000
2338.648881 0.125714 0.970240     0.000000
2338.649072 0.125906 0.970292     0.000000
2338.649264 0.126097 0.970345     0.000000
2338.649455 0.126289 0.970397     0.000000
2338.649647 0.126480 0.970449     0.000000
2338.649838 0.126672 0.970502     0.000000
2338.650030 0.126863 0.970554     0.000000
2338.650221 0.127055 0.970606     0.000000
2338.650413 0.127246 0.970658     0.000000
2338.650604 0.127438 0.970711     0.000000
2338.650796 0.127629 0.970763     0.000000
2338.650988 0.127821 0.970815     0.000000
2338.651179 0.128012 0.970868     0.000000
2338.651371 0.128204 0.970920     0.000000
2338.651562 0.128395 0.970972     0.000000
2338.651754 0.128587 0.971025     0.000000
2338.651945 0.128778 0.971077     0.000000
2338.652137 0.128970 0.971129     0.000000
2338.652328 0.129161 0.971182     0.000000
2338.652520 0.129353 0.971234     0.000000
2338.652711 0.129544 0.971286     0.000000
2338.652903 0.129736 0.971339     0.000000
2338.653094 0.129927 0.971391     0.000000
2338.653286 0.130119 0.971443     0.000000
2338.653477 0.130310 0.971496     0.000000
2338.653669 0.130502 0.971548     0.000000
2338.653860 0.130693 0.971600     0.000000
2338.654052 0.130885 0.971653     0.000000
2338.654243 0.131076 0.971705     0.000000
2338.654435 0.131268 0.971757     0.000000
2338.654626 0.131459 0.971810     0.000000
2338.654818 0.131651 0.971862     0.000000
2338.655009 0.131842 0.971914     0.000000
2338.655201 0.132034 0.971967     0.000000
2338.655392 0.132225 0.972019     0.000000
2338.655584 0.132417 0.972071     0.000000
2338.655775 0.132608 0.972124     0.000000
2338.655967 0.132800 0.972176     0.000000
2338.656158 0.132991 0.972228     0.000000
2338.656350 0.133183 0.972280     0.000000
2338.656541 0.133374 0.972333     0.000000
2338.656733 0.133566 0.972385     0.000000
2338.656924 0.133757 0.972437     0.000000
2338.657116 0.133949 0.972490     0.000000
2338.657307 0.134140 0.972542     0.000000
2338.657499 0.134332 0.972594     0.000000
2338.657690 0.134523 0.972647     0.000000
2338.657882 0.134715 0.972699     0.000000
2338.658073 0.134906 0.972751     0.000000
2338.658265 0.135098 0.972804     0.000000
2338.658456 0.135289 0.972856     0.000000
2338.658648 0.135481 0.972908     0.000000
2338.658839 0.135672 0.972961     0.000000
2338.659031 0.135864 0.973013     0.000000
2338.659222 0.136055 0.973065     0.000000
2338.659414 0.136247 0.973118     0.000000
2338.659605 0.136438 0.973170     0.000000
2338.659797 0.136630 0.973222     0.000000
2338.659988 0.136821 0.973275     0.000000
2338.660180 0.137013 0.973327     0.000000
2338.660371 0.137204 0.973379     0.000000
2338.660563 0.137396 0.973432     0.000000
2338.660754 0.137587 0.973484     0.000000
2338.660946 0.137779 0.973536     0.000000
2338.661137 0.137970 0.973589     0.000000
2338.661329 0.138162 0.973641     0.000000
2338.661520 0.138353 0.973693     0.000000
2338.661712 0.138545 0.973746     0.000000
2338.661903 0.138736 0.973798     0.000000
2338.662095 0.138928 0.973850     0.000000
2338.662286 0.139119 0.973902     0.000000
2338.662478 0.139311 0.973955     0.000000
2338.662669 0.139502 0.974007     0.000000
2338.662861 0.139694 0.974059     0.000000
2338.663052 0.139885 0.974112     0.000000
2338.663244 0.140077 0.974164     0.000000
2338.663435 0.140269 0.974216     0.000000
2338.663627 0.140460 0.974269     0.000000
2338.663818 0.140652 0.974321     0.000000
2338.664010 0.140843 0.974373     0.000000
2338.664201 0.141035 0.974426     0.000000
2338.664393 0.141226 0.974478     0.000000
2338.664584 0.141418 0.974530     0.000000
2338.664776 0.141609 0.974583     0.000000
2338.664967 0.141801 0.974635     0.000000
2338.665159 0.141992 0.974687     0.000000
2338.665350 0.142184 0.974740     0.000000
2338.665542 0.142375 0.974792     0.000000
2338.665733 0.142567 0.974844     0.000000
2338.665925 0.142758 0.974897     0.000000
2338.666116 0.142950 0.974949     0.000000
2338.666308 0.143141 0.975001     0.000000
2338.666499 0.143333 0.975054     0.000000
2338.666691 0.143524 0.975106     0.000000
2338.666882 0.143716 0.975158     0.000000
2338.667074 0.143907 0.975211     0.000000
2338.667265 0.144099 0.975263     0.000000
2338.667457 0.144290 0.975315     0.000000
2338.667648 0.144482 0.975368     0.000000
2338.667840 0.144673 0.975420     0.000000
2338.668031 0.144865 0.975472     0.000000
2338.668223 0.145056 0.975524     0.000000
2338.668414 0.145248 0.975577     0.000000
2338.668606 0.145439 0.975629     0.000000
2338.668797 0.145631 0.975681     0.000000
2338.668989 0.145822 0.975734     0.000000
2338.669180 0.146014 0.975786     0.000000
2338.669372 0.146205 0.975838     0.000000
2338.669563 0.146397 0.975891     0.000000
2338.669755 0.146588 0.975943     0.000000
2338.669946 0.146780 0.975995     0.000000
2338.670138 0.146971 0.976048     0.000000
2338.670329 0.147163 0.976100     0.000000
2338.670521 0.147354 0.976152     0.000000
2338.670712 0.147546 0.976205     0.000000
2338.670904 0.147737 0.976257     0.000000
2338.671095 0.147929 0.976309     0.000000
2338.671287 0.148120 0.976362     0.000000
2338.671478 0.148312 0.976414     0.000000
2338.671670 0.148503 0.976466     0.000000
2338.671861 0.148695 0.976519     0.000000
2338.672053 0.148886 0.976571     0.000000
2338.672244 0.149078 0.976623     0.000000
2338.672436 0.149269 0.976676     0.000000
2338.672627 0.149461 0.976728     0.000000
2338.672819 0.149652 0.976780     0.000000
2338.673010 0.149844 0.976833     0.000000
2338.673202 0.150035 0.976885     0.000000
2338.673393 0.150227 0.976937     0.000000
2338.673585 0.150418 0.976990     0.000000
2338.673776 0.150610 0.977042     0.000000
2338.673968 0.150801 0.977094     0.000000
2338.674159 0.150993 0.977147     0.000000
2338.674351 0.151184 0.977199     0.000000
2338.674542 0.151376 0.977251     0.000000
2338.674734 0.151567 0.977303     0.000000
2338.674925 0.151759 0.977356     0.000000
2338.675117 0.151950 0.977408     0.000000
2338.675308 0.152142 0.977460     0.000000
2338.675500 0.152333 0.977513     0.000000
2338.675691 0.152525 0.977565     0.000000
2338.675883 0.152716 0.977617     0.000000
2338.676074 0.152908 0.977670     0.000000
2338.676266 0.153099 0.977722     0.000000
2338.676457 0.153291 0.977774     0.000000
2338.676649 0.153482 0.977827     0.000000
2338.676840 0.153674 0.977879     0.000000
2338.677032 0.153865 0.977931     0.000000
2338.677223 0.154057 0.977984     0.000000
2338.677415 0.154248 0.978036     0.000000
2338.677606 0.154440 0.978088     0.000000
2338.677798 0.154631 0.978141     0.000000
2338.677989 0.154823 0.978193     0.000000
2338.678181 0.155014 0.978245     0.000000
2338.678372 0.155206 0.978298     0.000000
2338.678564 0.155397 0.978350     0.000000
2338.678755 0.155589 0.978402     0.000000
2338.678947 0.155780 0.978455     0.000000
2338.679138 0.155972 0.978507     0.000000
2338.679330 0.156163 0.978559     0.000000
2338.679521 0.156355 0.978612     0.000000
2338.679713 0.156546 0.978664     0.000000
2338.679904 0.156738 0.978716     0.000000
2338.680096 0.156929 0.978769     0.000000
2338.680287 0.157121 0.978821     0.000000
2338.680479 0.157312 0.978873     0.000000
2338.680670 0.157504 0.978925     0.000000
2338.680862 0.157695 0.978978     0.000000
2338.681053 0.157887 0.979030     0.000000
2338.681245 0.158078 0.979082     0.000000
2338.681436 0.158270 0.979135     0.000000
2338.681628 0.158461 0.979187     0.000000
2338.681819 0.158653 0.979239     0.000000
2338.682011 0.158844 0.979292     0.000000
2338.682203 0.159036 0.979344     0.000000
2338.682394 0.159227 0.979396     0.000000
2338.682586 0.159419 0.979449     0.000000
2338.682777 0.159610 0.979501     0.000000
2338.682969 0.159802 0.979553     0.000000
2338.683160 0.159993 0.979606     0.000000
2338.683352 0.160185 0.979658     0.000000
2338.683543 0.160376 0.979710     0.000000
2338.683735 0.160568 0.979763     0.000000
2338.683926 0.160759 0.979815     0.000000
2338.684118 0.160951 0.979867     0.000000
2338.684309 0.161142 0.979920     0.000000
2338.684501 0.161334 0.979972     0.000000
2338.684692 0.161525 0.980024     0.000000
2338.684884 0.161717 0.980077     0.000000
2338.685075 0.161908 0.980129     0.000000
2338.685267 0.162100 0.980181     0.000000
2338.685458 0.162291 0.980234     0.000000
2338.685650 0.162483 0.980286     0.000000
2338.685841 0.162674 0.980338     0.000000
2338.686033 0.162866 0.980391     0.000000
2338.686224 0.163057 0.980443     0.000000
2338.686416 0.163249 0.980495     0.000000
2338.686607 0.163440 0.980547     0.000000
2338.686799 0.163632 0.980600     0.000000
2338.686990 0.163823 0.980652     0.000000
2338.687182 0.164015 0.980704     0.000000
2338.687373 0.164206 0.980757     0.000000
2338.687565 0.164398 0.980809     0.000000
2338.687756 0.164589 0.980861     0.000000
2338.687948 0.164781 0.980914     0.000000
2338.688139 0.164972 0.980966     0.000000
2338.688331 0.165164 0.981018     0.000000
2338.688522 0.165355 0.981071     0.000000
2338.688714 0.165547 0.981123     0.000000
2338.688905 0.165738 0.981175     0.000000
2338.689097 0.165930 0.981228     0.000000
2338.689288 0.166121 0.981280     0.000000
2338.689480 0.166313 0.981332     0.000000
2338.689671 0.166504 0.981385     0.000000
2338.689863 0.166696 0.981437     0.000000
2338.690054 0.166887 0.981489     0.000000
2338.690246 0.167079 0.981542     0.000000
2338.690437 0.167270 0.981594     0.000000
2338.690629 0.167462 0.981646     0.000000
2338.690820 0.167653 0.981699     0.000000
2338.691012 0.167845 0.981751     0.000000
2338.691203 0.168036 0.981803     0.000000
2338.691395 0.168228 0.981856     0.000000
2338.691586 0.168419 0.981908     0.000000
2338.691778 0.168611 0.981960     0.000000
2338.691969 0.168802 0.982013     0.000000
2338.692161 0.168994 0.982065     0.000000
2338.692352 0.169185 0.982117     0.000000
2338.692544 0.169377 0.982169     0.000000
2338.692735 0.169568 0.982222     0.000000
2338.692927 0.169760 0.982274     0.000000
2338.693118 0.169951 0.982326     0.000000
2338.693310 0.170143 0.982379     0.000000
2338.693501 0.170334 0.982431     0.000000
2338.693693 0.170526 0.982483     0.000000
2338.693884 0.170717 0.982536     0.000000
2338.694076 0.170909 0.982588     0.000000
2338.694267 0.171101 0.982640     0.000000
2338.694459 0.171292 0.982693     0.000000
2338.694650 0.171484 0.982745     0.000000
2338.694842 0.171675 0.982797     0.000000
2338.695033 0.171867 0.982850     0.000000
2338.695225 0.172058 0.982902     0.000000
2338.695416 0.172250 0.982954     0.000000
2338.695608 0.172441 0.983007     0.000000
2338.695799 0.172633 0.983059     0.000000
2338.695991 0.172824 0.983111     0.000000
2338.696182 0.173016 0.983164     0.000000
2338.696374 0.173207 0.983216     0.000000
2338.696565 0.173399 0.983268     0.000000
2338.696757 0.173590 0.983321     0.000000
2338.696948 0.173782 0.983373     0.000000
2338.697140 0.173973 0.983425     0.000000
2338.697331 0.174165 0.983478     0.000000
2338.697523 0.174356 0.983530     0.000000
2338.697714 0.174548 0.983582     0.000000
2338.697906 0.174739 0.983635     0.000000
2338.698097 0.174931 0.983687     0.000000
2338.698289 0.175122 0.983739     0.000000
2338.698480 0.175314 0.983792     0.000000
2338.698672 0.175505 0.983844     0.000000
2338.698863 0.175697 0.983896     0.000000
2338.699055 0.175888 0.983948     0.000000
2338.699246 0.176080 0.984001     0.000000
2338.699438 0.176271 0.984053     0.000000
2338.699629 0.176463 0.984105     0.000000
2338.699821 0.176654 0.984158     0.000000
2338.700012 0.176846 0.984210     0.000000
2338.700204 0.177037 0.984262     0.000000
2338.700395 0.177229 0.984315     0.000000
2338.700587 0.177420 0.984367     0.000000
2338.700778 0.177612 0.984419     0.000000
2338.700970 0.177803 0.984472     0.000000
2338.701161 0.177995 0.984524     0.000000
2338.701353 0.178186 0.984576     0.000000
2338.701544 0.178378 0.984629     0.000000
2338.701736 0.178569 0.984681     0.000000
2338.701927 0.178761 0.984733     0.000000
2338.702119 0.178952 0.984786     0.000000
2338.702310 0.179144 0.984838     0.000000
2338.702502 0.179335 0.984890     0.000000
2338.702693 0.179527 0.984943     0.000000
2338.702885 0.179718 0.984995     0.000000
2338.703076 0.179910 0.985047     0.000000
2338.703268 0.180101 0.985100     0.000000
2338.703459 0.180293 0.985152     0.000000
2338.703651 0.180484 0.985204     0.000000
2338.703842 0.180676 0.985257     0.000000
2338.704034 0.180867 0.985309     0.000000
2338.704225 0.181059 0.985361     0.000000
2338.704417 0.181250 0.985414     0.000000
2338.704608 0.181442 0.985466     0.000000
2338.704800 0.181633 0.985518     0.000000
2338.704991 0.181825 0.985570     0.000000
2338.705183 0.182016 0.985623     0.000000
2338.705374 0.182208 0.985675     0.000000
2338.705566 0.182399 0.985727     0.000000
2338.705757 0.182591 0.985780     0.000000
2338.705949 0.182782 0.985832     0.000000
2338.706140 0.182974 0.985884     0.000000
2338.706332 0.183165 0.985937     0.000000
2338.706523 0.183357 0.985989     0.000000
2338.706715 0.183548 0.986041     0.000000
2338.706906 0.183740 0.986094     0.000000
2338.707098 0.183931 0.986146     0.000000
2338.707289 0.184123 0.986198     0.000000
2338.707481 0.184314 0.986251     0.000000
2338.707672 0.184506 0.986303     0.000000
2338.707864 0.184697 0.986355     0.000000
2338.708055 0.184889 0.986408     0.000000
2338.708247 0.185080 0.986460     0.000000
2338.708438 0.185272 0.986512     0.000000
2338.708630 0.185463 0.986565     0.000000
2338.708821 0.185655 0.986617     0.000000
2338.709013 0.185846 0.986669     0.000000
2338.709204 0.186038 0.986722     0.000000
2338.709396 0.186229 0.986774     0.000000
2338.709587 0.186421 0.986826     0.000000
2338.709779 0.186612 0.986879     0.000000
2338.709970 0.186804 0.986931     0.000000
2338.710162 0.186995 0.986983     0.000000
2338.710353 0.187187 0.987036     0.000000
2338.710545 0.187378 0.987088     0.000000
2338.710736 0.187570 0.987140     0.000000
2338.710928 0.187761 0.987192     0.000000
2338.711119 0.187953 0.987245     0.000000
2338.711311 0.188144 0.987297     0.000000
2338.711502 0.188336 0.987349     0.000000
2338.711694 0.188527 0.987402     0.000000
2338.711885 0.188719 0.987454     0.000000
2338.712077 0.188910 0.987506     0.000000
2338.712268 0.189102 0.987559     0.000000
2338.712460 0.189293 0.987611     0.000000
2338.712651 0.189485 0.987663     0.000000
2338.712843 0.189676 0.987716     0.000000
2338.713035 0.189868 0.987768     0.000000
