# time Tc_folded Tref_folded model 
2294.422180 -0.180887 0.886079     0.000000
2294.422462 -0.180605 0.886156     0.000000
2294.422745 -0.180322 0.886233     0.000000
2294.423028 -0.180039 0.886311     0.000000
2294.423310 -0.179757 0.886388     0.000000
2294.423593 -0.179474 0.886465     0.000000
2294.423876 -0.179191 0.886542     0.000000
2294.424158 -0.178909 0.886620     0.000000
2294.424441 -0.178626 0.886697     0.000000
2294.424724 -0.178343 0.886774     0.000000
2294.425006 -0.178061 0.886851     0.000000
2294.425289 -0.177778 0.886929     0.000000
2294.425572 -0.177495 0.887006     0.000000
2294.425854 -0.177213 0.887083     0.000000
2294.426137 -0.176930 0.887160     0.000000
2294.426419 -0.176647 0.887237     0.000000
2294.426702 -0.176365 0.887315     0.000000
2294.426985 -0.176082 0.887392     0.000000
2294.427267 -0.175799 0.887469     0.000000
2294.427550 -0.175517 0.887546     0.000000
2294.427833 -0.175234 0.887624     0.000000
2294.428115 -0.174951 0.887701     0.000000
2294.428398 -0.174669 0.887778     0.000000
2294.428681 -0.174386 0.887855     0.000000
2294.428963 -0.174103 0.887932     0.000000
2294.429246 -0.173821 0.888010     0.000000
2294.429529 -0.173538 0.888087     0.000000
2294.429811 -0.173255 0.888164     0.000000
2294.430094 -0.172973 0.888241     0.000000
2294.430377 -0.172690 0.888319     0.000000
2294.430659 -0.172407 0.888396     0.000000
2294.430942 -0.172125 0.888473     0.000000
2294.431225 -0.171842 0.888550     0.000000
2294.431507 -0.171559 0.888628     0.000000
2294.431790 -0.171277 0.888705     0.000000
2294.432073 -0.170994 0.888782     0.000000
2294.432355 -0.170712 0.888859     0.000000
2294.432638 -0.170429 0.888936     0.000000
2294.432921 -0.170146 0.889014     0.000000
2294.433203 -0.169864 0.889091     0.000000
2294.433486 -0.169581 0.889168     0.000000
2294.433769 -0.169298 0.889245     0.000000
2294.434051 -0.169016 0.889323     0.000000
2294.434334 -0.168733 0.889400     0.000000
2294.434617 -0.168450 0.889477     0.000000
2294.434899 -0.168168 0.889554     0.000000
2294.435182 -0.167885 0.889632     0.000000
2294.435465 -0.167602 0.889709     0.000000
2294.435747 -0.167320 0.889786     0.000000
2294.436030 -0.167037 0.889863     0.000000
2294.436313 -0.166754 0.889940     0.000000
2294.436595 -0.166472 0.890018     0.000000
2294.436878 -0.166189 0.890095     0.000000
2294.437161 -0.165906 0.890172     0.000000
2294.437443 -0.165624 0.890249     0.000000
2294.437726 -0.165341 0.890327     0.000000
2294.438009 -0.165058 0.890404     0.000000
2294.438291 -0.164776 0.890481     0.000000
2294.438574 -0.164493 0.890558     0.000000
2294.438857 -0.164210 0.890635     0.000000
2294.439139 -0.163928 0.890713     0.000000
2294.439422 -0.163645 0.890790     0.000000
2294.439705 -0.163362 0.890867     0.000000
2294.439987 -0.163080 0.890944     0.000000
2294.440270 -0.162797 0.891022     0.000000
2294.440552 -0.162514 0.891099     0.000000
2294.440835 -0.162232 0.891176     0.000000
2294.441118 -0.161949 0.891253     0.000000
2294.441400 -0.161666 0.891331     0.000000
2294.441683 -0.161384 0.891408     0.000000
2294.441966 -0.161101 0.891485     0.000000
2294.442248 -0.160818 0.891562     0.000000
2294.442531 -0.160536 0.891639     0.000000
2294.442814 -0.160253 0.891717     0.000000
2294.443096 -0.159970 0.891794     0.000000
2294.443379 -0.159688 0.891871     0.000000
2294.443662 -0.159405 0.891948     0.000000
2294.443944 -0.159122 0.892026     0.000000
2294.444227 -0.158840 0.892103     0.000000
2294.444510 -0.158557 0.892180     0.000000
2294.444792 -0.158274 0.892257     0.000000
2294.445075 -0.157992 0.892335     0.000000
2294.445358 -0.157709 0.892412     0.000000
2294.445640 -0.157426 0.892489     0.000000
2294.445923 -0.157144 0.892566     0.000000
2294.446206 -0.156861 0.892643     0.000000
2294.446488 -0.156579 0.892721     0.000000
2294.446771 -0.156296 0.892798     0.000000
2294.447054 -0.156013 0.892875     0.000000
2294.447336 -0.155731 0.892952     0.000000
2294.447619 -0.155448 0.893030     0.000000
2294.447902 -0.155165 0.893107     0.000000
2294.448184 -0.154883 0.893184     0.000000
2294.448467 -0.154600 0.893261     0.000000
2294.448750 -0.154317 0.893339     0.000000
2294.449032 -0.154035 0.893416     0.000000
2294.449315 -0.153752 0.893493     0.000000
2294.449598 -0.153469 0.893570     0.000000
2294.449880 -0.153187 0.893647     0.000000
2294.450163 -0.152904 0.893725     0.000000
2294.450446 -0.152621 0.893802     0.000000
2294.450728 -0.152339 0.893879     0.000000
2294.451011 -0.152056 0.893956     0.000000
2294.451294 -0.151773 0.894034     0.000000
2294.451576 -0.151491 0.894111     0.000000
2294.451859 -0.151208 0.894188     0.000000
2294.452142 -0.150925 0.894265     0.000000
2294.452424 -0.150643 0.894342     0.000000
2294.452707 -0.150360 0.894420     0.000000
2294.452990 -0.150077 0.894497     0.000000
2294.453272 -0.149795 0.894574     0.000000
2294.453555 -0.149512 0.894651     0.000000
2294.453838 -0.149229 0.894729     0.000000
2294.454120 -0.148947 0.894806     0.000000
2294.454403 -0.148664 0.894883     0.000000
2294.454685 -0.148381 0.894960     0.000000
2294.454968 -0.148099 0.895038     0.000000
2294.455251 -0.147816 0.895115     0.000000
2294.455533 -0.147533 0.895192     0.000000
2294.455816 -0.147251 0.895269     0.000000
2294.456099 -0.146968 0.895346     0.000000
2294.456381 -0.146685 0.895424     0.000000
2294.456664 -0.146403 0.895501     0.000000
2294.456947 -0.146120 0.895578     0.000000
2294.457229 -0.145837 0.895655     0.000000
2294.457512 -0.145555 0.895733     0.000000
2294.457795 -0.145272 0.895810     0.000000
2294.458077 -0.144989 0.895887     0.000000
2294.458360 -0.144707 0.895964     0.000000
2294.458643 -0.144424 0.896042     0.000000
2294.458925 -0.144141 0.896119     0.000000
2294.459208 -0.143859 0.896196     0.000000
2294.459491 -0.143576 0.896273     0.000000
2294.459773 -0.143293 0.896350     0.000000
2294.460056 -0.143011 0.896428     0.000000
2294.460339 -0.142728 0.896505     0.000000
2294.460621 -0.142446 0.896582     0.000000
2294.460904 -0.142163 0.896659     0.000000
2294.461187 -0.141880 0.896737     0.000000
2294.461469 -0.141598 0.896814     0.000000
2294.461752 -0.141315 0.896891     0.000000
2294.462035 -0.141032 0.896968     0.000000
2294.462317 -0.140750 0.897045     0.000000
2294.462600 -0.140467 0.897123     0.000000
2294.462883 -0.140184 0.897200     0.000000
2294.463165 -0.139902 0.897277     0.000000
2294.463448 -0.139619 0.897354     0.000000
2294.463731 -0.139336 0.897432     0.000000
2294.464013 -0.139054 0.897509     0.000000
2294.464296 -0.138771 0.897586     0.000000
2294.464579 -0.138488 0.897663     0.000000
2294.464861 -0.138206 0.897741     0.000000
2294.465144 -0.137923 0.897818     0.000000
2294.465427 -0.137640 0.897895     0.000000
2294.465709 -0.137358 0.897972     0.000000
2294.465992 -0.137075 0.898049     0.000000
2294.466275 -0.136792 0.898127     0.000000
2294.466557 -0.136510 0.898204     0.000000
2294.466840 -0.136227 0.898281     0.000000
2294.467123 -0.135944 0.898358     0.000000
2294.467405 -0.135662 0.898436     0.000000
2294.467688 -0.135379 0.898513     0.000000
2294.467971 -0.135096 0.898590     0.000000
2294.468253 -0.134814 0.898667     0.000000
2294.468536 -0.134531 0.898745     0.000000
2294.468818 -0.134248 0.898822     0.000000
2294.469101 -0.133966 0.898899     0.000000
2294.469384 -0.133683 0.898976     0.000000
2294.469666 -0.133400 0.899053     0.000000
2294.469949 -0.133118 0.899131     0.000000
2294.470232 -0.132835 0.899208     0.000000
2294.470514 -0.132552 0.899285     0.000000
2294.470797 -0.132270 0.899362     0.000000
2294.471080 -0.131987 0.899440     0.000000
2294.471362 -0.131704 0.899517     0.000000
2294.471645 -0.131422 0.899594     0.000000
2294.471928 -0.131139 0.899671     0.000000
2294.472210 -0.130856 0.899749     0.000000
2294.472493 -0.130574 0.899826     0.000000
2294.472776 -0.130291 0.899903     0.000000
2294.473058 -0.130008 0.899980     0.000000
2294.473341 -0.129726 0.900057     0.000000
2294.473624 -0.129443 0.900135     0.000000
2294.473906 -0.129160 0.900212     0.000000
2294.474189 -0.128878 0.900289     0.000000
2294.474472 -0.128595 0.900366     0.000000
2294.474754 -0.128313 0.900444     0.000000
2294.475037 -0.128030 0.900521     0.000000
2294.475320 -0.127747 0.900598     0.000000
2294.475602 -0.127465 0.900675     0.000000
2294.475885 -0.127182 0.900752     0.000000
2294.476168 -0.126899 0.900830     0.000000
2294.476450 -0.126617 0.900907     0.000000
2294.476733 -0.126334 0.900984     0.000000
2294.477016 -0.126051 0.901061     0.000000
2294.477298 -0.125769 0.901139     0.000000
2294.477581 -0.125486 0.901216     0.000000
2294.477864 -0.125203 0.901293     0.000000
2294.478146 -0.124921 0.901370     0.000000
2294.478429 -0.124638 0.901448     0.000000
2294.478712 -0.124355 0.901525     0.000000
2294.478994 -0.124073 0.901602     0.000000
2294.479277 -0.123790 0.901679     0.000000
2294.479560 -0.123507 0.901756     0.000000
2294.479842 -0.123225 0.901834     0.000000
2294.480125 -0.122942 0.901911     0.000000
2294.480408 -0.122659 0.901988     0.000000
2294.480690 -0.122377 0.902065     0.000000
2294.480973 -0.122094 0.902143     0.000000
2294.481256 -0.121811 0.902220     0.000000
2294.481538 -0.121529 0.902297     0.000000
2294.481821 -0.121246 0.902374     0.000000
2294.482104 -0.120963 0.902452     0.000000
2294.482386 -0.120681 0.902529     0.000000
2294.482669 -0.120398 0.902606     0.000000
2294.482951 -0.120115 0.902683     0.000000
2294.483234 -0.119833 0.902760     0.000000
2294.483517 -0.119550 0.902838     0.000000
2294.483799 -0.119267 0.902915     0.000000
2294.484082 -0.118985 0.902992     0.000000
2294.484365 -0.118702 0.903069     0.000000
2294.484647 -0.118419 0.903147     0.000000
2294.484930 -0.118137 0.903224     0.000000
2294.485213 -0.117854 0.903301     0.000000
2294.485495 -0.117571 0.903378     0.000000
2294.485778 -0.117289 0.903455     0.000000
2294.486061 -0.117006 0.903533     0.000000
2294.486343 -0.116723 0.903610     0.000000
2294.486626 -0.116441 0.903687     0.000000
2294.486909 -0.116158 0.903764     0.000000
2294.487191 -0.115875 0.903842     0.000000
2294.487474 -0.115593 0.903919     0.000000
2294.487757 -0.115310 0.903996     0.000000
2294.488039 -0.115027 0.904073     0.000000
2294.488322 -0.114745 0.904151     0.000000
2294.488605 -0.114462 0.904228     0.000000
2294.488887 -0.114180 0.904305     0.000000
2294.489170 -0.113897 0.904382     0.000000
2294.489453 -0.113614 0.904459     0.000000
2294.489735 -0.113332 0.904537     0.000000
2294.490018 -0.113049 0.904614     0.000000
2294.490301 -0.112766 0.904691     0.000000
2294.490583 -0.112484 0.904768     0.000000
2294.490866 -0.112201 0.904846     0.000000
2294.491149 -0.111918 0.904923     0.000000
2294.491431 -0.111636 0.905000     0.000000
2294.491714 -0.111353 0.905077     0.000000
2294.491997 -0.111070 0.905155     0.000000
2294.492279 -0.110788 0.905232     0.000000
2294.492562 -0.110505 0.905309     0.000000
2294.492845 -0.110222 0.905386     0.000000
2294.493127 -0.109940 0.905463     0.000000
2294.493410 -0.109657 0.905541     0.000000
2294.493693 -0.109374 0.905618     0.000000
2294.493975 -0.109092 0.905695     0.000000
2294.494258 -0.108809 0.905772     0.000000
2294.494541 -0.108526 0.905850     0.000000
2294.494823 -0.108244 0.905927     0.000000
2294.495106 -0.107961 0.906004     0.000000
2294.495389 -0.107678 0.906081     0.000000
2294.495671 -0.107396 0.906158     0.000000
2294.495954 -0.107113 0.906236     0.000000
2294.496237 -0.106830 0.906313     0.000000
2294.496519 -0.106548 0.906390     0.000000
2294.496802 -0.106265 0.906467     0.000000
2294.497084 -0.105982 0.906545     0.000000
2294.497367 -0.105700 0.906622     0.000000
2294.497650 -0.105417 0.906699     0.000000
2294.497932 -0.105134 0.906776     0.000000
2294.498215 -0.104852 0.906854     0.000000
2294.498498 -0.104569 0.906931     0.000000
2294.498780 -0.104286 0.907008     0.000000
2294.499063 -0.104004 0.907085     0.000000
2294.499346 -0.103721 0.907162     0.000000
2294.499628 -0.103438 0.907240     0.000000
2294.499911 -0.103156 0.907317     0.000000
2294.500194 -0.102873 0.907394     0.000000
2294.500476 -0.102590 0.907471     0.000000
2294.500759 -0.102308 0.907549     0.000000
2294.501042 -0.102025 0.907626     0.000000
2294.501324 -0.101742 0.907703     0.000000
2294.501607 -0.101460 0.907780     0.000000
2294.501890 -0.101177 0.907858     0.000000
2294.502172 -0.100894 0.907935     0.000000
2294.502455 -0.100612 0.908012     0.000000
2294.502738 -0.100329 0.908089     0.000000
2294.503020 -0.100047 0.908166     0.000000
2294.503303 -0.099764 0.908244     0.000000
2294.503586 -0.099481 0.908321     0.000000
2294.503868 -0.099199 0.908398     0.000000
2294.504151 -0.098916 0.908475     0.000000
2294.504434 -0.098633 0.908553     0.000000
2294.504716 -0.098351 0.908630     0.000000
2294.504999 -0.098068 0.908707     0.000000
2294.505282 -0.097785 0.908784     0.000000
2294.505564 -0.097503 0.908862     0.000000
2294.505847 -0.097220 0.908939     0.000000
2294.506130 -0.096937 0.909016     0.000000
2294.506412 -0.096655 0.909093    -0.000013
2294.506695 -0.096372 0.909170    -0.000039
2294.506978 -0.096089 0.909248    -0.000074
2294.507260 -0.095807 0.909325    -0.000115
2294.507543 -0.095524 0.909402    -0.000163
2294.507826 -0.095241 0.909479    -0.000216
2294.508108 -0.094959 0.909557    -0.000274
2294.508391 -0.094676 0.909634    -0.000337
2294.508674 -0.094393 0.909711    -0.000403
2294.508956 -0.094111 0.909788    -0.000474
2294.509239 -0.093828 0.909865    -0.000548
2294.509522 -0.093545 0.909943    -0.000626
2294.509804 -0.093263 0.910020    -0.000707
2294.510087 -0.092980 0.910097    -0.000792
2294.510370 -0.092697 0.910174    -0.000879
2294.510652 -0.092415 0.910252    -0.000969
2294.510935 -0.092132 0.910329    -0.001061
2294.511217 -0.091849 0.910406    -0.001156
2294.511500 -0.091567 0.910483    -0.001253
2294.511783 -0.091284 0.910561    -0.001353
2294.512065 -0.091001 0.910638    -0.001454
2294.512348 -0.090719 0.910715    -0.001558
2294.512631 -0.090436 0.910792    -0.001663
2294.512913 -0.090153 0.910869    -0.001770
2294.513196 -0.089871 0.910947    -0.001879
2294.513479 -0.089588 0.911024    -0.001989
2294.513761 -0.089305 0.911101    -0.002100
2294.514044 -0.089023 0.911178    -0.002213
2294.514327 -0.088740 0.911256    -0.002327
2294.514609 -0.088457 0.911333    -0.002441
2294.514892 -0.088175 0.911410    -0.002557
2294.515175 -0.087892 0.911487    -0.002674
2294.515457 -0.087609 0.911565    -0.002791
2294.515740 -0.087327 0.911642    -0.002909
2294.516023 -0.087044 0.911719    -0.003027
2294.516305 -0.086761 0.911796    -0.003145
2294.516588 -0.086479 0.911873    -0.003264
2294.516871 -0.086196 0.911951    -0.003383
2294.517153 -0.085914 0.912028    -0.003502
2294.517436 -0.085631 0.912105    -0.003621
2294.517719 -0.085348 0.912182    -0.003740
2294.518001 -0.085066 0.912260    -0.003858
2294.518284 -0.084783 0.912337    -0.003976
2294.518567 -0.084500 0.912414    -0.004093
2294.518849 -0.084218 0.912491    -0.004209
2294.519132 -0.083935 0.912568    -0.004324
2294.519415 -0.083652 0.912646    -0.004438
2294.519697 -0.083370 0.912723    -0.004551
2294.519980 -0.083087 0.912800    -0.004663
2294.520263 -0.082804 0.912877    -0.004772
2294.520545 -0.082522 0.912955    -0.004880
2294.520828 -0.082239 0.913032    -0.004986
2294.521111 -0.081956 0.913109    -0.005090
2294.521393 -0.081674 0.913186    -0.005191
2294.521676 -0.081391 0.913264    -0.005289
2294.521959 -0.081108 0.913341    -0.005384
2294.522241 -0.080826 0.913418    -0.005476
2294.522524 -0.080543 0.913495    -0.005564
2294.522807 -0.080260 0.913572    -0.005647
2294.523089 -0.079978 0.913650    -0.005724
2294.523372 -0.079695 0.913727    -0.005796
2294.523655 -0.079412 0.913804    -0.005860
2294.523937 -0.079130 0.913881    -0.005913
2294.524220 -0.078847 0.913959    -0.005948
2294.524503 -0.078564 0.914036    -0.005979
2294.524785 -0.078282 0.914113    -0.006009
2294.525068 -0.077999 0.914190    -0.006037
2294.525350 -0.077716 0.914268    -0.006065
2294.525633 -0.077434 0.914345    -0.006092
2294.525916 -0.077151 0.914422    -0.006118
2294.526198 -0.076868 0.914499    -0.006143
2294.526481 -0.076586 0.914576    -0.006168
2294.526764 -0.076303 0.914654    -0.006192
2294.527046 -0.076020 0.914731    -0.006215
2294.527329 -0.075738 0.914808    -0.006239
2294.527612 -0.075455 0.914885    -0.006261
2294.527894 -0.075172 0.914963    -0.006283
2294.528177 -0.074890 0.915040    -0.006305
2294.528460 -0.074607 0.915117    -0.006326
2294.528742 -0.074324 0.915194    -0.006347
2294.529025 -0.074042 0.915272    -0.006368
2294.529308 -0.073759 0.915349    -0.006388
2294.529590 -0.073476 0.915426    -0.006407
2294.529873 -0.073194 0.915503    -0.006427
2294.530156 -0.072911 0.915580    -0.006446
2294.530438 -0.072628 0.915658    -0.006465
2294.530721 -0.072346 0.915735    -0.006483
2294.531004 -0.072063 0.915812    -0.006501
2294.531286 -0.071781 0.915889    -0.006519
2294.531569 -0.071498 0.915967    -0.006537
2294.531852 -0.071215 0.916044    -0.006554
2294.532134 -0.070933 0.916121    -0.006571
2294.532417 -0.070650 0.916198    -0.006588
2294.532700 -0.070367 0.916275    -0.006605
2294.532982 -0.070085 0.916353    -0.006621
2294.533265 -0.069802 0.916430    -0.006637
2294.533548 -0.069519 0.916507    -0.006653
2294.533830 -0.069237 0.916584    -0.006668
2294.534113 -0.068954 0.916662    -0.006684
2294.534396 -0.068671 0.916739    -0.006699
2294.534678 -0.068389 0.916816    -0.006714
2294.534961 -0.068106 0.916893    -0.006729
2294.535244 -0.067823 0.916971    -0.006744
2294.535526 -0.067541 0.917048    -0.006758
2294.535809 -0.067258 0.917125    -0.006772
2294.536092 -0.066975 0.917202    -0.006786
2294.536374 -0.066693 0.917279    -0.006800
2294.536657 -0.066410 0.917357    -0.006814
2294.536940 -0.066127 0.917434    -0.006828
2294.537222 -0.065845 0.917511    -0.006841
2294.537505 -0.065562 0.917588    -0.006854
2294.537788 -0.065279 0.917666    -0.006867
2294.538070 -0.064997 0.917743    -0.006880
2294.538353 -0.064714 0.917820    -0.006893
2294.538636 -0.064431 0.917897    -0.006906
2294.538918 -0.064149 0.917975    -0.006918
2294.539201 -0.063866 0.918052    -0.006930
2294.539483 -0.063583 0.918129    -0.006943
2294.539766 -0.063301 0.918206    -0.006955
2294.540049 -0.063018 0.918283    -0.006967
2294.540331 -0.062735 0.918361    -0.006978
2294.540614 -0.062453 0.918438    -0.006990
2294.540897 -0.062170 0.918515    -0.007002
2294.541179 -0.061887 0.918592    -0.007013
2294.541462 -0.061605 0.918670    -0.007024
2294.541745 -0.061322 0.918747    -0.007035
2294.542027 -0.061039 0.918824    -0.007046
2294.542310 -0.060757 0.918901    -0.007057
2294.542593 -0.060474 0.918978    -0.007068
2294.542875 -0.060191 0.919056    -0.007079
2294.543158 -0.059909 0.919133    -0.007089
2294.543441 -0.059626 0.919210    -0.007100
2294.543723 -0.059343 0.919287    -0.007110
2294.544006 -0.059061 0.919365    -0.007120
2294.544289 -0.058778 0.919442    -0.007130
2294.544571 -0.058495 0.919519    -0.007140
2294.544854 -0.058213 0.919596    -0.007150
2294.545137 -0.057930 0.919674    -0.007160
2294.545419 -0.057648 0.919751    -0.007170
2294.545702 -0.057365 0.919828    -0.007179
2294.545985 -0.057082 0.919905    -0.007189
2294.546267 -0.056800 0.919982    -0.007198
2294.546550 -0.056517 0.920060    -0.007208
2294.546833 -0.056234 0.920137    -0.007217
2294.547115 -0.055952 0.920214    -0.007226
2294.547398 -0.055669 0.920291    -0.007235
2294.547681 -0.055386 0.920369    -0.007244
2294.547963 -0.055104 0.920446    -0.007253
2294.548246 -0.054821 0.920523    -0.007262
2294.548529 -0.054538 0.920600    -0.007270
2294.548811 -0.054256 0.920678    -0.007279
2294.549094 -0.053973 0.920755    -0.007287
2294.549377 -0.053690 0.920832    -0.007296
2294.549659 -0.053408 0.920909    -0.007304
2294.549942 -0.053125 0.920986    -0.007312
2294.550225 -0.052842 0.921064    -0.007321
2294.550507 -0.052560 0.921141    -0.007329
2294.550790 -0.052277 0.921218    -0.007337
2294.551073 -0.051994 0.921295    -0.007345
2294.551355 -0.051712 0.921373    -0.007353
2294.551638 -0.051429 0.921450    -0.007360
2294.551921 -0.051146 0.921527    -0.007368
2294.552203 -0.050864 0.921604    -0.007376
2294.552486 -0.050581 0.921682    -0.007383
2294.552769 -0.050298 0.921759    -0.007391
2294.553051 -0.050016 0.921836    -0.007398
2294.553334 -0.049733 0.921913    -0.007406
2294.553616 -0.049450 0.921990    -0.007413
2294.553899 -0.049168 0.922068    -0.007420
2294.554182 -0.048885 0.922145    -0.007427
2294.554464 -0.048602 0.922222    -0.007434
2294.554747 -0.048320 0.922299    -0.007441
2294.555030 -0.048037 0.922377    -0.007448
2294.555312 -0.047754 0.922454    -0.007455
2294.555595 -0.047472 0.922531    -0.007462
2294.555878 -0.047189 0.922608    -0.007469
2294.556160 -0.046906 0.922685    -0.007475
2294.556443 -0.046624 0.922763    -0.007482
2294.556726 -0.046341 0.922840    -0.007488
2294.557008 -0.046058 0.922917    -0.007495
2294.557291 -0.045776 0.922994    -0.007501
2294.557574 -0.045493 0.923072    -0.007508
2294.557856 -0.045210 0.923149    -0.007514
2294.558139 -0.044928 0.923226    -0.007520
2294.558422 -0.044645 0.923303    -0.007526
2294.558704 -0.044362 0.923381    -0.007533
2294.558987 -0.044080 0.923458    -0.007539
2294.559270 -0.043797 0.923535    -0.007545
2294.559552 -0.043515 0.923612    -0.007551
2294.559835 -0.043232 0.923689    -0.007556
2294.560118 -0.042949 0.923767    -0.007562
2294.560400 -0.042667 0.923844    -0.007568
2294.560683 -0.042384 0.923921    -0.007574
2294.560966 -0.042101 0.923998    -0.007579
2294.561248 -0.041819 0.924076    -0.007585
2294.561531 -0.041536 0.924153    -0.007591
2294.561814 -0.041253 0.924230    -0.007596
2294.562096 -0.040971 0.924307    -0.007601
2294.562379 -0.040688 0.924385    -0.007607
2294.562662 -0.040405 0.924462    -0.007612
2294.562944 -0.040123 0.924539    -0.007618
2294.563227 -0.039840 0.924616    -0.007623
2294.563510 -0.039557 0.924693    -0.007628
2294.563792 -0.039275 0.924771    -0.007633
2294.564075 -0.038992 0.924848    -0.007638
2294.564358 -0.038709 0.924925    -0.007643
2294.564640 -0.038427 0.925002    -0.007648
2294.564923 -0.038144 0.925080    -0.007653
2294.565206 -0.037861 0.925157    -0.007658
2294.565488 -0.037579 0.925234    -0.007663
2294.565771 -0.037296 0.925311    -0.007668
2294.566054 -0.037013 0.925388    -0.007672
2294.566336 -0.036731 0.925466    -0.007677
2294.566619 -0.036448 0.925543    -0.007682
2294.566902 -0.036165 0.925620    -0.007686
2294.567184 -0.035883 0.925697    -0.007691
2294.567467 -0.035600 0.925775    -0.007695
2294.567749 -0.035317 0.925852    -0.007700
2294.568032 -0.035035 0.925929    -0.007704
2294.568315 -0.034752 0.926006    -0.007708
2294.568597 -0.034469 0.926084    -0.007713
2294.568880 -0.034187 0.926161    -0.007717
2294.569163 -0.033904 0.926238    -0.007721
2294.569445 -0.033621 0.926315    -0.007725
2294.569728 -0.033339 0.926392    -0.007730
2294.570011 -0.033056 0.926470    -0.007734
2294.570293 -0.032773 0.926547    -0.007738
2294.570576 -0.032491 0.926624    -0.007742
2294.570859 -0.032208 0.926701    -0.007746
2294.571141 -0.031925 0.926779    -0.007750
2294.571424 -0.031643 0.926856    -0.007753
2294.571707 -0.031360 0.926933    -0.007757
2294.571989 -0.031077 0.927010    -0.007761
2294.572272 -0.030795 0.927088    -0.007765
2294.572555 -0.030512 0.927165    -0.007769
2294.572837 -0.030229 0.927242    -0.007772
2294.573120 -0.029947 0.927319    -0.007776
2294.573403 -0.029664 0.927396    -0.007779
2294.573685 -0.029382 0.927474    -0.007783
2294.573968 -0.029099 0.927551    -0.007786
2294.574251 -0.028816 0.927628    -0.007790
2294.574533 -0.028534 0.927705    -0.007793
2294.574816 -0.028251 0.927783    -0.007797
2294.575099 -0.027968 0.927860    -0.007800
2294.575381 -0.027686 0.927937    -0.007803
2294.575664 -0.027403 0.928014    -0.007807
2294.575947 -0.027120 0.928091    -0.007810
2294.576229 -0.026838 0.928169    -0.007813
2294.576512 -0.026555 0.928246    -0.007816
2294.576795 -0.026272 0.928323    -0.007819
2294.577077 -0.025990 0.928400    -0.007822
2294.577360 -0.025707 0.928478    -0.007825
2294.577643 -0.025424 0.928555    -0.007828
2294.577925 -0.025142 0.928632    -0.007831
2294.578208 -0.024859 0.928709    -0.007834
2294.578491 -0.024576 0.928787    -0.007837
2294.578773 -0.024294 0.928864    -0.007840
2294.579056 -0.024011 0.928941    -0.007843
2294.579339 -0.023728 0.929018    -0.007846
2294.579621 -0.023446 0.929095    -0.007848
2294.579904 -0.023163 0.929173    -0.007851
2294.580187 -0.022880 0.929250    -0.007854
2294.580469 -0.022598 0.929327    -0.007856
2294.580752 -0.022315 0.929404    -0.007859
2294.581035 -0.022032 0.929482    -0.007861
2294.581317 -0.021750 0.929559    -0.007864
2294.581600 -0.021467 0.929636    -0.007866
2294.581882 -0.021184 0.929713    -0.007869
2294.582165 -0.020902 0.929791    -0.007871
2294.582448 -0.020619 0.929868    -0.007874
2294.582730 -0.020336 0.929945    -0.007876
2294.583013 -0.020054 0.930022    -0.007878
2294.583296 -0.019771 0.930099    -0.007880
2294.583578 -0.019488 0.930177    -0.007883
2294.583861 -0.019206 0.930254    -0.007885
2294.584144 -0.018923 0.930331    -0.007887
2294.584426 -0.018640 0.930408    -0.007889
2294.584709 -0.018358 0.930486    -0.007891
2294.584992 -0.018075 0.930563    -0.007893
2294.585274 -0.017792 0.930640    -0.007895
2294.585557 -0.017510 0.930717    -0.007897
2294.585840 -0.017227 0.930795    -0.007899
2294.586122 -0.016944 0.930872    -0.007901
2294.586405 -0.016662 0.930949    -0.007903
2294.586688 -0.016379 0.931026    -0.007905
2294.586970 -0.016096 0.931103    -0.007907
2294.587253 -0.015814 0.931181    -0.007909
2294.587536 -0.015531 0.931258    -0.007910
2294.587818 -0.015249 0.931335    -0.007912
2294.588101 -0.014966 0.931412    -0.007914
2294.588384 -0.014683 0.931490    -0.007915
2294.588666 -0.014401 0.931567    -0.007917
2294.588949 -0.014118 0.931644    -0.007919
2294.589232 -0.013835 0.931721    -0.007920
2294.589514 -0.013553 0.931798    -0.007922
2294.589797 -0.013270 0.931876    -0.007923
2294.590080 -0.012987 0.931953    -0.007925
2294.590362 -0.012705 0.932030    -0.007926
2294.590645 -0.012422 0.932107    -0.007927
2294.590928 -0.012139 0.932185    -0.007929
2294.591210 -0.011857 0.932262    -0.007930
2294.591493 -0.011574 0.932339    -0.007931
2294.591776 -0.011291 0.932416    -0.007933
2294.592058 -0.011009 0.932494    -0.007934
2294.592341 -0.010726 0.932571    -0.007935
2294.592624 -0.010443 0.932648    -0.007936
2294.592906 -0.010161 0.932725    -0.007937
2294.593189 -0.009878 0.932802    -0.007938
2294.593472 -0.009595 0.932880    -0.007940
2294.593754 -0.009313 0.932957    -0.007941
2294.594037 -0.009030 0.933034    -0.007942
2294.594320 -0.008747 0.933111    -0.007943
2294.594602 -0.008465 0.933189    -0.007943
2294.594885 -0.008182 0.933266    -0.007944
2294.595168 -0.007899 0.933343    -0.007945
2294.595450 -0.007617 0.933420    -0.007946
2294.595733 -0.007334 0.933498    -0.007947
2294.596015 -0.007051 0.933575    -0.007948
2294.596298 -0.006769 0.933652    -0.007948
2294.596581 -0.006486 0.933729    -0.007949
2294.596863 -0.006203 0.933806    -0.007950
2294.597146 -0.005921 0.933884    -0.007951
2294.597429 -0.005638 0.933961    -0.007951
2294.597711 -0.005355 0.934038    -0.007952
2294.597994 -0.005073 0.934115    -0.007952
2294.598277 -0.004790 0.934193    -0.007953
2294.598559 -0.004507 0.934270    -0.007953
2294.598842 -0.004225 0.934347    -0.007954
2294.599125 -0.003942 0.934424    -0.007954
2294.599407 -0.003659 0.934501    -0.007955
2294.599690 -0.003377 0.934579    -0.007955
2294.599973 -0.003094 0.934656    -0.007955
2294.600255 -0.002811 0.934733    -0.007956
2294.600538 -0.002529 0.934810    -0.007956
2294.600821 -0.002246 0.934888    -0.007956
2294.601103 -0.001963 0.934965    -0.007957
2294.601386 -0.001681 0.935042    -0.007957
2294.601669 -0.001398 0.935119    -0.007957
2294.601951 -0.001116 0.935197    -0.007957
2294.602234 -0.000833 0.935274    -0.007957
2294.602517 -0.000550 0.935351    -0.007957
2294.602799 -0.000268 0.935428    -0.007957
2294.603082 0.000015 0.935505    -0.007957
2294.603365 0.000298 0.935583    -0.007957
2294.603647 0.000580 0.935660    -0.007957
2294.603930 0.000863 0.935737    -0.007957
2294.604213 0.001146 0.935814    -0.007957
2294.604495 0.001428 0.935892    -0.007957
2294.604778 0.001711 0.935969    -0.007957
2294.605061 0.001994 0.936046    -0.007957
2294.605343 0.002276 0.936123    -0.007956
2294.605626 0.002559 0.936201    -0.007956
2294.605909 0.002842 0.936278    -0.007956
2294.606191 0.003124 0.936355    -0.007955
2294.606474 0.003407 0.936432    -0.007955
2294.606757 0.003690 0.936509    -0.007955
2294.607039 0.003972 0.936587    -0.007954
2294.607322 0.004255 0.936664    -0.007954
2294.607605 0.004538 0.936741    -0.007953
2294.607887 0.004820 0.936818    -0.007953
2294.608170 0.005103 0.936896    -0.007952
2294.608453 0.005386 0.936973    -0.007952
2294.608735 0.005668 0.937050    -0.007951
2294.609018 0.005951 0.937127    -0.007950
2294.609301 0.006234 0.937205    -0.007950
2294.609583 0.006516 0.937282    -0.007949
2294.609866 0.006799 0.937359    -0.007948
2294.610148 0.007082 0.937436    -0.007948
2294.610431 0.007364 0.937513    -0.007947
2294.610714 0.007647 0.937591    -0.007946
2294.610996 0.007930 0.937668    -0.007945
2294.611279 0.008212 0.937745    -0.007944
2294.611562 0.008495 0.937822    -0.007943
2294.611844 0.008778 0.937900    -0.007942
2294.612127 0.009060 0.937977    -0.007941
2294.612410 0.009343 0.938054    -0.007940
2294.612692 0.009626 0.938131    -0.007939
2294.612975 0.009908 0.938208    -0.007938
2294.613258 0.010191 0.938286    -0.007937
2294.613540 0.010474 0.938363    -0.007936
2294.613823 0.010756 0.938440    -0.007935
2294.614106 0.011039 0.938517    -0.007934
2294.614388 0.011322 0.938595    -0.007932
2294.614671 0.011604 0.938672    -0.007931
2294.614954 0.011887 0.938749    -0.007930
2294.615236 0.012170 0.938826    -0.007928
2294.615519 0.012452 0.938904    -0.007927
2294.615802 0.012735 0.938981    -0.007926
2294.616084 0.013017 0.939058    -0.007924
2294.616367 0.013300 0.939135    -0.007923
2294.616650 0.013583 0.939212    -0.007921
2294.616932 0.013865 0.939290    -0.007920
2294.617215 0.014148 0.939367    -0.007918
2294.617498 0.014431 0.939444    -0.007917
2294.617780 0.014713 0.939521    -0.007915
2294.618063 0.014996 0.939599    -0.007913
2294.618346 0.015279 0.939676    -0.007912
2294.618628 0.015561 0.939753    -0.007910
2294.618911 0.015844 0.939830    -0.007908
2294.619194 0.016127 0.939908    -0.007906
2294.619476 0.016409 0.939985    -0.007904
2294.619759 0.016692 0.940062    -0.007903
2294.620042 0.016975 0.940139    -0.007901
2294.620324 0.017257 0.940216    -0.007899
2294.620607 0.017540 0.940294    -0.007897
2294.620890 0.017823 0.940371    -0.007895
2294.621172 0.018105 0.940448    -0.007893
2294.621455 0.018388 0.940525    -0.007891
2294.621738 0.018671 0.940603    -0.007889
2294.622020 0.018953 0.940680    -0.007886
2294.622303 0.019236 0.940757    -0.007884
2294.622586 0.019519 0.940834    -0.007882
2294.622868 0.019801 0.940911    -0.007880
2294.623151 0.020084 0.940989    -0.007878
2294.623434 0.020367 0.941066    -0.007875
2294.623716 0.020649 0.941143    -0.007873
2294.623999 0.020932 0.941220    -0.007871
2294.624281 0.021215 0.941298    -0.007868
2294.624564 0.021497 0.941375    -0.007866
2294.624847 0.021780 0.941452    -0.007863
2294.625129 0.022063 0.941529    -0.007861
2294.625412 0.022345 0.941607    -0.007858
2294.625695 0.022628 0.941684    -0.007856
2294.625977 0.022911 0.941761    -0.007853
2294.626260 0.023193 0.941838    -0.007850
2294.626543 0.023476 0.941915    -0.007848
2294.626825 0.023759 0.941993    -0.007845
2294.627108 0.024041 0.942070    -0.007842
2294.627391 0.024324 0.942147    -0.007839
2294.627673 0.024607 0.942224    -0.007836
2294.627956 0.024889 0.942302    -0.007833
2294.628239 0.025172 0.942379    -0.007831
2294.628521 0.025455 0.942456    -0.007828
2294.628804 0.025737 0.942533    -0.007825
2294.629087 0.026020 0.942611    -0.007822
2294.629369 0.026303 0.942688    -0.007818
2294.629652 0.026585 0.942765    -0.007815
2294.629935 0.026868 0.942842    -0.007812
2294.630217 0.027150 0.942919    -0.007809
2294.630500 0.027433 0.942997    -0.007806
2294.630783 0.027716 0.943074    -0.007803
2294.631065 0.027998 0.943151    -0.007799
2294.631348 0.028281 0.943228    -0.007796
2294.631631 0.028564 0.943306    -0.007792
2294.631913 0.028846 0.943383    -0.007789
2294.632196 0.029129 0.943460    -0.007786
2294.632479 0.029412 0.943537    -0.007782
2294.632761 0.029694 0.943614    -0.007778
2294.633044 0.029977 0.943692    -0.007775
2294.633327 0.030260 0.943769    -0.007771
2294.633609 0.030542 0.943846    -0.007768
2294.633892 0.030825 0.943923    -0.007764
2294.634175 0.031108 0.944001    -0.007760
2294.634457 0.031390 0.944078    -0.007756
2294.634740 0.031673 0.944155    -0.007752
2294.635023 0.031956 0.944232    -0.007749
2294.635305 0.032238 0.944310    -0.007745
2294.635588 0.032521 0.944387    -0.007741
2294.635871 0.032804 0.944464    -0.007737
2294.636153 0.033086 0.944541    -0.007733
2294.636436 0.033369 0.944618    -0.007729
2294.636719 0.033652 0.944696    -0.007724
2294.637001 0.033934 0.944773    -0.007720
2294.637284 0.034217 0.944850    -0.007716
2294.637567 0.034500 0.944927    -0.007712
2294.637849 0.034782 0.945005    -0.007707
2294.638132 0.035065 0.945082    -0.007703
2294.638414 0.035348 0.945159    -0.007699
2294.638697 0.035630 0.945236    -0.007694
2294.638980 0.035913 0.945314    -0.007690
2294.639262 0.036196 0.945391    -0.007685
2294.639545 0.036478 0.945468    -0.007680
2294.639828 0.036761 0.945545    -0.007676
2294.640110 0.037044 0.945622    -0.007671
2294.640393 0.037326 0.945700    -0.007666
2294.640676 0.037609 0.945777    -0.007662
2294.640958 0.037892 0.945854    -0.007657
2294.641241 0.038174 0.945931    -0.007652
2294.641524 0.038457 0.946009    -0.007647
2294.641806 0.038740 0.946086    -0.007642
2294.642089 0.039022 0.946163    -0.007637
2294.642372 0.039305 0.946240    -0.007632
2294.642654 0.039588 0.946318    -0.007627
2294.642937 0.039870 0.946395    -0.007621
2294.643220 0.040153 0.946472    -0.007616
2294.643502 0.040436 0.946549    -0.007611
2294.643785 0.040718 0.946626    -0.007605
2294.644068 0.041001 0.946704    -0.007600
2294.644350 0.041283 0.946781    -0.007595
2294.644633 0.041566 0.946858    -0.007589
2294.644916 0.041849 0.946935    -0.007584
2294.645198 0.042131 0.947013    -0.007578
2294.645481 0.042414 0.947090    -0.007572
2294.645764 0.042697 0.947167    -0.007567
2294.646046 0.042979 0.947244    -0.007561
2294.646329 0.043262 0.947321    -0.007555
2294.646612 0.043545 0.947399    -0.007549
2294.646894 0.043827 0.947476    -0.007543
2294.647177 0.044110 0.947553    -0.007537
2294.647460 0.044393 0.947630    -0.007531
2294.647742 0.044675 0.947708    -0.007525
2294.648025 0.044958 0.947785    -0.007519
2294.648308 0.045241 0.947862    -0.007512
2294.648590 0.045523 0.947939    -0.007506
2294.648873 0.045806 0.948017    -0.007500
2294.649156 0.046089 0.948094    -0.007493
2294.649438 0.046371 0.948171    -0.007487
2294.649721 0.046654 0.948248    -0.007480
2294.650004 0.046937 0.948325    -0.007474
2294.650286 0.047219 0.948403    -0.007467
2294.650569 0.047502 0.948480    -0.007460
2294.650852 0.047785 0.948557    -0.007453
2294.651134 0.048067 0.948634    -0.007446
2294.651417 0.048350 0.948712    -0.007439
2294.651700 0.048633 0.948789    -0.007432
2294.651982 0.048915 0.948866    -0.007425
2294.652265 0.049198 0.948943    -0.007418
2294.652547 0.049481 0.949021    -0.007411
2294.652830 0.049763 0.949098    -0.007404
2294.653113 0.050046 0.949175    -0.007396
2294.653395 0.050329 0.949252    -0.007389
2294.653678 0.050611 0.949329    -0.007381
2294.653961 0.050894 0.949407    -0.007374
2294.654243 0.051177 0.949484    -0.007366
2294.654526 0.051459 0.949561    -0.007358
2294.654809 0.051742 0.949638    -0.007351
2294.655091 0.052025 0.949716    -0.007343
2294.655374 0.052307 0.949793    -0.007335
2294.655657 0.052590 0.949870    -0.007327
2294.655939 0.052873 0.949947    -0.007319
2294.656222 0.053155 0.950024    -0.007310
2294.656505 0.053438 0.950102    -0.007302
2294.656787 0.053721 0.950179    -0.007294
2294.657070 0.054003 0.950256    -0.007285
2294.657353 0.054286 0.950333    -0.007277
2294.657635 0.054569 0.950411    -0.007268
2294.657918 0.054851 0.950488    -0.007259
2294.658201 0.055134 0.950565    -0.007251
2294.658483 0.055416 0.950642    -0.007242
2294.658766 0.055699 0.950720    -0.007233
2294.659049 0.055982 0.950797    -0.007224
2294.659331 0.056264 0.950874    -0.007214
2294.659614 0.056547 0.950951    -0.007205
2294.659897 0.056830 0.951028    -0.007196
2294.660179 0.057112 0.951106    -0.007186
2294.660462 0.057395 0.951183    -0.007177
2294.660745 0.057678 0.951260    -0.007167
2294.661027 0.057960 0.951337    -0.007158
2294.661310 0.058243 0.951415    -0.007148
2294.661593 0.058526 0.951492    -0.007138
2294.661875 0.058808 0.951569    -0.007128
2294.662158 0.059091 0.951646    -0.007118
2294.662441 0.059374 0.951724    -0.007107
2294.662723 0.059656 0.951801    -0.007097
2294.663006 0.059939 0.951878    -0.007087
2294.663289 0.060222 0.951955    -0.007076
2294.663571 0.060504 0.952032    -0.007065
2294.663854 0.060787 0.952110    -0.007054
2294.664137 0.061070 0.952187    -0.007043
2294.664419 0.061352 0.952264    -0.007032
2294.664702 0.061635 0.952341    -0.007021
2294.664985 0.061918 0.952419    -0.007010
2294.665267 0.062200 0.952496    -0.006999
2294.665550 0.062483 0.952573    -0.006987
2294.665833 0.062766 0.952650    -0.006975
2294.666115 0.063048 0.952728    -0.006964
2294.666398 0.063331 0.952805    -0.006952
2294.666680 0.063614 0.952882    -0.006939
2294.666963 0.063896 0.952959    -0.006927
2294.667246 0.064179 0.953036    -0.006915
2294.667528 0.064462 0.953114    -0.006902
2294.667811 0.064744 0.953191    -0.006890
2294.668094 0.065027 0.953268    -0.006877
2294.668376 0.065310 0.953345    -0.006864
2294.668659 0.065592 0.953423    -0.006851
2294.668942 0.065875 0.953500    -0.006838
2294.669224 0.066158 0.953577    -0.006824
2294.669507 0.066440 0.953654    -0.006810
2294.669790 0.066723 0.953731    -0.006797
2294.670072 0.067006 0.953809    -0.006783
2294.670355 0.067288 0.953886    -0.006769
2294.670638 0.067571 0.953963    -0.006754
2294.670920 0.067854 0.954040    -0.006740
2294.671203 0.068136 0.954118    -0.006725
2294.671486 0.068419 0.954195    -0.006710
2294.671768 0.068702 0.954272    -0.006695
2294.672051 0.068984 0.954349    -0.006680
2294.672334 0.069267 0.954427    -0.006664
2294.672616 0.069549 0.954504    -0.006649
2294.672899 0.069832 0.954581    -0.006633
2294.673182 0.070115 0.954658    -0.006617
2294.673464 0.070397 0.954735    -0.006600
2294.673747 0.070680 0.954813    -0.006584
2294.674030 0.070963 0.954890    -0.006567
2294.674312 0.071245 0.954967    -0.006550
2294.674595 0.071528 0.955044    -0.006532
2294.674878 0.071811 0.955122    -0.006514
2294.675160 0.072093 0.955199    -0.006496
2294.675443 0.072376 0.955276    -0.006478
2294.675726 0.072659 0.955353    -0.006460
2294.676008 0.072941 0.955431    -0.006441
2294.676291 0.073224 0.955508    -0.006422
2294.676574 0.073507 0.955585    -0.006402
2294.676856 0.073789 0.955662    -0.006382
2294.677139 0.074072 0.955739    -0.006362
2294.677422 0.074355 0.955817    -0.006342
2294.677704 0.074637 0.955894    -0.006321
2294.677987 0.074920 0.955971    -0.006299
2294.678270 0.075203 0.956048    -0.006277
2294.678552 0.075485 0.956126    -0.006255
2294.678835 0.075768 0.956203    -0.006233
2294.679118 0.076051 0.956280    -0.006209
2294.679400 0.076333 0.956357    -0.006186
2294.679683 0.076616 0.956434    -0.006161
2294.679966 0.076899 0.956512    -0.006136
2294.680248 0.077181 0.956589    -0.006111
2294.680531 0.077464 0.956666    -0.006085
2294.680813 0.077747 0.956743    -0.006058
2294.681096 0.078029 0.956821    -0.006030
2294.681379 0.078312 0.956898    -0.006001
2294.681661 0.078595 0.956975    -0.005971
2294.681944 0.078877 0.957052    -0.005940
2294.682227 0.079160 0.957130    -0.005900
2294.682509 0.079443 0.957207    -0.005844
2294.682792 0.079725 0.957284    -0.005778
2294.683075 0.080008 0.957361    -0.005704
2294.683357 0.080291 0.957438    -0.005625
2294.683640 0.080573 0.957516    -0.005541
2294.683923 0.080856 0.957593    -0.005452
2294.684205 0.081139 0.957670    -0.005360
2294.684488 0.081421 0.957747    -0.005264
2294.684771 0.081704 0.957825    -0.005164
2294.685053 0.081987 0.957902    -0.005063
2294.685336 0.082269 0.957979    -0.004958
2294.685619 0.082552 0.958056    -0.004852
2294.685901 0.082835 0.958134    -0.004743
2294.686184 0.083117 0.958211    -0.004633
2294.686467 0.083400 0.958288    -0.004521
2294.686749 0.083682 0.958365    -0.004408
2294.687032 0.083965 0.958442    -0.004293
2294.687315 0.084248 0.958520    -0.004178
2294.687597 0.084530 0.958597    -0.004061
2294.687880 0.084813 0.958674    -0.003944
2294.688163 0.085096 0.958751    -0.003826
2294.688445 0.085378 0.958829    -0.003708
2294.688728 0.085661 0.958906    -0.003589
2294.689011 0.085944 0.958983    -0.003470
2294.689293 0.086226 0.959060    -0.003351
2294.689576 0.086509 0.959137    -0.003233
2294.689859 0.086792 0.959215    -0.003114
2294.690141 0.087074 0.959292    -0.002995
2294.690424 0.087357 0.959369    -0.002877
2294.690707 0.087640 0.959446    -0.002759
2294.690989 0.087922 0.959524    -0.002642
2294.691272 0.088205 0.959601    -0.002526
2294.691555 0.088488 0.959678    -0.002411
2294.691837 0.088770 0.959755    -0.002296
2294.692120 0.089053 0.959833    -0.002183
2294.692403 0.089336 0.959910    -0.002070
2294.692685 0.089618 0.959987    -0.001959
2294.692968 0.089901 0.960064    -0.001849
2294.693251 0.090184 0.960141    -0.001741
2294.693533 0.090466 0.960219    -0.001635
2294.693816 0.090749 0.960296    -0.001530
2294.694099 0.091032 0.960373    -0.001427
2294.694381 0.091314 0.960450    -0.001326
2294.694664 0.091597 0.960528    -0.001227
2294.694946 0.091880 0.960605    -0.001130
2294.695229 0.092162 0.960682    -0.001036
2294.695512 0.092445 0.960759    -0.000944
2294.695794 0.092728 0.960837    -0.000855
2294.696077 0.093010 0.960914    -0.000769
2294.696360 0.093293 0.960991    -0.000685
2294.696642 0.093576 0.961068    -0.000605
2294.696925 0.093858 0.961145    -0.000528
2294.697208 0.094141 0.961223    -0.000455
2294.697490 0.094424 0.961300    -0.000385
2294.697773 0.094706 0.961377    -0.000319
2294.698056 0.094989 0.961454    -0.000258
2294.698338 0.095272 0.961532    -0.000201
2294.698621 0.095554 0.961609    -0.000149
2294.698904 0.095837 0.961686    -0.000103
2294.699186 0.096120 0.961763    -0.000063
2294.699469 0.096402 0.961841    -0.000031
2294.699752 0.096685 0.961918    -0.000008
2294.700034 0.096968 0.961995     0.000000
2294.700317 0.097250 0.962072     0.000000
2294.700600 0.097533 0.962149     0.000000
2294.700882 0.097815 0.962227     0.000000
2294.701165 0.098098 0.962304     0.000000
2294.701448 0.098381 0.962381     0.000000
2294.701730 0.098663 0.962458     0.000000
2294.702013 0.098946 0.962536     0.000000
2294.702296 0.099229 0.962613     0.000000
2294.702578 0.099511 0.962690     0.000000
2294.702861 0.099794 0.962767     0.000000
2294.703144 0.100077 0.962844     0.000000
2294.703426 0.100359 0.962922     0.000000
2294.703709 0.100642 0.962999     0.000000
2294.703992 0.100925 0.963076     0.000000
2294.704274 0.101207 0.963153     0.000000
2294.704557 0.101490 0.963231     0.000000
2294.704840 0.101773 0.963308     0.000000
2294.705122 0.102055 0.963385     0.000000
2294.705405 0.102338 0.963462     0.000000
2294.705688 0.102621 0.963540     0.000000
2294.705970 0.102903 0.963617     0.000000
2294.706253 0.103186 0.963694     0.000000
2294.706536 0.103469 0.963771     0.000000
2294.706818 0.103751 0.963848     0.000000
2294.707101 0.104034 0.963926     0.000000
2294.707384 0.104317 0.964003     0.000000
2294.707666 0.104599 0.964080     0.000000
2294.707949 0.104882 0.964157     0.000000
2294.708232 0.105165 0.964235     0.000000
2294.708514 0.105447 0.964312     0.000000
2294.708797 0.105730 0.964389     0.000000
2294.709079 0.106013 0.964466     0.000000
2294.709362 0.106295 0.964544     0.000000
2294.709645 0.106578 0.964621     0.000000
2294.709927 0.106861 0.964698     0.000000
2294.710210 0.107143 0.964775     0.000000
2294.710493 0.107426 0.964852     0.000000
2294.710775 0.107709 0.964930     0.000000
2294.711058 0.107991 0.965007     0.000000
2294.711341 0.108274 0.965084     0.000000
2294.711623 0.108557 0.965161     0.000000
2294.711906 0.108839 0.965239     0.000000
2294.712189 0.109122 0.965316     0.000000
2294.712471 0.109405 0.965393     0.000000
2294.712754 0.109687 0.965470     0.000000
2294.713037 0.109970 0.965547     0.000000
2294.713319 0.110253 0.965625     0.000000
2294.713602 0.110535 0.965702     0.000000
2294.713885 0.110818 0.965779     0.000000
2294.714167 0.111101 0.965856     0.000000
2294.714450 0.111383 0.965934     0.000000
2294.714733 0.111666 0.966011     0.000000
2294.715015 0.111948 0.966088     0.000000
2294.715298 0.112231 0.966165     0.000000
2294.715581 0.112514 0.966243     0.000000
2294.715863 0.112796 0.966320     0.000000
2294.716146 0.113079 0.966397     0.000000
2294.716429 0.113362 0.966474     0.000000
2294.716711 0.113644 0.966551     0.000000
2294.716994 0.113927 0.966629     0.000000
2294.717277 0.114210 0.966706     0.000000
2294.717559 0.114492 0.966783     0.000000
2294.717842 0.114775 0.966860     0.000000
2294.718125 0.115058 0.966938     0.000000
2294.718407 0.115340 0.967015     0.000000
2294.718690 0.115623 0.967092     0.000000
2294.718973 0.115906 0.967169     0.000000
2294.719255 0.116188 0.967247     0.000000
2294.719538 0.116471 0.967324     0.000000
2294.719821 0.116754 0.967401     0.000000
2294.720103 0.117036 0.967478     0.000000
2294.720386 0.117319 0.967555     0.000000
2294.720669 0.117602 0.967633     0.000000
2294.720951 0.117884 0.967710     0.000000
2294.721234 0.118167 0.967787     0.000000
2294.721517 0.118450 0.967864     0.000000
2294.721799 0.118732 0.967942     0.000000
2294.722082 0.119015 0.968019     0.000000
2294.722365 0.119298 0.968096     0.000000
2294.722647 0.119580 0.968173     0.000000
2294.722930 0.119863 0.968251     0.000000
2294.723212 0.120146 0.968328     0.000000
2294.723495 0.120428 0.968405     0.000000
2294.723778 0.120711 0.968482     0.000000
2294.724060 0.120994 0.968559     0.000000
2294.724343 0.121276 0.968637     0.000000
2294.724626 0.121559 0.968714     0.000000
2294.724908 0.121842 0.968791     0.000000
2294.725191 0.122124 0.968868     0.000000
2294.725474 0.122407 0.968946     0.000000
2294.725756 0.122690 0.969023     0.000000
2294.726039 0.122972 0.969100     0.000000
2294.726322 0.123255 0.969177     0.000000
2294.726604 0.123538 0.969254     0.000000
2294.726887 0.123820 0.969332     0.000000
2294.727170 0.124103 0.969409     0.000000
