# time Tc_folded Tref_folded value value_err offset model full_model val_compare val_compare_err residuals residuals_err jitter jitter_flag offset_flag subset_flag 
2338.371776 -0.151657 0.894065 0.998650 0.003785 0.000000 0.000000 1.001775 -0.003125 0.003785 -0.003125 0.003785 0.000339  -1  -1  -1 
2338.373732 -0.149701 0.894600 1.000371 0.003784 0.000000 0.000000 1.001810 -0.001439 0.003784 -0.001439 0.003784 0.000339  -1  -1  -1 
2338.375746 -0.147687 0.895150 1.004023 0.003784 0.000000 0.000000 1.001845 0.002178 0.003784 0.002178 0.003784 0.000339  -1  -1  -1 
2338.377899 -0.145534 0.895738 1.001796 0.003782 0.000000 0.000000 1.001884 -0.000088 0.003782 -0.000088 0.003782 0.000339  -1  -1  -1 
2338.379878 -0.143555 0.896279 0.993572 0.003782 0.000000 0.000000 1.001919 -0.008347 0.003782 -0.008347 0.003782 0.000339  -1  -1  -1 
2338.381834 -0.141599 0.896813 1.004867 0.003784 0.000000 0.000000 1.001954 0.002913 0.003784 0.002913 0.003784 0.000339  -1  -1  -1 
2338.383998 -0.139435 0.897405 0.997949 0.003781 0.000000 0.000000 1.001992 -0.004043 0.003781 -0.004043 0.003781 0.000339  -1  -1  -1 
2338.385965 -0.137468 0.897942 1.005603 0.003784 0.000000 0.000000 1.002025 0.003578 0.003784 0.003578 0.003784 0.000339  -1  -1  -1 
2338.388095 -0.135338 0.898524 1.009810 0.003784 0.000000 0.000000 1.002058 0.007752 0.003784 0.007752 0.003784 0.000339  -1  -1  -1 
2338.390063 -0.133370 0.899062 0.999114 0.003781 0.000000 0.000000 1.002087 -0.002973 0.003781 -0.002973 0.003781 0.000339  -1  -1  -1 
2338.392238 -0.131195 0.899656 1.001821 0.003781 0.000000 0.000000 1.002116 -0.000295 0.003781 -0.000295 0.003781 0.000339  -1  -1  -1 
2338.394183 -0.129250 0.900187 1.005919 0.003782 0.000000 0.000000 1.002140 0.003779 0.003782 0.003779 0.003782 0.000339  -1  -1  -1 
2338.396150 -0.127283 0.900725 1.003600 0.003780 0.000000 0.000000 1.002161 0.001439 0.003780 0.001439 0.003780 0.000339  -1  -1  -1 
2338.398338 -0.125095 0.901323 1.011296 0.003784 0.000000 0.000000 1.002181 0.009115 0.003784 0.009115 0.003784 0.000339  -1  -1  -1 
2338.400294 -0.123139 0.901857 1.002824 0.003780 0.000000 0.000000 1.002197 0.000627 0.003780 0.000627 0.003780 0.000339  -1  -1  -1 
2338.402435 -0.120998 0.902442 1.004440 0.003781 0.000000 0.000000 1.002211 0.002229 0.003781 0.002229 0.003781 0.000339  -1  -1  -1 
2338.404402 -0.119031 0.902979 1.002355 0.003780 0.000000 0.000000 1.002223 0.000132 0.003780 0.000132 0.003780 0.000339  -1  -1  -1 
2338.406567 -0.116866 0.903571 1.002307 0.003781 0.000000 0.000000 1.002235 0.000072 0.003781 0.000072 0.003781 0.000339  -1  -1  -1 
2338.408511 -0.114922 0.904102 1.001972 0.003780 0.000000 0.000000 1.002246 -0.000274 0.003780 -0.000274 0.003780 0.000339  -1  -1  -1 
2338.410479 -0.112954 0.904640 0.997830 0.003779 0.000000 0.000000 1.002257 -0.004427 0.003779 -0.004427 0.003779 0.000339  -1  -1  -1 
2338.412597 -0.110836 0.905219 0.997243 0.003780 0.000000 0.000000 1.002270 -0.005027 0.003780 -0.005027 0.003780 0.000339  -1  -1  -1 
2338.414286 -0.109147 0.905680 1.002796 0.003780 0.000000 0.000000 1.002283 0.000513 0.003780 0.000513 0.003780 0.000339  -1  -1  -1 
2338.416138 -0.107295 0.906186 1.002680 0.003780 0.000000 0.000000 1.002297 0.000383 0.003780 0.000383 0.003780 0.000339  -1  -1  -1 
2338.417828 -0.105605 0.906648 0.999961 0.003779 0.000000 0.000000 1.002312 -0.002351 0.003779 -0.002351 0.003779 0.000339  -1  -1  -1 
2338.419506 -0.103927 0.907106 0.999203 0.003781 0.000000 0.000000 1.002329 -0.003126 0.003781 -0.003126 0.003781 0.000339  -1  -1  -1 
2338.421370 -0.102063 0.907615 1.006250 0.003781 0.000000 0.000000 1.002349 0.003901 0.003781 0.003901 0.003781 0.000339  -1  -1  -1 
2338.423048 -0.100385 0.908074 1.000663 0.003779 0.000000 0.000000 1.002369 -0.001706 0.003779 -0.001706 0.003779 0.000339  -1  -1  -1 
2338.424911 -0.098522 0.908583 0.999591 0.003779 0.000000 0.000000 1.002393 -0.002802 0.003779 -0.002802 0.003779 0.000339  -1  -1  -1 
2338.426589 -0.096844 0.909041 1.003350 0.003779 0.000000 -0.000002 1.002414 0.000934 0.003779 0.000936 0.003779 0.000339  -1  -1  -1 
2338.428279 -0.095154 0.909503 1.001441 0.003778 0.000000 -0.000233 1.002208 -0.001001 0.003778 -0.000767 0.003778 0.000339  -1  -1  -1 
2338.430131 -0.093302 0.910009 1.003354 0.003780 0.000000 -0.000696 1.001776 0.000882 0.003780 0.001578 0.003780 0.000339  -1  -1  -1 
2338.431821 -0.091612 0.910471 0.998037 0.003779 0.000000 -0.001238 1.001263 -0.004464 0.003779 -0.003226 0.003779 0.000339  -1  -1  -1 
2338.433487 -0.089946 0.910926 0.998536 0.003778 0.000000 -0.001850 1.000682 -0.003995 0.003778 -0.002146 0.003778 0.000339  -1  -1  -1 
2338.435339 -0.088094 0.911432 1.001165 0.003780 0.000000 -0.002590 0.999977 -0.001402 0.003780 0.001188 0.003780 0.000339  -1  -1  -1 
2338.437029 -0.086404 0.911894 0.998953 0.003779 0.000000 -0.003296 0.999305 -0.003648 0.003779 -0.000352 0.003779 0.000339  -1  -1  -1 
2338.438707 -0.084726 0.912352 1.002675 0.003779 0.000000 -0.003999 0.998637 0.000039 0.003779 0.004038 0.003779 0.000339  -1  -1  -1 
2338.440570 -0.082863 0.912861 0.997411 0.003778 0.000000 -0.004750 0.997926 -0.005265 0.003778 -0.000515 0.003778 0.000339  -1  -1  -1 
2338.442249 -0.081184 0.913320 0.996767 0.003778 0.000000 -0.005359 0.997354 -0.005946 0.003778 -0.000587 0.003778 0.000339  -1  -1  -1 
2338.443938 -0.079495 0.913782 0.997313 0.003779 0.000000 -0.005842 0.996909 -0.005438 0.003779 0.000404 0.003779 0.000339  -1  -1  -1 
2338.445802 -0.077631 0.914291 0.994214 0.003778 0.000000 -0.006073 0.996722 -0.008581 0.003778 -0.002508 0.003778 0.000339  -1  -1  -1 
2338.447480 -0.075953 0.914749 0.996489 0.003778 0.000000 -0.006221 0.996614 -0.006346 0.003778 -0.000125 0.003778 0.000339  -1  -1  -1 
2338.449158 -0.074275 0.915208 0.996934 0.003778 0.000000 -0.006351 0.996525 -0.005942 0.003778 0.000409 0.003778 0.000339  -1  -1  -1 
2338.451045 -0.072388 0.915723 0.996978 0.003779 0.000000 -0.006480 0.996442 -0.005944 0.003779 0.000536 0.003779 0.000339  -1  -1  -1 
2338.452735 -0.070698 0.916185 0.994426 0.003777 0.000000 -0.006585 0.996380 -0.008539 0.003777 -0.001954 0.003777 0.000339  -1  -1  -1 
2338.454598 -0.068835 0.916694 0.998428 0.003779 0.000000 -0.006690 0.996322 -0.004585 0.003779 0.002106 0.003779 0.000339  -1  -1  -1 
2338.456276 -0.067157 0.917153 0.995549 0.003777 0.000000 -0.006777 0.996279 -0.007507 0.003777 -0.000730 0.003777 0.000339  -1  -1  -1 
2338.457954 -0.065479 0.917611 0.996206 0.003776 0.000000 -0.006858 0.996242 -0.006894 0.003776 -0.000036 0.003776 0.000339  -1  -1  -1 
2338.459818 -0.063615 0.918120 0.993909 0.003775 0.000000 -0.006941 0.996207 -0.009240 0.003775 -0.002298 0.003775 0.000339  -1  -1  -1 
2338.461507 -0.061926 0.918582 0.997448 0.003777 0.000000 -0.007011 0.996181 -0.005745 0.003777 0.001267 0.003777 0.000339  -1  -1  -1 
2338.463186 -0.060247 0.919041 0.990730 0.003775 0.000000 -0.007077 0.996160 -0.012507 0.003775 -0.005430 0.003775 0.000339  -1  -1  -1 
2338.465061 -0.058372 0.919553 0.994170 0.003776 0.000000 -0.007145 0.996141 -0.009116 0.003776 -0.001971 0.003776 0.000339  -1  -1  -1 
2338.466739 -0.056694 0.920011 0.996621 0.003776 0.000000 -0.007202 0.996127 -0.006708 0.003776 0.000494 0.003776 0.000339  -1  -1  -1 
2338.468417 -0.055016 0.920470 0.995051 0.003776 0.000000 -0.007256 0.996115 -0.008320 0.003776 -0.001064 0.003776 0.000339  -1  -1  -1 
2338.470280 -0.053153 0.920979 0.998936 0.003777 0.000000 -0.007312 0.996105 -0.004480 0.003777 0.002831 0.003777 0.000339  -1  -1  -1 
2338.471970 -0.051463 0.921441 0.996806 0.003776 0.000000 -0.007359 0.996096 -0.006650 0.003776 0.000710 0.003776 0.000339  -1  -1  -1 
2338.473648 -0.049785 0.921899 0.998791 0.003776 0.000000 -0.007404 0.996089 -0.004702 0.003776 0.002702 0.003776 0.000339  -1  -1  -1 
2338.475523 -0.047910 0.922411 0.995936 0.003776 0.000000 -0.007451 0.996080 -0.007596 0.003776 -0.000144 0.003776 0.000339  -1  -1  -1 
2338.477190 -0.046243 0.922867 0.993798 0.003775 0.000000 -0.007491 0.996073 -0.009766 0.003775 -0.002275 0.003775 0.000339  -1  -1  -1 
2338.478868 -0.044565 0.923325 0.996991 0.003775 0.000000 -0.007528 0.996065 -0.006602 0.003775 0.000926 0.003775 0.000339  -1  -1  -1 
2338.480755 -0.042678 0.923841 0.996285 0.003775 0.000000 -0.007568 0.996055 -0.007337 0.003775 0.000230 0.003775 0.000339  -1  -1  -1 
2338.482421 -0.041012 0.924296 0.996840 0.003776 0.000000 -0.007601 0.996044 -0.006805 0.003776 0.000796 0.003776 0.000339  -1  -1  -1 
2338.484099 -0.039334 0.924754 0.997666 0.003775 0.000000 -0.007632 0.996032 -0.005998 0.003775 0.001634 0.003775 0.000339  -1  -1  -1 
2338.485963 -0.037470 0.925264 0.998624 0.003775 0.000000 -0.007665 0.996017 -0.005058 0.003775 0.002607 0.003775 0.000339  -1  -1  -1 
2338.487641 -0.035792 0.925722 0.996943 0.003776 0.000000 -0.007692 0.996001 -0.006750 0.003776 0.000942 0.003776 0.000339  -1  -1  -1 
2338.489331 -0.034102 0.926184 0.995445 0.003776 0.000000 -0.007718 0.995982 -0.008255 0.003776 -0.000537 0.003776 0.000339  -1  -1  -1 
2338.491194 -0.032239 0.926693 0.997405 0.003776 0.000000 -0.007745 0.995958 -0.006299 0.003776 0.001447 0.003776 0.000339  -1  -1  -1 
2338.492872 -0.030561 0.927151 0.999734 0.003777 0.000000 -0.007768 0.995934 -0.003968 0.003777 0.003800 0.003777 0.000339  -1  -1  -1 
2338.494562 -0.028871 0.927613 0.994866 0.003776 0.000000 -0.007789 0.995908 -0.008831 0.003776 -0.001042 0.003776 0.000339  -1  -1  -1 
2338.496414 -0.027019 0.928119 0.996227 0.003776 0.000000 -0.007811 0.995875 -0.007459 0.003776 0.000352 0.003776 0.000339  -1  -1  -1 
2338.498104 -0.025329 0.928581 0.999206 0.003777 0.000000 -0.007829 0.995842 -0.004466 0.003777 0.003364 0.003777 0.000339  -1  -1  -1 
2338.499782 -0.023651 0.929039 0.996351 0.003776 0.000000 -0.007846 0.995807 -0.007303 0.003776 0.000544 0.003776 0.000339  -1  -1  -1 
2338.501645 -0.021788 0.929548 0.995040 0.003775 0.000000 -0.007864 0.995766 -0.008589 0.003775 -0.000726 0.003775 0.000339  -1  -1  -1 
2338.503335 -0.020098 0.930010 0.996327 0.003775 0.000000 -0.007878 0.995725 -0.007276 0.003775 0.000602 0.003775 0.000339  -1  -1  -1 
2338.505013 -0.018420 0.930469 0.992899 0.003775 0.000000 -0.007891 0.995683 -0.010675 0.003775 -0.002784 0.003775 0.000339  -1  -1  -1 
2338.506888 -0.016545 0.930981 0.993448 0.003775 0.000000 -0.007904 0.995633 -0.010089 0.003775 -0.002185 0.003775 0.000339  -1  -1  -1 
2338.508578 -0.014855 0.931443 0.993783 0.003775 0.000000 -0.007914 0.995586 -0.009717 0.003775 -0.001803 0.003775 0.000339  -1  -1  -1 
2338.510256 -0.013177 0.931901 0.996979 0.003776 0.000000 -0.007924 0.995537 -0.006481 0.003776 0.001442 0.003776 0.000339  -1  -1  -1 
2338.512131 -0.011302 0.932413 0.997401 0.003776 0.000000 -0.007933 0.995479 -0.006011 0.003776 0.001922 0.003776 0.000339  -1  -1  -1 
2338.513809 -0.009624 0.932872 0.997225 0.003777 0.000000 -0.007939 0.995426 -0.006140 0.003777 0.001799 0.003777 0.000339  -1  -1  -1 
2338.515487 -0.007946 0.933330 0.991767 0.003775 0.000000 -0.007945 0.995370 -0.011548 0.003775 -0.003603 0.003775 0.000339  -1  -1  -1 
2338.517351 -0.006082 0.933840 0.999744 0.003778 0.000000 -0.007950 0.995306 -0.003512 0.003778 0.004438 0.003778 0.000339  -1  -1  -1 
2338.519041 -0.004392 0.934301 0.996659 0.003777 0.000000 -0.007954 0.995245 -0.006540 0.003777 0.001414 0.003777 0.000339  -1  -1  -1 
2338.520719 -0.002714 0.934760 0.994067 0.003777 0.000000 -0.007956 0.995183 -0.009072 0.003777 -0.001116 0.003777 0.000339  -1  -1  -1 
2338.522594 -0.000839 0.935272 0.996694 0.003777 0.000000 -0.007957 0.995112 -0.006375 0.003777 0.001582 0.003777 0.000339  -1  -1  -1 
2338.524272 0.000839 0.935731 0.993927 0.003778 0.000000 -0.007957 0.995046 -0.009076 0.003778 -0.001119 0.003778 0.000339  -1  -1  -1 
2338.525962 0.002529 0.936192 0.997708 0.003778 0.000000 -0.007956 0.994979 -0.005227 0.003778 0.002729 0.003778 0.000339  -1  -1  -1 
2338.527837 0.004404 0.936705 0.998331 0.003778 0.000000 -0.007954 0.994902 -0.004524 0.003778 0.003429 0.003778 0.000339  -1  -1  -1 
2338.529526 0.006093 0.937166 0.997158 0.003778 0.000000 -0.007950 0.994832 -0.005624 0.003778 0.002326 0.003778 0.000339  -1  -1  -1 
2338.531205 0.007772 0.937625 0.995784 0.003778 0.000000 -0.007946 0.994761 -0.006923 0.003778 0.001023 0.003778 0.000339  -1  -1  -1 
2338.533068 0.009635 0.938134 0.994056 0.003777 0.000000 -0.007939 0.994683 -0.008566 0.003777 -0.000627 0.003777 0.000339  -1  -1  -1 
2338.534758 0.011325 0.938596 0.994156 0.003776 0.000000 -0.007932 0.994612 -0.008388 0.003776 -0.000456 0.003776 0.000339  -1  -1  -1 
2338.536436 0.013003 0.939054 0.990651 0.003776 0.000000 -0.007924 0.994542 -0.011815 0.003776 -0.003891 0.003776 0.000339  -1  -1  -1 
2338.539688 0.016255 0.939943 0.993951 0.003777 0.000000 -0.007905 0.994409 -0.008364 0.003777 -0.000458 0.003777 0.000339  -1  -1  -1 
2338.541343 0.017910 0.940395 0.997417 0.003780 0.000000 -0.007894 0.994344 -0.004821 0.003780 0.003073 0.003780 0.000339  -1  -1  -1 
2338.543207 0.019774 0.940904 0.992291 0.003777 0.000000 -0.007880 0.994273 -0.009862 0.003777 -0.001982 0.003777 0.000339  -1  -1  -1 
2338.544896 0.021463 0.941365 0.993011 0.003778 0.000000 -0.007866 0.994211 -0.009066 0.003778 -0.001200 0.003778 0.000339  -1  -1  -1 
2338.546575 0.023142 0.941824 0.992226 0.003777 0.000000 -0.007851 0.994152 -0.009776 0.003777 -0.001926 0.003777 0.000339  -1  -1  -1 
2338.548264 0.024831 0.942286 0.994840 0.003777 0.000000 -0.007834 0.994095 -0.007089 0.003777 0.000745 0.003777 0.000339  -1  -1  -1 
2338.549943 0.026510 0.942744 0.990687 0.003777 0.000000 -0.007816 0.994042 -0.011171 0.003777 -0.003355 0.003777 0.000339  -1  -1  -1 
2338.551818 0.028385 0.943257 0.990877 0.003776 0.000000 -0.007795 0.993987 -0.010905 0.003776 -0.003110 0.003776 0.000339  -1  -1  -1 
2338.553496 0.030063 0.943715 0.993316 0.003777 0.000000 -0.007774 0.993941 -0.008399 0.003777 -0.000625 0.003777 0.000339  -1  -1  -1 
2338.555174 0.031741 0.944174 0.993345 0.003777 0.000000 -0.007752 0.993899 -0.008306 0.003777 -0.000554 0.003777 0.000339  -1  -1  -1 
2338.556852 0.033419 0.944632 0.992585 0.003776 0.000000 -0.007728 0.993861 -0.009004 0.003776 -0.001276 0.003776 0.000339  -1  -1  -1 
2338.558530 0.035097 0.945091 0.989963 0.003776 0.000000 -0.007702 0.993827 -0.011566 0.003776 -0.003864 0.003776 0.000339  -1  -1  -1 
2338.560394 0.036961 0.945600 0.995545 0.003777 0.000000 -0.007672 0.993793 -0.005921 0.003777 0.001752 0.003777 0.000339  -1  -1  -1 
2338.562083 0.038650 0.946061 0.990408 0.003776 0.000000 -0.007643 0.993766 -0.011002 0.003776 -0.003358 0.003776 0.000339  -1  -1  -1 
2338.563762 0.040329 0.946520 0.992023 0.003776 0.000000 -0.007613 0.993743 -0.009333 0.003776 -0.001720 0.003776 0.000339  -1  -1  -1 
2338.565440 0.042007 0.946979 0.992108 0.003777 0.000000 -0.007580 0.993724 -0.009196 0.003777 -0.001616 0.003777 0.000339  -1  -1  -1 
2338.567303 0.043870 0.947488 0.993804 0.003777 0.000000 -0.007542 0.993706 -0.007444 0.003777 0.000098 0.003777 0.000339  -1  -1  -1 
2338.568993 0.045560 0.947949 0.995665 0.003778 0.000000 -0.007505 0.993693 -0.005534 0.003778 0.001972 0.003778 0.000339  -1  -1  -1 
2338.570671 0.047238 0.948408 0.997032 0.003778 0.000000 -0.007466 0.993683 -0.004118 0.003778 0.003349 0.003778 0.000339  -1  -1  -1 
2338.572349 0.048916 0.948866 0.990436 0.003777 0.000000 -0.007425 0.993676 -0.010665 0.003777 -0.003240 0.003777 0.000339  -1  -1  -1 
2338.574224 0.050791 0.949379 0.996738 0.003778 0.000000 -0.007377 0.993671 -0.004310 0.003778 0.003067 0.003778 0.000339  -1  -1  -1 
2338.575903 0.052470 0.949837 0.998885 0.003778 0.000000 -0.007330 0.993669 -0.002115 0.003778 0.005216 0.003778 0.000339  -1  -1  -1 
2338.577569 0.054136 0.950292 0.991767 0.003778 0.000000 -0.007281 0.993670 -0.009185 0.003778 -0.001903 0.003778 0.000339  -1  -1  -1 
2338.579444 0.056011 0.950805 0.991195 0.003776 0.000000 -0.007223 0.993675 -0.009702 0.003776 -0.002480 0.003776 0.000339  -1  -1  -1 
2338.581122 0.057689 0.951263 0.991363 0.003777 0.000000 -0.007167 0.993682 -0.009486 0.003777 -0.002319 0.003777 0.000339  -1  -1  -1 
2338.582812 0.059379 0.951725 0.995399 0.003777 0.000000 -0.007107 0.993692 -0.005400 0.003777 0.001707 0.003777 0.000339  -1  -1  -1 
2338.584490 0.061057 0.952183 0.996251 0.003778 0.000000 -0.007044 0.993705 -0.004498 0.003778 0.002546 0.003778 0.000339  -1  -1  -1 
2338.586354 0.062921 0.952693 0.996091 0.003778 0.000000 -0.006969 0.993724 -0.004602 0.003778 0.002367 0.003778 0.000339  -1  -1  -1 
2338.588032 0.064599 0.953151 0.994672 0.003778 0.000000 -0.006896 0.993745 -0.005969 0.003778 0.000927 0.003778 0.000339  -1  -1  -1 
2338.589710 0.066277 0.953610 0.992228 0.003776 0.000000 -0.006818 0.993771 -0.008361 0.003776 -0.001543 0.003776 0.000339  -1  -1  -1 
2338.591388 0.067955 0.954068 0.992065 0.003777 0.000000 -0.006735 0.993801 -0.008471 0.003777 -0.001736 0.003777 0.000339  -1  -1  -1 
2338.593263 0.069830 0.954580 0.991924 0.003777 0.000000 -0.006633 0.993843 -0.008552 0.003777 -0.001919 0.003777 0.000339  -1  -1  -1 
2338.594953 0.071520 0.955042 0.994993 0.003779 0.000000 -0.006533 0.993887 -0.005427 0.003779 0.001106 0.003779 0.000339  -1  -1  -1 
2338.596631 0.073198 0.955501 0.999954 0.003782 0.000000 -0.006423 0.993940 -0.000410 0.003782 0.006014 0.003782 0.000339  -1  -1  -1 
2338.598506 0.075073 0.956013 0.989756 0.003779 0.000000 -0.006288 0.994012 -0.010544 0.003779 -0.004256 0.003779 0.000339  -1  -1  -1 
2338.600184 0.076751 0.956471 0.993609 0.003781 0.000000 -0.006149 0.994092 -0.006632 0.003781 -0.000483 0.003781 0.000339  -1  -1  -1 
2338.601863 0.078430 0.956930 0.994091 0.003780 0.000000 -0.005989 0.994193 -0.006091 0.003780 -0.000102 0.003780 0.000339  -1  -1  -1 
2338.603726 0.080293 0.957439 0.994455 0.003781 0.000000 -0.005624 0.994490 -0.005659 0.003781 -0.000035 0.003781 0.000339  -1  -1  -1 
2338.605416 0.081983 0.957901 0.995270 0.003781 0.000000 -0.005064 0.994987 -0.004781 0.003781 0.000283 0.003781 0.000339  -1  -1  -1 
2338.607094 0.083661 0.958359 0.992513 0.003780 0.000000 -0.004417 0.995570 -0.007474 0.003780 -0.003057 0.003780 0.000339  -1  -1  -1 
2338.608957 0.085524 0.958868 0.996194 0.003782 0.000000 -0.003647 0.996267 -0.003720 0.003782 -0.000073 0.003782 0.000339  -1  -1  -1 
2338.610635 0.087202 0.959327 0.995860 0.003782 0.000000 -0.002942 0.996905 -0.003987 0.003782 -0.001045 0.003782 0.000339  -1  -1  -1 
2338.612325 0.088892 0.959789 0.998877 0.003784 0.000000 -0.002247 0.997531 -0.000901 0.003784 0.001346 0.003784 0.000339  -1  -1  -1 
2338.614189 0.090756 0.960298 0.998488 0.003786 0.000000 -0.001527 0.998172 -0.001211 0.003786 0.000316 0.003786 0.000339  -1  -1  -1 
2338.615867 0.092434 0.960756 0.998939 0.003786 0.000000 -0.000948 0.998678 -0.000687 0.003786 0.000261 0.003786 0.000339  -1  -1  -1 
2338.617545 0.094112 0.961215 1.004705 0.003788 0.000000 -0.000462 0.999089 0.005154 0.003788 0.005616 0.003788 0.000339  -1  -1  -1 
2338.619432 0.095999 0.961730 0.997228 0.003786 0.000000 -0.000080 0.999384 -0.002236 0.003786 -0.002156 0.003786 0.000339  -1  -1  -1 
2338.621121 0.097688 0.962192 1.000991 0.003787 0.000000 0.000000 0.999383 0.001608 0.003787 0.001608 0.003787 0.000339  -1  -1  -1 
2338.622799 0.099366 0.962650 1.002689 0.003789 0.000000 0.000000 0.999301 0.003388 0.003789 0.003388 0.003789 0.000339  -1  -1  -1 
2338.624663 0.101230 0.963160 0.998853 0.003789 0.000000 0.000000 0.999206 -0.000353 0.003789 -0.000353 0.003789 0.000339  -1  -1  -1 
2338.626341 0.102908 0.963618 0.995179 0.003795 0.000000 0.000000 0.999119 -0.003940 0.003795 -0.003940 0.003795 0.000339  -1  -1  -1 
2338.628204 0.104771 0.964127 0.999344 0.003798 0.000000 0.000000 0.999020 0.000324 0.003798 0.000324 0.003798 0.000339  -1  -1  -1 
2338.629894 0.106461 0.964589 1.007533 0.004158 0.000000 0.000000 0.998927 0.008606 0.004158 0.008606 0.004158 0.000339  -1  -1  -1 
2338.631584 0.108151 0.965051 0.997563 0.003799 0.000000 0.000000 0.998833 -0.001270 0.003799 -0.001270 0.003799 0.000339  -1  -1  -1 
2338.655623 0.132190 0.971618 0.996086 0.003791 0.000000 0.000000 0.997359 -0.001273 0.003791 -0.001273 0.003791 0.000339  -1  -1  -1 
2338.657498 0.134065 0.972131 0.995123 0.003791 0.000000 0.000000 0.997242 -0.002119 0.003791 -0.002119 0.003791 0.000339  -1  -1  -1 
2338.659187 0.135754 0.972592 1.001106 0.003797 0.000000 0.000000 0.997137 0.003969 0.003797 0.003969 0.003797 0.000339  -1  -1  -1 
2338.660877 0.137444 0.973054 0.999376 0.003793 0.000000 0.000000 0.997033 0.002343 0.003793 0.002343 0.003793 0.000339  -1  -1  -1 
2338.662752 0.139319 0.973566 0.999373 0.003792 0.000000 0.000000 0.996919 0.002454 0.003792 0.002454 0.003792 0.000339  -1  -1  -1 
2338.664430 0.140997 0.974025 0.993939 0.003789 0.000000 0.000000 0.996818 -0.002879 0.003789 -0.002879 0.003789 0.000339  -1  -1  -1 
2338.666305 0.142872 0.974537 0.997814 0.003790 0.000000 0.000000 0.996707 0.001107 0.003790 0.001107 0.003790 0.000339  -1  -1  -1 
2338.667983 0.144550 0.974996 0.997664 0.003790 0.000000 0.000000 0.996610 0.001054 0.003790 0.001054 0.003790 0.000339  -1  -1  -1 
2338.669662 0.146229 0.975454 0.993531 0.003791 0.000000 0.000000 0.996515 -0.002984 0.003791 -0.002984 0.003791 0.000339  -1  -1  -1 
2338.671548 0.148115 0.975970 0.990886 0.003793 0.000000 0.000000 0.996411 -0.005525 0.003793 -0.005525 0.003793 0.000339  -1  -1  -1 
2338.673226 0.149793 0.976428 0.998856 0.003794 0.000000 0.000000 0.996322 0.002534 0.003794 0.002534 0.003794 0.000339  -1  -1  -1 
2338.675101 0.151668 0.976940 0.993885 0.003794 0.000000 0.000000 0.996225 -0.002340 0.003794 -0.002340 0.003794 0.000339  -1  -1  -1 
2338.676791 0.153358 0.977402 0.995856 0.003796 0.000000 0.000000 0.996141 -0.000285 0.003796 -0.000285 0.003796 0.000339  -1  -1  -1 
2338.678469 0.155036 0.977861 0.994716 0.003799 0.000000 0.000000 0.996061 -0.001345 0.003799 -0.001345 0.003799 0.000339  -1  -1  -1 
2338.680344 0.156911 0.978373 0.995035 0.003805 0.000000 0.000000 0.995975 -0.000940 0.003805 -0.000940 0.003805 0.000339  -1  -1  -1 
2338.682011 0.158578 0.978828 0.993459 0.003811 0.000000 0.000000 0.995902 -0.002443 0.003811 -0.002443 0.003811 0.000339  -1  -1  -1 
