7.651620514421 
7.653946975761 
7.672537821496 
7.679183120756 
7.665142579357 
7.667985661755 
7.661469190386 
7.646082848798 
7.654472807719 
7.678887742963 
7.653767681210 
7.653305194620 
7.653392963558 
7.645630272173 
7.650139624959 
7.645220101395 
7.672800008869 
7.682142399112 
7.672204429706 
7.652010058647 
7.658746265676 
7.635647109444 
7.638857276766 
7.625578401142 
7.628677830498 
7.653014080265 
7.677759679986 
7.680007658968 
7.660987163944 
7.643868333161 
7.641846006342 
7.630211894746 
7.650601376261 
7.653800282875 
7.653663483823 
7.666805303851 
7.655269226555 
7.662545665033 
7.649025664471 
7.663728182904 
7.665620645411 
7.670048207586 
7.679146542513 
7.656377995918 
7.661252505181 
7.668547567257 
7.647605299927 
7.647650127246 
7.630375120573 
7.639803906162 
7.654506453687 
7.672873818540 
7.658794706867 
7.644558495562 
7.667389332523 
7.657136772843 
7.661895786996 
7.653698092209 
7.669067392878 
7.678939467017 
7.670568348276 
7.636567327863 
7.632319272705 
7.670745851739 
7.663469162211 
7.666149436553 
7.660319178639 
7.647382109961 
7.659010202940 
7.645399067179 
7.636739334855 
7.659968415737 
7.657871968345 
7.655624802282 
7.659239393480 
7.658975713431 
7.670220083067 
7.659884845638 
7.651540273614 
7.675908949536 
7.642832361323 
7.648415665751 
7.657065989005 
7.651143612881 
7.677657145469 
7.663276231964 
7.659431163408 
7.661728115134 
7.625305877311 
7.639412028633 
7.653030060589 
7.644389663996 
7.669261687529 
7.671504792966 
7.646545662358 
7.658763565051 
7.640661408881 
7.659902227250 
7.636092926285 
7.665822197127 
7.678536363796 
7.645414309143 
7.679828224923 
7.664918218343 
7.678871645712 
7.663803854822 
7.656595484333 
7.658487201902 
7.666659310346 
7.654684597824 
7.659533732127 
7.653014960361 
7.679832936964 
7.658156521592 
7.645111318205 
7.678583265033 
7.640759369941 
7.644750736984 
7.640143763886 
7.647771753353 
7.655174248790 
7.664313859446 
7.652542882750 
7.650482922652 
7.664989673241 
7.668664995125 
7.678774955118 
7.671482619043 
7.660990392822 
7.662334580998 
7.656467338159 
7.666135999991 
7.683857420726 
7.669160555659 
7.649075261676 
7.653718436512 
7.665236878734 
7.659183325496 
7.670241727499 
7.657278651840 
7.647972783595 
7.640806210950 
7.667087013792 
7.652981691551 
7.639051394667 
7.649918121430 
7.666401841143 
7.670597683189 
7.662821305289 
7.638112233272 
7.659746891390 
7.685522170819 
7.674114369657 
7.659683438812 
7.635387138165 
7.641654999543 
7.631017038574 
7.654524012872 
7.656552685606 
7.660014182205 
7.651870495279 
7.652998448463 
7.630908303125 
7.633998232060 
7.671440307419 
7.670139180219 
7.659000519139 
7.664613224663 
7.667405927502 
7.662705070491 
7.658534116982 
7.674439502702 
7.651929616510 
7.659161464234 
7.658545035714 
7.660558024994 
7.661885053966 
7.645653280170 
7.682357182832 
7.641324699744 
7.650095262622 
7.659658008558 
7.652842028004 
7.674901460142 
7.656831892394 
7.648158290911 
7.677206149134 
7.661000174699 
7.657864893146 
7.649449664430 
7.674140795324 
7.663526317257 
7.671750034582 
7.660816250829 
7.670949502080 
7.637284368700 
7.635751803720 
7.641600010867 
7.635850296566 
7.641376005724 
7.658316618775 
7.668061688712 
7.679214993636 
7.683546524580 
7.652827410781 
7.658406089478 
7.670305523548 
7.672596907985 
7.642571726256 
7.657895498588 
7.670956591629 
7.670385408987 
7.656497260036 
7.656065927799 
7.662305896014 
7.658542715008 
7.661876148345 
7.656330847387 
7.643712062793 
7.642281973876 
7.683706642722 
7.650137804029 
7.658473965138 
7.664568522157 
7.674375246347 
7.663543980316 
7.678628646240 
7.678631448200 
7.669117252761 
7.648839709887 
7.660838087013 
7.670403328615 
7.667107406462 
7.663324904014 
7.636778168746 
7.649681170051 
7.667430818981 
7.675306840815 
7.665769272223 
7.659919041864 
7.661977548382 
7.656323420213 
7.658594947817 
7.683414599388 
7.655562994505 
7.637180055637 
7.645602714370 
7.651542665683 
7.661539816839 
7.667910886428 
7.667586089753 
7.636762353210 
7.655302473754 
7.651768433856 
7.660980111663 
7.655320761947 
7.621949525710 
7.649601547214 
7.648138433375 
7.688860573974 
7.654746722772 
7.633358443240 
7.629589401393 
7.665337549560 
7.672251256431 
7.653938966117 
7.672181581132 
7.649263047852 
7.665440843306 
7.652420678579 
7.687428265071 
7.656694538598 
7.650790256448 
7.653435257053 
7.675384815511 
7.669548539584 
7.650314579901 
7.671641056403 
7.664769706997 
7.660461512581 
7.650903066977 
7.634758348643 
7.631536963495 
7.654281430894 
7.649343415969 
7.655341259325 
7.658673652358 
7.660391315531 
7.653083127621 
7.662768075776 
7.670920320526 
7.666248941013 
7.655112470722 
7.654831688467 
7.653459475127 
7.675673597087 
7.669678909186 
7.666797673957 
7.647558858626 
7.651815890187 
7.654909885723 
7.653143750927 
7.644668445795 
7.665841985221 
7.661502634471 
7.659980363694 
7.671846069998 
7.660949474764 
7.638748601316 
7.664090985720 
7.672976246596 
7.657681382593 
7.638284664560 
7.645491413330 
7.654567159253 
7.673069797452 
7.671709652969 
7.676131577128 
7.646459472375 
7.667787942618 
7.672042712604 
7.660952761184 
7.667019253153 
7.662534419270 
7.673129973856 
7.683020560814 
7.647325428790 
7.667819833661 
7.665677269645 
7.657404965365 
7.654776423468 
7.659484546179 
7.644983461322 
7.636150125170 
7.642628498835 
7.661925537568 
7.651550206255 
7.669596587496 
7.698975729452 
7.676138832386 
7.665325470206 
7.652614147596 
7.670622018434 
7.662470217948 
7.645375870255 
7.667536724884 
7.647233933738 
7.675435970805 
7.669442923424 
7.678498061969 
7.675581584241 
7.644702020819 
7.627588636493 
7.677098217203 
7.672164705124 
7.659813885634 
7.648308641835 
7.650474308916 
7.650231305626 
7.644005684171 
7.656675782720 
7.670398929704 
7.688108489191 
7.683116902670 
7.676531342274 
7.665698575709 
7.656302104584 
7.655428967752 
7.672978271817 
7.660728113272 
7.646150695398 
7.643709737869 
7.651569917012 
7.633298678560 
7.656833438487 
7.670566722204 
7.643954935900 
7.673395556792 
7.651225671446 
7.682994836755 
7.648527674976 
7.662076121409 
7.654012931184 
7.656494394217 
7.661764504676 
7.664381496774 
7.659645925778 
7.648442944024 
7.682840265208 
7.664840342432 
7.643322174145 
7.644918252813 
7.651232970506 
7.678486155626 
7.666281570120 
7.662724634963 
7.662282715786 
7.662645847629 
7.661904620463 
7.628126139372 
7.645718151030 
7.655839300971 
7.638508688890 
7.639794893203 
7.636865733653 
7.655614568965 
7.635976392146 
7.669613162229 
7.673031502227 
7.650339611256 
7.644923197079 
7.641879206130 
7.649399950424 
7.642347389901 
7.651211859435 
7.671941029717 
7.648797540204 
7.674628475260 
7.666789827170 
7.647908271523 
7.647871030239 
7.642583981306 
7.652554672824 
7.647825907445 
7.669990884484 
7.655585018926 
7.659181573176 
7.651676724362 
7.634702901634 
7.651770253955 
7.638646297332 
7.651433258427 
7.660686133554 
7.662673754798 
7.672939434928 
7.623419000843 
7.659046721542 
7.663691502556 
7.654331548162 
7.648507365242 
7.629787167811 
7.657725078314 
7.640458221888 
7.646248610978 
7.651334614532 
7.646206090704 
7.651917016190 
7.652010999421 
7.682542378494 
7.661946054182 
7.661185076504 
7.644028919195 
7.661133929763 
7.644050855132 
7.653871138029 
7.626260800318 
7.656757163670 
7.661124373326 
7.659228686140 
7.656596141665 
7.645289860784 
7.662219650809 
7.670668026337 
7.650814915773 
7.656403679605 
7.662703917892 
7.650335353007 
7.656957058632 
7.671643318347 
7.657201724018 
7.648500267809 
7.659553712932 
7.644624849470 
7.644917235996 
7.674914665369 
7.656187922706 
7.654885615623 
7.656133292934 
7.640748407463 
7.661138073028 
7.642525526688 
7.669338266985 
7.685901568896 
7.650216405855 
7.652158140195 
7.665795449112 
7.664305810613 
7.672655820318 
7.640080468292 
7.664452432172 
7.678629658705 
7.671314204498 
7.647564345380 
7.663779253292 
7.677101436601 
7.668531873336 
7.663389073567 
7.666188324347 
7.653900093957 
7.641169067616 
7.674884765707 
7.650577264277 
7.647362336928 
7.660391595428 
7.660191387410 
7.664439959647 
7.660583572375 
7.633547279486 
7.651091460876 
7.639960373241 
7.657710259740 
7.656925966774 
7.671092707564 
7.658842633356 
7.637240220434 
7.677553386411 
7.666289309576 
7.664402354885 
7.649994233727 
7.667374915453 
7.672021512475 
7.649169721771 
7.678179624522 
7.646626634879 
7.656224493154 
7.648950425831 
7.661217131897 
7.669537731317 
7.650101605514 
7.666278075119 
7.648402205728 
7.663754278838 
7.634698221418 
7.679216114955 
7.664170068789 
7.671439329390 
7.655759457088 
7.645573880472 
7.668104462200 
7.660873105323 
7.663011587636 
7.654893159247 
7.647176222777 
7.650341437154 
7.648332367522 
7.665493132982 
7.675422396347 
7.673768352842 
7.658733348552 
7.669144242228 
7.652399620829 
7.656464120460 
7.670555854654 
7.657295550595 
7.687185026957 
7.662721778526 
7.668341165935 
7.659835396793 
7.655533957628 
7.655306282364 
7.642824853242 
7.656449714830 
7.653203221427 
7.647743608928 
7.652248909027 
7.664348475631 
7.650233962132 
7.642165802106 
7.650291816404 
7.644906131825 
7.645927873012 
7.666768722612 
7.643965156245 
7.670786562266 
7.661520612812 
7.677950619809 
7.671722698550 
7.648279397318 
7.665673185405 
7.660503875068 
7.660238203765 
7.666804071499 
7.673022109192 
7.678479417326 
7.666917183977 
7.676695954121 
7.639090050169 
7.640705919643 
7.666138508395 
7.651730159166 
7.652264880405 
7.680867021827 
7.638332842830 
7.679653671897 
7.651573882359 
7.666789247916 
7.692520619696 
7.665144507114 
7.656911651228 
7.669484968682 
7.660284271051 
7.652483760914 
7.678418836505 
7.688587427030 
7.680146238507 
7.645502462068 
7.653994667695 
7.670911226096 
7.645891619784 
7.657742300332 
7.670021906603 
7.635467882303 
7.635876401339 
7.640957573147 
7.647045086783 
7.670888642904 
7.659638031685 
7.650973036314 
7.653766289930 
7.658151705411 
7.645062392338 
7.655561763633 
7.648422862104 
7.679514060092 
7.672030116947 
7.657621440330 
7.655453133896 
7.670764707016 
7.654424427736 
7.677153169828 
7.663594968235 
7.653349209816 
7.659021581087 
7.658943241599 
7.644923801543 
7.667460624516 
7.678591773315 
7.664874719683 
7.657800484883 
7.674848165707 
7.685607014848 
7.661301574825 
7.686095598426 
7.648309294009 
7.659438975115 
7.651276391926 
7.653092106537 
7.674061248875 
7.667100012027 
7.669461795657 
7.656174207575 
7.678748820454 
7.636479411668 
7.644547178512 
7.659685662791 
7.655925240757 
7.652704849149 
7.664449075665 
7.651118047739 
7.646778429314 
7.653156577398 
7.657717917244 
7.679484821922 
7.656905485291 
7.660578777021 
7.640093575477 
7.651059984195 
7.655733244610 
7.639992679049 
7.651206940602 
7.643646629674 
7.664333305690 
7.653170551609 
7.661079193194 
7.659519702909 
7.635898938776 
7.664863696955 
7.672934969501 
7.647593613442 
7.649945637331 
7.661887766561 
7.652503280094 
7.654836452082 
7.655780733134 
7.668582150616 
7.660581206275 
7.653778869239 
7.674967883811 
7.642948741330 
7.668902190957 
7.662112024022 
7.654934518568 
7.636760499553 
7.664002053169 
7.660125099207 
7.651074502681 
7.630082355144 
7.646210086637 
7.652152399370 
7.664226567506 
7.639044183680 
7.652657173464 
7.654353784885 
7.664226823619 
7.673094879541 
7.659743065228 
7.656299407616 
7.663697852770 
7.651726591081 
7.661555832477 
7.662810692573 
7.653918409925 
7.647769148917 
7.654499044811 
7.653046304247 
7.638590242686 
7.634625882448 
7.654282338238 
7.629513945770 
7.654979031721 
7.652271794643 
7.666599570928 
7.660513149628 
7.669386210587 
7.667432589460 
7.654846490661 
7.633932892511 
7.640432980523 
7.654758138972 
7.649662071758 
7.648879111349 
7.665053489393 
7.654604730391 
7.649856414378 
7.633919929370 
7.652601739581 
7.660367781116 
7.677612588178 
7.649698453917 
7.635262287200 
7.670824472381 
7.652795648996 
7.654443616281 
7.665691396621 
7.682080385599 
7.657473366861 
7.650936869687 
7.641674687206 
7.678884218809 
7.694096713949 
7.667851354783 
7.672956932264 
7.677743555557 
7.671133038641 
7.675073925664 
7.670137758739 
7.654252719598 
7.648528058543 
7.667151754014 
7.654502342068 
7.675458789664 
7.655470310250 
7.655089683682 
7.645468387815 
7.669044902942 
7.667989973522 
7.697355641436 
7.655316030988 
7.651895762402 
7.653558472965 
7.644746860233 
7.643212594342 
7.647740773598 
7.649962369167 
7.668894270136 
7.681912100325 
7.685226313385 
7.668225381720 
7.666612375951 
7.648791101228 
7.653405710924 
7.660816216106 
7.662529745547 
7.655309629482 
7.660228757177 
7.680661249433 
7.665908143400 
7.672727410328 
7.653013427787 
7.648872053565 
7.651812211499 
7.653253095898 
7.637347879503 
7.669372279944 
7.676016332348 
7.683510548473 
7.660275439992 
7.644413825112 
7.666595188764 
7.667859170192 
7.679946902634 
7.669579303493 
7.653217505099 
7.673535647557 
7.660140068270 
7.674280875966 
7.651349622273 
7.638048769721 
7.659196581184 
7.652744656958 
7.683953165078 
7.685126703726 
7.665637654786 
7.659092849424 
7.669220185412 
7.641798214822 
7.632720514313 
7.658189201734 
7.641205360216 
7.663958160216 
7.665659966859 
7.662119605674 
7.665117531567 
7.666261573441 
7.664904333072 
7.631634915443 
7.648229071736 
7.643687568712 
7.648419767138 
7.629765510172 
7.657390051756 
7.651620197170 
7.666003102995 
7.627772180258 
7.647802799915 
7.655038515810 
7.657515437137 
7.659523798597 
7.646164599787 
7.666676341521 
7.659108837493 
7.688781249601 
7.658693623365 
7.646595150423 
7.658708268359 
7.642847475557 
7.650960724207 
7.629601198113 
7.632307025398 
7.669774423511 
7.663958891898 
7.648864358418 
7.685024138499 
7.653113437707 
7.674556923873 
7.670581814482 
7.670229589875 
7.667275304220 
7.674759396058 
7.671963531103 
7.662969934145 
7.644490459372 
7.669553122305 
7.667403528836 
7.665793499036 
7.669761914063 
7.654159665874 
7.643258218664 
7.668338809446 
7.664710923492 
7.669425664894 
7.658280994385 
7.671573540142 
7.659371287477 
7.665735698353 
7.636700006326 
7.653398909524 
7.659966686171 
7.645482927265 
7.653058358083 
7.667689509632 
7.662692713702 
7.666697494225 
7.685011321521 
7.675306061716 
7.667406786238 
7.654504832207 
7.671950820423 
7.656647041254 
7.667347059991 
7.656630509321 
7.652024178552 
7.653911635317 
7.662978491607 
7.670750213113 
7.660759301560 
7.648535044936 
7.650573707513 
7.650016617076 
7.617708797278 
7.665356533582 
7.662573494839 
7.665780728963 
7.657071681210 
7.651781088895 
7.648948061796 
7.666743403849 
7.655742882242 
7.640038684823 
7.661058561657 
7.654421459741 
7.670535247032 
7.664611016407 
7.679178112460 
7.648066031887 
7.640848332828 
7.689216069401 
7.666313854780 
7.663302177151 
7.638888270240 
7.649694765351 
7.651890411741 
7.660385262394 
7.652296565051 
7.647668561722 
7.639706136062 
7.638881425595 
7.626526545275 
7.683265534960 
7.651223525271 
7.654925008196 
7.670918522829 
7.648027324647 
7.652131040580 
7.677961681859 
7.677324437152 
7.665585772539 
7.650417133647 
7.678357072143 
7.647015883075 
7.691807714239 
7.664436078059 
7.629224303437 
7.652020992207 
7.648064470391 
7.656974343629 
7.667217092667 
7.647550089991 
7.660987308269 
7.671902888326 
7.665705908172 
7.645425866247 
7.668763911529 
7.680624184423 
7.659799800422 
7.670578262884 
7.644384007397 
7.682954812531 
7.652765639700 
7.660513679836 
7.653390722218 
7.673496675612 
7.663028826530 
7.662187694629 
7.672184594799 
7.655862594573 
7.656050979012 
7.669160930624 
7.679737250007 
7.658490151257 
7.639667769402 
7.664855772795 
7.638235441943 
7.664456132909 
7.668986386208 
7.663856202429 
7.683175288170 
7.670078497106 
7.651137851617 
7.648556642455 
7.649173666389 
7.664691160217 
7.645293340639 
7.649034264172 
7.642353356472 
7.664376849322 
7.649689303178 
7.648694175099 
7.683854396852 
7.665599712808 
7.685290494685 
7.645018883918 
7.657723180904 
7.656970727924 
7.676014467709 
7.669140226446 
7.671073179282 
7.643542482447 
7.657089319381 
7.658054240465 
7.634120647264 
7.658546629457 
7.662664812672 
7.661514430875 
7.653011853863 
7.663792022077 
7.689217037676 
7.678934082785 
7.676541358525 
7.672546284480 
7.656335028521 
7.663256530848 
7.668757292917 
7.678991428274 
7.668984090438 
7.672564206560 
7.646588933632 
7.647662106549 
7.659037024646 
7.664746269883 
7.673423238426 
7.649791545328 
7.653419336599 
7.645895325132 
7.681060603489 
7.673157614301 
7.667607539940 
7.641495832848 
7.662769705747 
7.654265495747 
7.648517100898 
7.656589358029 
7.640362864182 
7.657200642285 
7.661782304023 
7.666337911657 
7.652551083787 
7.658578490065 
7.660039930623 
7.659094501990 
7.668643370800 
7.670985498836 
7.661242956489 
7.694094043071 
7.666447171068 
7.649989422071 
7.643245130542 
7.661385485387 
7.660707995890 
7.644273755152 
7.667560497775 
7.642467978759 
7.658728529852 
7.653339852306 
7.653278737753 
7.635901042752 
7.681349023901 
7.648640227007 
7.670790739104 
7.656120244624 
7.666253017906 
7.636879744875 
7.684755521724 
7.648156043110 
7.649968662381 
7.658402597876 
7.654616977242 
7.682950283038 
7.653970879260 
7.653573127205 
7.647574447935 
7.651552317099 
7.662903995798 
7.644526288894 
7.618792214180 
7.643103999279 
7.667767396010 
7.658247293377 
7.656820141424 
7.655919391793 
7.663380781243 
7.651433201371 
7.656610095225 
7.653587536797 
7.652178683127 
7.673301042757 
7.676387365059 
7.647818352502 
7.657502942139 
7.658400909032 
7.664867756163 
7.672268183369 
7.656508840873 
7.645461792602 
7.679733652117 
7.666611342754 
7.682751961200 
7.666884579790 
7.684476257047 
7.698204588869 
7.660858302818 
7.677547263232 
7.655250672233 
7.652406802440 
7.656550596858 
7.652901291401 
7.659617026109 
7.673850889847 
7.674446860877 
7.650889110449 
7.634954869958 
7.654498773703 
7.649882402864 
7.657238329724 
7.628836397840 
7.614720283715 
7.664063206246 
7.648001203034 
7.640327344194 
7.631504852527 
7.648572472131 
7.653326686432 
7.659791915603 
7.657848440275 
7.688851945438 
7.648702332942 
7.651435478520 
7.680883161047 
7.665206637681 
7.644335618428 
7.650544927626 
7.664435984312 
7.644774213829 
7.683763321247 
7.646942544031 
7.657373352829 
7.675132035327 
7.673040816100 
7.658759849459 
7.657534681554 
7.660818124951 
7.650319052374 
7.648722603909 
7.648579456115 
7.641136299097 
7.637471911215 
7.644302708104 
7.646665895998 
7.656306609289 
7.642994071497 
7.665448861133 
7.673375626582 
7.652280805047 
7.685365214912 
7.672399703621 
7.677795932761 
7.655077743438 
7.654902012533 
7.652959176788 
7.670210951677 
7.647805234099 
7.651301936490 
7.634878113661 
7.653042610862 
7.673367610097 
7.685270071808 
7.661001559366 
7.661409230044 
7.664364058604 
7.691301206636 
7.664829885215 
7.673430131727 
7.646380579813 
7.651173117788 
7.642051753582 
7.633693156666 
7.665011302927 
7.659408649202 
7.666463533455 
7.654752359629 
7.643516400417 
7.644841560799 
7.639461040395 
7.642054350369 
7.647962528736 
7.652280552726 
7.650435795508 
7.654076297878 
7.684705522963 
7.675474121424 
7.645548312599 
7.635088520942 
7.680802324331 
7.653896285580 
7.667064925146 
7.672260603850 
7.661963931669 
7.646451638737 
7.655867137541 
7.647889849066 
7.663823546992 
7.656080059925 
7.671562296992 
7.657847591735 
7.662795250789 
7.662235798282 
7.657549845875 
7.641548665312 
7.658266381051 
7.668776296890 
7.646080637080 
7.640340546222 
7.644545525817 
7.645230680217 
7.648250819690 
7.651303732737 
7.680836198923 
7.653818635278 
7.671899062306 
7.666184171087 
7.657404577406 
7.663760474044 
7.664587584456 
7.658809482137 
7.652287004558 
7.663821859231 
7.667143363545 
7.661050902333 
7.686601916708 
7.641235121532 
7.647004870001 
7.656243949796 
7.663674161745 
7.650365679408 
7.638164864364 
7.658274727295 
7.669373165680 
7.664114971700 
7.666041170201 
7.673086850461 
7.663972976924 
7.647071434046 
7.652736536450 
7.663266482526 
7.643066902807 
7.661057620287 
7.671799849667 
7.625930882940 
7.644215735120 
7.649516420458 
7.656664129995 
7.661027918508 
7.661597916996 
7.662009112865 
7.656708639022 
7.673021273816 
7.670401089786 
7.656845272177 
7.655688519609 
7.647093289160 
7.650113716748 
7.644767513010 
7.642424429873 
7.619629585855 
7.646367817546 
7.658031789383 
7.665294044743 
7.668551088559 
7.660559216515 
7.653432429080 
7.672081339136 
7.654120393801 
7.673623457134 
7.656507252269 
7.663297415762 
7.637508965848 
7.649518322671 
7.656935092602 
7.673880165169 
7.640215406487 
7.679996076637 
7.683424003010 
7.672102604916 
7.676325330094 
7.666107912003 
7.656012960110 
7.644800417888 
7.636015578565 
7.659348418040 
7.669263752510 
7.638576321686 
7.656657181005 
7.646282238644 
7.662865545201 
7.661620255394 
7.662007227107 
7.652937749845 
7.646833237888 
7.648418863295 
7.640498982314 
7.631608341533 
7.638868876167 
7.645387459726 
7.685288004027 
7.671612802272 
7.660783663413 
7.661145992907 
7.648818629033 
7.665008531783 
7.628126755960 
7.654438893422 
7.656046423106 
7.661843369899 
7.666412484392 
7.657270202410 
7.662793509939 
7.640557373083 
7.643591508650 
7.669359944501 
7.678299179445 
7.664118428039 
7.636571459249 
7.654490123391 
7.650359349356 
7.634504118156 
7.663105401297 
7.652203406671 
7.641000031913 
7.624535315888 
7.643108211074 
7.670610320197 
7.643918555988 
7.649197460760 
7.649871243329 
7.628472728401 
7.672096885960 
7.659705165030 
7.639395478400 
7.653927114619 
7.660317358142 
7.649613621166 
7.695775834746 
7.644054729122 
7.629891591845 
7.655234005949 
7.654158117381 
7.634411164707 
7.657557881238 
7.664827381741 
7.653762982486 
7.657662576878 
7.674142785110 
7.669444500505 
7.656452924264 
7.645733263147 
7.651882500681 
7.654428104196 
7.641509165789 
7.651689605105 
7.641118534161 
7.650637712471 
7.661746511573 
7.643964243850 
7.659017867764 
7.660187595506 
7.679829088371 
7.668092862007 
7.654629075875 
7.660234265293 
7.673361378446 
7.665556381540 
7.680296174562 
7.677220969381 
7.649484839175 
7.658880808899 
7.663325250148 
7.670216351952 
7.660415010158 
7.652387715750 
7.663129123539 
7.661424888895 
7.655652234710 
7.659514087275 
7.665923218893 
7.630293257530 
7.646264119692 
7.682314265932 
7.663523255347 
7.675270091694 
7.663138099426 
7.662314774324 
7.637116394628 
7.650300415969 
7.661478576971 
7.664346209806 
7.669623341713 
7.681592342593 
7.658579485838 
7.675338257944 
7.670765823392 
7.652448331705 
7.652483672662 
7.653887244208 
7.672014727952 
7.669652390526 
7.654033265370 
7.669526924437 
7.660680370876 
7.668024410073 
7.675187746280 
7.661901371360 
7.658969826860 
7.676905310490 
7.674760765418 
7.676477623556 
7.666510542678 
7.683700440702 
7.664795197806 
7.664974470496 
7.649697620742 
7.650226468706 
7.663477446243 
7.690319382121 
7.692369654474 
7.662865349087 
7.628233929276 
7.648662257126 
7.636194313289 
7.637286042948 
7.642781735562 
7.645675373644 
7.662404708018 
7.662375244310 
7.667096840636 
7.660623710436 
7.653545999557 
7.645486302903 
7.646411390942 
7.655417568591 
7.654580555684 
7.667128775384 
7.676251136654 
7.660564822251 
7.662308207083 
7.648394815592 
7.643512523055 
7.656984268783 
7.658275859423 
7.658349337377 
7.652627987509 
7.634727687204 
7.639072378489 
7.661292413370 
7.628347718446 
7.662857644618 
7.662880942519 
7.670025897818 
7.671818671506 
7.647374461566 
7.655336578189 
7.649946393676 
7.634147658864 
7.667398695442 
7.636200988173 
7.665630410420 
7.652509114876 
7.675994141188 
7.649814981988 
7.657595937523 
7.651325514373 
7.635311373636 
7.672491414108 
7.654086274672 
7.649081829210 
7.670638957340 
7.662082428458 
7.653587407519 
7.670918472136 
7.669725621865 
7.637918880468 
7.646806258346 
7.660595179781 
7.645187086011 
7.658389297928 
7.664748422714 
7.648478540545 
7.652364942145 
7.659019189409 
7.650207754984 
7.661590657662 
7.661695871403 
7.665238387923 
7.673767185759 
7.684006254897 
7.670653349374 
7.663828415709 
7.644911180316 
7.669521163106 
7.657833155587 
7.640181220108 
7.682164832016 
7.670983144313 
7.647724079139 
7.656090597251 
7.649197337404 
7.667101443293 
7.666487017767 
7.642033028598 
7.667168534784 
7.658441256084 
7.671757091230 
7.670994461300 
7.663368279021 
7.665081711155 
7.661630277653 
7.655683985322 
7.644240449836 
7.634185915744 
7.654509680835 
7.640263309956 
7.658361825423 
7.655030851403 
7.650429545957 
7.655355503528 
7.649897068359 
7.649455228215 
7.652119514596 
7.657814798979 
7.631648797809 
7.661693476942 
7.662857837835 
7.641831633158 
7.644647422093 
7.655101361068 
7.662272690030 
7.665494587655 
7.656186708444 
7.634434723482 
7.672949284949 
7.681856377277 
7.638801652513 
7.646418155227 
7.691686758388 
7.649971836358 
7.649507038257 
7.671882085221 
7.648817037674 
7.646537814460 
7.643322357080 
7.669728968673 
7.655489763305 
7.664144113439 
7.659953356866 
7.671039752495 
7.643540987701 
7.663780917853 
7.632088857129 
7.654726563929 
7.657007921743 
7.688169859925 
7.634784743119 
7.654914428025 
7.652562041822 
7.646622531715 
7.666041984219 
7.659066484323 
7.648076724770 
7.636243696535 
7.660131500990 
7.621968190786 
7.645241525183 
7.652476783724 
7.665794755539 
7.655284332550 
7.658357386073 
7.666198586424 
7.654015534923 
7.661415389133 
7.659719653676 
7.657844596645 
7.680816612718 
7.642669171711 
7.633917601587 
7.660274846672 
7.643375527049 
7.651765716898 
7.640809242204 
7.645469391104 
7.645359601220 
7.649126183415 
7.654537617066 
7.651914847381 
7.675097520326 
7.694560299317 
7.665162437784 
7.652171964767 
7.645278330910 
7.657252597403 
7.649467393535 
7.645807220842 
7.641632517239 
7.643135632719 
7.659052604279 
7.653687912417 
7.650814472919 
7.678021372307 
7.676546202480 
7.674937377687 
7.659331053873 
7.648222332420 
7.663117498869 
7.650798817394 
7.646056374786 
7.656674247398 
7.651981539039 
7.662447432842 
7.657338859003 
7.647942415208 
7.664565953014 
7.675095025657 
7.658766499148 
7.670804800498 
7.677628227912 
7.662958086232 
7.633509507758 
7.666691079013 
7.684348067746 
7.656660202476 
7.655046833957 
7.674796350329 
7.656807329902 
7.669462360413 
7.633055118736 
7.650170835487 
7.640151622675 
7.669110853078 
7.640549159804 
7.664183339956 
7.664223065243 
7.674723240125 
7.653000286141 
7.670019793319 
7.633472780006 
7.672978886130 
7.669546996166 
7.650378231822 
7.670977586854 
7.657506707629 
7.653498934724 
7.630540114984 
7.648544951862 
7.656901908350 
7.654363949022 
7.659923860348 
7.639756612188 
7.667910325281 
7.664657149601 
7.669129810762 
7.651037183808 
7.646815035245 
7.662443368859 
7.670910431843 
7.662787568481 
7.677230341072 
7.659741545932 
7.656908262036 
7.671876256878 
7.649934090148 
7.658292842480 
7.638275483364 
7.632097139609 
7.622520451687 
7.663355863100 
7.668245048250 
7.669607514330 
7.662754818411 
7.627143529949 
7.658423250955 
7.651559664332 
7.659503141515 
7.618537865127 
7.649160072689 
7.656018489419 
7.664739223392 
7.662361759097 
7.668444734756 
7.648002808265 
7.648715872024 
7.667101973117 
7.672985522400 
7.672544974969 
7.638397181299 
7.664512565593 
7.648251056003 
7.645810879822 
7.650099127677 
7.636633143629 
7.650069137646 
7.651122121536 
7.643234856597 
7.646804013666 
7.653437912628 
7.636681720879 
7.640888102651 
7.650543534720 
7.644450217953 
7.650794614206 
7.657459864146 
7.651393647432 
7.652437102825 
7.685869405715 
7.670550202730 
7.658122464688 
7.671597048027 
7.669713008756 
7.667781592153 
7.668648608550 
7.650062899016 
7.674564519925 
7.660652990171 
7.640659486012 
7.631122669658 
7.656358666240 
7.664355754823 
7.662572084367 
7.673834322956 
7.666415943444 
7.651823391377 
7.640820321578 
7.649284734967 
7.640421116356 
7.687437703740 
7.654625589617 
7.660927410284 
7.683432615984 
7.682478843511 
7.685327278562 
7.644852211704 
7.648937286561 
7.656534468485 
7.630840323618 
7.624920032966 
7.659987644331 
7.663640397959 
7.665306719063 
7.667282542081 
7.659876130135 
7.666619211472 
7.652308804148 
7.648440556068 
7.646865286829 
7.655901546492 
7.654324688345 
7.637000754119 
7.660204345418 
7.654794930064 
7.661360083232 
7.644881201854 
7.625638892423 
7.659091882447 
7.645597731130 
7.657551742279 
7.667031097670 
7.634437465578 
7.643479037650 
7.659063077667 
7.664204649555 
7.654036724282 
7.658506234700 
7.662208802311 
7.665946908995 
7.680017702876 
7.645058255793 
7.647691623730 
7.640955847556 
7.693112581951 
7.674847066422 
7.668321780883 
7.668174528207 
7.653494642980 
7.662678933471 
7.666110740947 
7.647190921576 
7.664367918845 
7.659825058935 
7.649524548938 
7.650034294481 
7.680964994825 
7.649297747579 
7.663291474731 
7.680423876039 
7.661583665933 
7.672036564324 
7.659536039877 
7.635352369922 
7.645435370345 
7.656357717090 
7.672698066982 
7.653814154315 
7.646724354501 
7.649835354741 
7.650476975095 
7.643922741550 
7.648285202318 
7.659000109582 
7.671962158434 
7.694363325529 
7.637862981561 
7.670640767646 
7.664680395360 
7.663663601166 
7.659501201260 
7.656964837222 
7.654875302172 
7.662893591987 
7.651354160634 
7.659831405103 
7.644979454513 
7.680003001752 
7.662551717429 
7.642046211741 
7.647729149071 
7.647132932161 
7.669792906191 
7.652273195380 
7.646867607292 
7.660209926585 
7.675330065508 
7.665620282054 
7.649071345006 
7.666051549336 
7.652041606929 
7.656906407675 
7.647212824463 
7.640310387298 
7.660007273264 
7.681818693251 
7.648809907739 
7.627781636500 
7.654418428632 
7.662341853916 
7.650463513943 
7.677120440648 
7.662154271616 
7.661081905741 
7.641688388269 
7.669648362052 
7.648198781621 
7.652141515697 
7.648605024389 
7.653170832326 
7.677207184926 
7.668267099805 
7.634136065277 
7.669257915279 
7.663764574974 
7.678228813192 
7.641149398988 
7.669012122982 
7.662391770178 
7.657077108623 
7.665913785707 
7.651832764179 
7.658201230885 
7.654256600690 
7.666899009233 
7.649068887275 
7.671065488535 
7.674564273495 
7.676302528039 
7.653584877136 
7.646973678636 
7.660015974946 
7.673253655657 
7.677194567638 
7.670413845881 
7.647227536652 
7.679117730935 
7.661587083660 
7.672138973780 
7.641356884016 
7.660098186377 
7.653294073121 
7.625702576952 
7.657367602828 
7.644478000689 
7.649815128164 
7.635187462828 
7.653197742553 
7.675626906189 
7.672469312850 
7.676878379468 
7.654528141556 
7.669914313164 
7.668253015385 
7.680280945262 
7.663376012951 
7.667053836069 
7.678040997061 
7.647299745043 
7.674471181492 
7.681244726620 
7.679131907178 
7.674583022693 
7.643588472240 
7.625086729528 
7.635352647291 
7.662375342675 
7.648949073149 
7.638067878550 
7.634037518244 
7.651124192123 
7.650471583550 
7.624768093589 
7.655797417947 
7.644793899005 
7.654231224925 
7.655211464312 
7.671692717768 
7.651618346222 
7.650319510169 
7.644630609015 
7.642116099527 
7.646729705801 
7.674978955039 
7.676963660826 
7.650196842001 
7.690151751657 
7.659859137878 
7.668697863978 
7.643194516742 
7.637138137091 
7.645682813162 
7.638071549048 
7.639421779317 
7.662546573595 
7.657737630157 
7.651479609710 
7.653592359554 
7.658737543822 
7.680503910131 
7.670483180786 
7.645919126912 
7.655947203254 
7.657518107466 
7.647126768000 
7.649535040469 
7.643357714925 
7.650114353930 
7.657534612328 
7.645331307365 
7.650134081355 
7.649305105261 
7.675229993446 
7.645654648383 
7.664070043983 
7.690398181611 
7.662729382554 
7.677798176804 
7.643925527115 
7.665449246891 
7.672443034308 
7.650897389164 
7.654284880905 
7.652450962675 
7.658351510521 
7.660048651999 
7.637687496909 
7.645322261033 
7.656617277221 
7.646868078540 
7.646366681629 
7.658487812073 
7.670699951498 
7.650505938328 
7.633559789395 
7.652313239871 
7.666917779465 
7.674530328048 
7.672238252459 
7.668737125870 
7.649050796263 
7.656619783699 
7.660284238065 
7.661675794992 
7.664738844471 
7.661279284755 
7.647766230980 
7.639322422925 
7.670647639551 
7.674015145174 
7.660948785681 
7.670558796413 
7.665200060859 
7.661600976050 
7.669025776986 
7.677183208714 
7.671185663551 
7.661846487025 
7.667782334901 
7.670710077788 
7.665110069643 
7.649594656516 
7.662102863977 
7.649664308101 
7.633163148011 
7.673396086384 
7.676861307590 
7.662497613759 
7.665794425381 
7.669557165794 
7.640629122355 
7.669060484473 
7.688914158033 
7.677639019052 
7.665842509662 
7.647768282704 
7.633623219450 
7.672704734220 
7.659214795588 
7.661649591178 
7.669672582868 
7.665279132607 
7.674161978009 
7.645728512027 
7.664291455114 
7.655695885279 
7.673083758496 
7.636355031806 
7.652981109599 
7.646493141135 
7.659597604645 
7.654237654459 
7.644098717866 
7.678468156426 
7.634221662681 
7.668904006933 
7.665882778127 
7.657116916046 
7.668736832518 
7.663677752140 
7.647898777780 
7.663206851615 
7.649589759057 
7.655127073578 
7.647363194437 
7.638749509349 
7.642060880001 
7.646266950458 
7.659583976101 
7.657478065828 
7.665981821412 
7.664199054866 
7.635369362552 
7.670010238338 
7.640945427146 
7.665100962650 
7.692699459810 
7.647981775139 
7.647668300490 
7.660058423806 
7.655069061760 
7.665617577225 
7.670246597048 
7.657020383390 
7.662072003030 
7.662030959702 
7.635436088550 
7.672092061680 
7.660954754077 
7.659613395372 
7.663574203123 
7.673772776866 
7.658652941562 
7.637357556282 
7.634252865991 
7.658160021246 
7.642634438292 
7.647394570927 
7.627642763671 
7.647102307079 
7.656054097903 
7.671893736508 
7.658978394703 
7.673910171222 
7.676633777206 
7.658888585710 
7.667662443965 
7.637685746983 
7.642386617366 
7.652065877880 
7.684055176938 
7.665252790171 
7.670673937759 
7.673145413997 
7.646100842259 
7.669874251825 
7.654066326780 
7.651830471813 
7.664475216506 
7.669036054703 
7.641460006609 
7.668182290179 
7.672363038657 
7.668494590904 
7.642425778553 
7.665029287326 
7.673011611774 
7.679091273063 
7.671577720560 
7.673927677110 
7.664482698284 
7.649364693640 
7.641172746321 
7.652447820755 
7.645892622359 
7.639507864437 
7.651680251682 
7.656917566739 
7.670736990235 
7.650000954919 
7.664326394830 
7.656193361556 
7.638023365551 
7.660728760911 
7.663609442770 
7.657683044578 
7.651671582449 
7.651799473627 
7.645275237589 
7.651905750701 
7.682125826126 
7.654744250827 
7.664374991195 
7.632701664368 
7.656631324532 
7.655579044561 
7.671827061286 
7.697227943137 
7.657585625632 
7.655901354639 
7.694656140713 
7.656931040018 
7.670182404781 
7.672591980322 
7.673914600828 
7.664894116013 
7.636161150123 
7.644336729166 
7.682804589952 
7.659865577899 
7.660562756048 
7.672533981389 
7.657756362798 
7.649413370127 
7.657665401089 
7.657474845596 
7.650172847676 
7.656711209313 
7.666992656118 
7.659257551233 
7.674475102020 
7.641965963344 
7.675849884330 
7.652348320981 
7.650107356087 
7.664951632781 
7.659215344093 
7.655958988439 
7.662049680965 
7.654385713215 
7.656068173444 
7.664610240874 
7.660128366657 
7.632654636078 
7.656378715918 
7.650060497785 
7.650466179004 
7.661894567507 
7.672213384994 
7.629833957251 
7.651526440460 
7.653841536421 
7.654198635224 
7.655570615854 
7.668704060591 
7.670319221590 
7.664959940477 
7.662584673098 
7.647938137850 
7.643038645579 
7.654438127498 
7.668216937920 
7.676366911228 
7.657587347492 
7.644944110594 
7.661814400998 
7.650213638552 
7.668708775433 
7.652354055108 
7.669909743218 
7.660427486426 
7.659694659484 
7.663707074505 
7.683969489984 
7.630591005455 
7.652562898975 
7.641359743532 
7.649124273484 
7.643923846124 
7.635461700390 
7.648848007432 
7.651805863739 
7.616672613212 
7.686376091470 
7.654855876773 
7.643171411752 
7.647701481482 
7.668848133174 
7.637974137196 
7.635022847528 
7.623131338811 
7.646074734739 
7.647158624873 
7.651667793457 
7.678048656877 
7.672060121650 
7.653056044426 
7.686738962426 
7.671574781110 
7.644167574365 
7.651555402126 
7.658234812876 
7.650097166702 
7.626532681305 
7.625873305654 
7.623121678796 
7.664471469108 
7.663859238947 
7.659861687764 
7.663148531410 
7.662521057305 
7.649556160566 
7.637210498349 
7.651994219788 
7.668070312183 
7.657738090474 
7.657539782454 
7.667020467887 
7.658383194440 
7.651284894188 
7.636014827591 
7.643472804105 
7.636617643322 
7.674341106452 
7.644817972185 
7.682902660285 
7.657589628454 
7.647606528646 
7.638510278541 
7.641247010809 
7.639547462293 
7.655857258863 
7.662437915772 
7.676348429605 
7.654312225370 
7.666041107609 
7.666876781812 
7.672132100665 
7.686977452847 
7.669152865867 
7.636630140611 
7.662100585949 
7.657441181151 
7.637079589672 
7.644448054962 
7.634528520077 
7.639322071879 
7.626115601180 
7.668072692511 
7.647237325295 
7.668327430654 
7.640245160594 
7.662979449381 
7.659340433232 
7.672967913993 
7.675392796680 
7.662668323167 
7.656842209102 
7.672716340475 
7.662090502396 
7.656220213686 
7.656110174399 
7.661423820945 
7.655468452812 
7.628948191361 
7.667294093586 
7.662184634527 
7.656194861477 
7.650579343765 
7.642081130073 
7.691615813847 
7.700732433037 
7.652744765316 
7.667842402639 
7.658691499232 
7.641753744374 
7.631059120902 
7.669386361660 
7.653312003196 
7.666927077469 
7.663102082229 
7.657377632792 
7.646328695788 
7.683578869660 
7.691835722673 
7.674859078975 
7.685786395910 
7.674852194774 
7.670124119811 
7.670956410803 
7.659347547444 
7.664168997854 
7.641313438831 
7.638095832996 
7.657551243411 
7.679088358953 
7.656275309035 
7.649931694794 
7.635060736668 
7.651553968567 
7.636154655917 
7.640567290528 
7.661460181405 
7.647461974680 
7.661954753188 
7.665781474836 
7.658453139971 
7.675312197938 
7.646111887443 
7.634091551326 
7.651295778958 
7.653667624240 
7.648954949522 
7.638204199091 
7.635104780683 
7.666748605023 
7.664638073511 
7.649825875665 
7.649494767226 
7.669968057438 
7.668863995608 
7.650129054571 
7.659470027063 
7.642650429467 
7.646572885627 
7.664519404604 
7.642733626751 
7.632142097048 
7.656683509104 
7.670186512907 
7.667628318084 
7.667151255178 
7.647627090131 
7.680187985856 
7.658722020708 
7.650982054946 
7.659355704852 
7.642633260993 
7.663843713167 
7.665838073549 
7.664117416724 
7.655222273574 
7.676691920151 
7.651412713607 
7.661830082423 
7.670311133361 
7.668536223367 
7.657199251406 
7.683492144723 
7.664894214076 
7.670328489716 
7.681284285997 
7.676674488063 
7.670726912274 
7.665179753290 
7.654464105354 
7.649023204921 
7.664043087324 
7.673710257434 
7.671920138541 
7.651334282138 
7.683583179023 
7.663123488523 
7.665272474995 
7.661907027148 
7.667178348919 
7.663454463984 
7.665185282500 
7.662021323843 
7.630295174534 
7.679417319345 
7.650412896421 
7.645444002530 
7.647378220994 
7.663381384128 
7.658846020016 
7.661301495270 
7.670774642002 
7.661168701185 
7.654969854542 
7.662081255880 
7.672057170916 
7.656963184819 
7.648422210649 
7.656236272195 
7.644771233162 
7.663462375487 
7.691153255411 
7.651374123446 
7.640086399139 
7.668853606275 
7.668415068316 
7.676541737045 
7.661075982659 
7.649049728835 
7.684396376661 
7.676712966296 
7.680674568115 
7.654030644001 
7.656991912750 
7.631142189530 
7.659167145581 
7.670157210072 
7.682058839771 
7.697511832251 
7.658751010791 
7.644788436404 
7.639642087813 
7.616187606094 
7.662864544852 
7.670565772526 
7.677517642814 
7.667546210012 
7.652892622964 
7.673081228658 
7.677191691665 
7.662878053111 
7.672001652588 
7.649516616297 
7.646106899788 
7.635149951020 
7.664378935980 
7.654370663766 
7.669020198586 
7.653903973166 
7.673427955742 
7.676388378734 
7.659183358726 
7.650870735380 
7.652337352844 
7.642302265721 
7.665410385782 
7.672607434701 
7.669691951826 
7.685693970144 
7.659930744520 
7.695286001875 
7.665228459072 
7.662582768229 
7.663443528797 
7.633377121451 
7.664403077515 
7.649682737519 
7.659881966755 
7.679552175231 
7.633659094207 
7.644229589133 
7.651227702516 
7.637236278229 
7.634713063449 
7.636378909774 
7.659306642034 
7.664609050095 
7.671638151969 
7.660165847279 
7.653991932865 
7.668749718961 
7.646609489306 
7.664747539045 
7.666987929089 
7.652264652310 
7.658150895411 
7.665728476971 
7.661379077944 
7.663417792119 
7.677139199998 
7.693483339522 
7.680007100978 
7.660114182322 
7.641775495339 
7.649147170874 
7.648722195848 
7.663854541069 
7.659143631566 
7.610579913117 
7.649915980446 
7.642780463762 
7.643830085670 
7.680182078704 
7.641183616859 
7.645300754785 
7.648728229800 
7.628152540066 
7.635537116157 
7.653713992565 
7.680485026370 
7.676611279168 
7.648096395984 
7.661985915600 
7.665601713794 
7.661229278812 
7.680953961418 
7.657811894292 
7.652760902156 
7.634262158031 
7.657063558782 
7.646785676419 
7.650704434371 
7.665839173573 
7.658830766540 
7.660254397162 
7.637153295359 
7.656558322142 
7.665538106126 
7.658539698356 
7.649772771767 
7.647758142818 
7.649763626141 
7.631953833006 
7.658614076247 
7.654582939442 
7.638950445483 
7.647847793367 
7.665490859496 
7.647379489844 
7.664069287098 
7.647713090212 
7.661370822953 
7.649002866010 
7.674873474276 
7.650766138726 
7.656886582239 
7.651561692941 
7.666867187865 
7.655286217559 
7.668118739159 
7.640421334822 
7.659078800216 
7.680530339296 
7.657868471727 
7.661549273187 
7.660126008823 
7.664485811082 
7.647549738033 
7.647000778221 
7.655721835722 
7.673179472513 
7.675930757389 
7.665028810716 
7.643494999196 
7.651666440488 
7.632640083680 
7.653831422067 
7.658438684650 
7.651961548180 
7.659638928748 
7.665449545496 
7.655227975562 
7.656478298685 
7.664896411353 
7.668806921743 
7.651327018985 
7.657107630666 
7.663255665000 
7.659693057055 
7.678762734659 
7.645316852607 
7.646720244602 
7.659724829444 
7.682010890452 
7.662831111695 
7.632960466126 
7.648669460458 
7.654849338727 
7.660518029516 
7.656254757197 
7.681022886713 
7.672829504523 
7.645569344997 
7.669527382679 
7.656383194226 
7.652227407619 
7.666846339193 
7.677211934580 
7.654148257541 
7.648653667853 
7.650666846376 
7.656106306208 
7.649651004936 
7.654397264140 
7.665467689247 
7.694950605522 
7.666089065765 
7.632579035140 
7.647017131284 
7.665599302358 
7.664215722831 
7.661266752370 
7.658706194704 
7.648952705246 
7.649986721675 
7.661417087602 
7.658848618486 
7.640900806810 
7.647842409897 
7.656870413241 
7.642534360101 
7.658841541968 
7.650050815662 
7.641440888359 
7.648010988046 
7.665366649708 
7.666306192522 
7.667714663546 
7.675585647931 
7.683634533925 
7.663737411445 
7.692276292998 
7.646461472213 
7.663365863161 
7.666012184496 
7.671131256837 
7.658473720489 
7.655736897729 
7.681645528109 
7.679141121986 
7.648330833853 
7.640619651801 
7.659144684847 
7.667734791708 
7.647958712904 
7.669062100041 
7.664239483177 
7.664016857789 
7.641887439551 
7.633421723795 
7.660656774948 
7.672977833458 
7.636744889509 
7.658900856069 
7.651169947928 
7.667888462633 
7.669518298899 
7.635954147361 
7.673073686096 
7.647489514680 
7.650376237933 
7.653702098240 
7.654484757073 
7.652587579062 
7.666838164706 
7.655862138128 
7.653625966561 
7.668781759555 
7.658547996601 
7.657300593482 
7.640846540241 
7.688154246723 
7.665750986307 
7.647384390456 
7.658767650534 
7.646847178945 
7.657787724921 
7.645531411820 
7.654681306471 
7.658245531337 
7.659300273195 
7.671144945757 
7.663300540555 
7.690026794861 
7.658347405604 
7.639405708910 
7.678164705327 
7.662266521280 
7.669242128418 
7.673932286081 
7.673266693097 
7.664475989181 
7.646548877284 
7.650969015931 
7.653277481354 
7.639769015213 
7.652214592873 
7.660221805056 
7.658036332202 
7.659729721672 
7.632212025411 
7.628733381537 
7.650431410519 
7.630920213725 
7.647902028789 
7.647152884104 
7.660065691327 
7.680883563245 
7.659613853519 
7.691330414717 
7.639087997729 
7.671045439070 
7.657665097935 
7.664940134217 
7.667414346113 
7.656263264685 
7.639328927826 
7.676512538330 
7.671619355720 
7.645304880023 
7.637838847544 
7.673781297373 
7.689349526685 
7.670398127767 
7.652930337105 
7.651797235207 
7.640160096404 
7.636812992647 
7.653740537647 
7.644004203788 
7.651459273406 
7.635923939169 
7.649410207893 
7.669212797917 
7.656785566243 
7.664210870981 
7.660477453650 
7.665876692315 
7.666668499648 
7.655117811718 
7.632398047899 
7.661289772272 
7.691186026867 
7.678549755563 
7.680380296137 
7.658455052206 
7.667587801224 
7.661552208464 
7.664011492707 
7.661276456280 
7.650489345952 
7.643550441027 
7.669673417995 
7.661791760471 
7.674731219145 
7.666112084508 
7.666552478631 
7.645341759323 
7.649895168886 
7.654925442862 
7.685953932215 
7.656471085858 
7.653835378939 
7.650588085290 
7.647342465441 
7.658763024873 
7.671334337120 
7.645633829691 
7.645964094038 
7.663522341620 
7.649489351058 
7.653407695681 
7.656117684633 
7.674917074389 
7.660012353285 
7.663298840938 
7.682363776025 
7.662434916703 
7.672089929124 
7.662065180438 
7.666563118955 
7.659708643665 
7.670274803265 
7.677411587353 
7.655903311584 
7.654882195611 
7.651340972279 
7.649879254353 
7.652254969269 
7.645153677765 
7.635307638334 
7.652820107371 
7.667464799705 
7.666060569853 
7.684682309676 
7.644793894424 
7.661306198062 
7.662710139262 
7.663956377358 
7.649293334295 
7.675582984019 
7.644260605711 
7.640774521605 
7.663377869336 
7.674148045983 
7.672765964085 
7.647648123021 
7.661981657299 
7.637453770524 
7.657578446147 
7.644863714742 
7.641550016087 
7.633876278310 
7.657633838311 
7.667456867631 
7.674087720338 
7.674323342691 
7.673036226153 
7.655446096281 
7.670798031772 
7.653682752480 
7.647031064026 
7.637333863111 
7.646438946762 
7.667896651044 
7.671285541912 
7.639451767150 
7.682770556991 
7.660094288507 
7.667247970793 
7.679390683278 
7.660813091015 
7.654713020134 
7.649964164169 
7.661024761695 
7.663117600122 
7.656769606280 
7.672537002637 
7.657952581314 
7.668049498461 
7.672443114317 
7.642542229402 
7.650349385017 
7.670614937709 
7.675398150648 
7.665263752590 
7.666201969025 
7.637841561338 
7.638824618363 
7.639398813728 
7.656841182019 
7.647241038152 
7.676360042969 
7.663145324062 
7.642747673659 
7.661120882636 
7.656837854743 
7.656513486693 
7.647971331790 
7.649645226552 
7.665345105003 
7.660214078940 
7.660333329384 
7.653036942410 
7.681388808268 
7.662501464527 
7.660727400520 
7.670635120531 
7.657144700854 
7.640563129289 
7.670495328051 
7.642710801674 
7.648334029919 
7.642212101850 
7.639355541311 
7.648992885112 
7.633466232895 
7.648144507120 
7.657351568381 
7.654683884634 
7.648414824705 
7.644649847038 
7.652408286273 
7.671836376759 
7.670256264218 
7.664006190118 
7.635215381767 
7.652749944148 
7.660860481401 
7.663038664218 
7.663821751057 
7.675485237328 
7.691687300776 
7.675513661311 
7.655173619426 
7.669966306045 
7.655898238341 
7.662939346464 
7.665444844126 
7.671628231124 
7.651109572154 
7.669006428190 
7.649530413446 
7.666423181221 
7.676149375319 
7.683163963036 
7.678678372295 
7.684707300406 
7.659906002924 
7.678813817497 
7.670260229130 
7.657940615139 
7.658299421952 
7.633881402701 
7.640466026971 
7.636197888393 
7.674761021578 
7.655868392889 
7.668846320646 
7.663094848992 
7.667431313528 
7.664820235897 
7.655585537221 
7.649391411230 
7.644891918787 
7.648487038532 
7.656168168204 
7.661462610506 
7.655114952794 
7.665080289991 
7.655904326916 
7.661268774513 
7.670352635620 
7.678149453898 
7.664107093113 
7.648261089965 
7.682680408303 
7.650988588660 
7.670204833685 
7.666741716512 
7.666464809776 
7.657405081409 
7.662646752874 
7.630260975430 
7.654820333120 
7.641198037853 
7.655368206449 
7.652176432824 
7.661533636812 
7.674262019108 
7.669842917031 
7.665039105626 
7.678957496808 
7.655388265388 
7.648794720125 
7.649770930355 
7.643476847658 
7.641867475225 
7.657155290216 
7.660448452456 
7.658984095018 
7.652417646653 
7.661604024935 
7.654770220504 
7.665506027917 
7.648788908955 
7.667492311482 
7.664671816539 
7.637124298796 
7.676088278123 
7.652153439858 
7.660406296743 
7.660642769661 
7.661948201170 
7.649765485381 
7.658460798867 
7.660825955574 
7.652752740877 
7.652256958000 
7.660317958496 
7.652594585603 
7.665785558795 
7.643002955982 
7.641761781621 
7.653740239557 
7.658448776980 
7.649647304417 
7.649224819566 
7.667346423651 
7.636996754449 
7.670342553477 
7.642543189994 
7.663952964353 
7.662134558147 
7.621351278879 
7.653961806287 
7.646999517479 
7.659380236963 
7.652250020514 
7.678543629666 
7.666615516465 
7.659915256935 
7.671302242444 
7.672875294424 
7.667118280837 
7.656287394993 
7.661884941028 
7.660951855470 
7.632593204183 
7.657097553019 
7.657199942108 
7.651928682608 
7.655638828818 
7.655545557387 
7.660257774797 
7.647576960006 
7.644940911458 
7.649662410417 
7.662957655366 
7.672727152469 
7.656262782742 
7.640095898577 
7.661995026495 
7.664828701640 
7.652275052805 
7.650307504364 
7.682012315947 
7.650524087210 
7.644585687689 
7.673042021439 
7.646282911104 
7.669821850931 
7.656759370787 
7.651676512842 
7.674924274596 
7.667505400576 
7.671934213812 
7.664451208272 
7.641640516338 
7.660075825415 
7.677805347151 
7.653619436257 
7.663613242980 
7.668688263731 
7.649384281451 
7.638804107400 
7.669621672385 
7.651880417560 
7.669564567234 
7.667552163127 
7.654797028517 
7.675125339985 
7.642146650678 
7.648154851471 
7.655099205193 
7.647739763236 
7.669102178407 
7.663801536390 
7.639568264678 
7.638906099562 
7.639571565766 
7.659104178701 
7.665650444299 
7.661112593585 
7.673298430459 
7.670020945340 
7.664985285980 
7.675742336733 
7.658421820277 
7.644185353588 
7.659597604199 
7.648754586487 
7.646002762628 
7.650040884910 
7.675120565860 
7.678872744477 
7.640456866853 
7.650332084886 
7.645313876847 
7.684739753250 
7.639206204093 
7.649138254789 
7.639695296341 
7.663487678850 
7.666656912684 
7.664142938452 
7.653973346929 
7.659241859918 
7.661119547068 
7.657408591794 
7.645188997028 
7.658290024953 
7.635193850382 
7.659023614245 
7.657401713846 
7.660535653370 
7.665243856925 
7.660106184984 
7.675565965418 
7.656455044664 
7.642050327599 
7.655207766707 
7.633035954185 
7.632086235420 
7.686721201255 
7.651350505286 
7.666716498313 
7.661294944061 
7.635633590120 
7.647316670572 
7.689411684328 
7.690569594830 
7.662293387184 
7.655170149808 
7.663719379808 
7.640877785980 
7.664144424246 
7.635118267830 
7.665944027355 
7.662085693470 
7.657209061907 
7.646799373116 
7.684707520827 
7.644813774130 
7.640418339758 
7.666365690922 
7.678064328254 
7.664845151454 
7.679710810545 
7.665727232338 
7.671662058173 
7.655958899289 
7.657894974732 
7.651027444249 
7.688685040173 
7.660548897752 
7.654584759705 
7.661345136829 
7.655090153170 
7.671707042595 
7.660448716437 
7.648222205519 
7.658784841876 
7.651734641701 
7.664129793621 
7.668841765460 
7.675377972148 
7.655005577705 
7.661586958473 
7.654786304789 
7.647026994009 
7.673234062605 
7.652694743203 
7.676033231185 
7.669080844675 
7.685908864546 
7.657592970440 
7.681697169642 
7.660928349957 
7.640196531308 
7.645596073343 
7.635600178612 
7.678038938434 
7.658827305440 
7.653825101218 
7.651206927801 
7.660003384203 
7.658423851823 
7.665781937727 
7.632350705825 
7.678500607143 
7.636891506397 
7.640758760732 
7.645383586058 
7.673180419435 
7.646378729412 
7.661366046470 
7.649777242503 
7.657832540360 
7.654476104133 
7.643925271696 
7.669877218962 
7.659456381457 
7.656863338978 
7.681890679016 
7.666664754516 
7.672097629070 
7.659127974826 
7.646384822908 
7.636775099059 
7.670043272934 
7.661893533490 
7.662261686033 
7.646963976484 
7.658330589424 
7.659570083628 
7.655192453796 
7.661451867253 
7.645284159995 
7.664127462375 
7.645574298166 
7.653493570035 
7.628000918953 
7.661014998870 
7.659610563019 
7.655389292832 
7.664791122516 
7.647450360317 
7.654413098320 
7.655523433546 
7.657584047643 
7.657543646770 
7.657707994506 
7.667831238516 
7.662363891054 
7.652879681605 
7.661287457215 
7.673683358734 
7.652510590044 
7.659498028432 
7.672893633255 
7.659682789917 
7.681449563918 
7.654212462689 
7.676375974799 
7.673866606844 
7.680403964123 
7.675062835937 
7.656339719904 
7.656756510796 
7.661435778348 
7.645666261104 
7.649728859422 
7.627908701190 
7.655392551513 
7.644562428935 
7.630907312379 
7.648248741669 
7.656929011004 
7.643362171371 
7.678622629060 
7.665798544729 
7.635490893840 
7.664021171428 
7.673081207817 
7.653448883520 
7.666568188514 
7.653078144208 
7.662999204205 
7.647062338542 
7.633092365197 
7.637867697512 
7.657758849166 
7.651388443639 
7.653674735134 
7.660648892431 
7.666865727225 
7.667510153124 
7.661485249458 
7.653077122309 
7.658670046218 
7.662642411976 
7.656830085100 
7.672265163839 
7.642365338933 
7.653339304813 
7.658838450401 
7.652646761735 
7.662766132618 
7.641356657969 
7.673906039874 
7.656928711528 
7.654686384002 
7.671704557553 
7.657820432076 
7.651952337487 
7.651456231497 
7.637693592456 
7.661723148023 
7.656188295981 
7.643012619781 
7.646157394763 
7.650657083824 
7.677155599893 
7.673576679837 
7.649341567044 
7.664118263529 
7.669729998008 
7.652401621234 
7.664452675541 
7.673333237080 
7.641864035528 
7.663121993271 
7.646312827324 
7.650983078991 
7.653879924166 
7.641229678610 
7.645196376720 
7.631371652820 
7.644685901989 
7.655252979837 
7.641064594919 
7.662698174764 
7.662217086372 
7.661115162813 
7.658406984007 
7.679953571924 
7.652939285163 
7.681866181648 
7.684473055242 
7.659074182707 
7.662092964687 
7.671801174399 
7.659101141464 
7.692407140852 
7.634116357066 
7.657974009758 
7.668227847939 
7.634266150183 
7.670422490852 
7.680980637979 
7.652523093316 
7.670091858788 
7.656226954222 
7.655472598651 
7.665557184569 
7.635872296074 
7.646676181368 
7.637415233220 
7.669107623104 
7.667941563479 
7.651587839395 
7.644926624268 
7.635947024229 
7.649719669326 
7.663279069607 
7.659446239623 
7.689546144131 
7.642480180100 
7.651200192569 
7.641214804216 
7.648971942151 
7.642129132747 
7.643588243168 
7.664351385398 
7.634038352964 
7.632542841061 
7.636829507037 
7.649844623267 
7.664578090815 
7.665218794365 
7.686207651030 
7.632022334394 
7.657155119161 
7.618771947537 
7.684406746849 
7.673674606131 
7.678618777901 
7.668818896422 
7.641830198765 
7.665560698278 
7.648904709292 
7.650960389344 
7.639424182699 
7.653161409428 
7.653207257586 
7.670330235251 
7.654080331647 
7.635408811307 
7.686180757355 
7.655616018739 
7.659488086971 
7.653211784639 
7.646994026558 
7.666369511186 
7.675915263012 
7.684657824582 
7.678605717843 
7.668468420210 
7.670459836479 
7.668708738663 
7.646298792564 
7.648426045987 
7.662714802319 
7.664201274680 
7.651580643001 
7.638725756113 
7.648293303520 
7.636684364380 
7.639453128318 
7.639613082517 
7.680827123944 
7.658395255521 
7.675053057819 
7.676047925735 
7.659804352756 
7.647779754261 
7.643946398494 
7.649290885942 
7.657187037724 
7.670593294925 
7.656454491966 
7.687925701398 
7.653398972214 
7.650448604877 
7.658609496551 
7.658366691561 
7.645705412024 
7.653550577447 
7.655188878655 
7.670492581552 
7.630894948956 
7.662908843969 
7.661978871969 
7.672242840247 
7.665024198637 
7.646971442556 
7.646329645159 
7.627035351699 
7.656229946961 
7.672963851852 
7.663191369075 
7.652585630255 
7.652713593156 
7.666451431311 
7.662587815976 
7.659682873795 
7.637039460151 
7.652471503492 
7.658585796754 
7.636553691621 
7.668548055971 
7.654894160952 
7.655924919472 
7.654031265382 
7.676669809140 
7.644491409325 
7.677076256902 
7.650274433292 
7.656576911602 
7.648045336807 
7.651562847582 
7.662142127538 
7.661683743013 
7.661757752370 
7.662561113640 
7.659651965749 
7.661052492489 
7.662341814875 
7.673916440514 
7.659139599546 
7.657711045491 
7.661140429836 
7.653601575998 
7.651977470564 
7.653760969146 
7.676161626411 
7.657183031115 
7.623341781231 
7.662583547215 
7.659843650478 
7.641705231833 
7.656526036228 
7.671761558797 
7.656281391930 
7.662694737433 
7.671172707568 
7.676929856009 
7.648337834286 
7.661374212961 
7.671996829211 
7.673553963361 
7.651413240613 
7.660159399966 
7.679078391211 
7.667297570564 
7.667930425341 
7.664996692839 
7.672679501277 
7.655719634484 
7.647438677493 
7.679988102531 
7.654309018802 
7.637903000895 
7.650411402277 
7.637521839767 
7.641168291177 
7.675570969687 
7.667008450456 
7.650646990393 
7.653233959388 
7.641175337099 
7.650622608382 
7.642869167170 
7.641816400204 
7.663835909904 
7.663451915363 
7.642263675425 
7.665841197442 
7.634399318462 
7.671984752399 
7.649330923531 
7.661979538583 
7.662707086562 
7.673848876065 
7.652679826706 
7.667795701585 
7.665812755065 
7.666267675182 
7.650195529193 
7.667580876757 
7.656538327889 
7.640131112298 
7.653247699571 
7.647351854772 
7.663688984608 
7.670751820095 
7.664357842418 
7.651567740106 
7.677229417701 
7.665640673092 
7.678706949682 
7.670281502276 
7.668559148430 
7.658313861449 
7.664145296921 
7.643380820363 
7.664996402650 
7.672954168877 
7.671852805022 
7.642303421533 
7.668365417349 
7.647466998396 
7.671555314978 
7.675806639592 
7.679779781099 
7.669968663330 
7.673783701829 
7.669834439356 
7.654160739671 
7.642741968673 
7.670804187334 
7.651914003037 
7.650111100833 
7.663921034839 
7.669764109918 
7.670520785487 
7.665216922914 
7.660817443711 
7.652037218370 
7.656122375581 
7.630376658852 
7.671959864825 
7.657901611292 
7.654346144724 
7.642199564117 
7.632498181189 
7.637086663860 
7.656601544791 
7.671602981174 
7.680956019314 
7.692825982056 
7.643946929999 
7.666177855945 
7.645067860394 
7.626137434606 
7.640914463443 
7.648407361556 
7.661899919804 
7.672998854213 
7.631524918306 
7.666678549260 
7.658644877423 
7.685605062055 
7.662421241991 
7.634446512125 
7.619579890657 
7.658683048483 
7.691620774863 
7.655462008330 
7.648005115086 
7.656405071605 
7.674248258932 
7.659335692686 
7.649291148617 
7.675497213828 
7.669470989899 
7.667364388392 
7.653355702799 
7.667024485585 
7.635492398632 
7.650787288010 
7.660652798460 
