-2362.258878843503 
-2363.537519091157 
-2362.999257528254 
-2363.280618781316 
-2360.916930794959 
-2357.913866553674 
-2358.015169609566 
-2360.177886244262 
-2365.504021158052 
-2359.856423902565 
-2362.603909776214 
-2364.182735729843 
-2367.762827499994 
-2361.785123001783 
-2362.537585081614 
-2358.054340529018 
-2362.167562349760 
-2376.233737400154 
-2358.461107240080 
-2361.340566075131 
-2366.744067060685 
-2375.119729184504 
-2360.727283460554 
-2362.913642008930 
-2357.238604822981 
-2355.968780046747 
-2360.138560551225 
-2363.697422115422 
-2362.275412822929 
-2364.074156956812 
-2353.615797719777 
-2363.084556892128 
-2360.008178174437 
-2358.823671585323 
-2364.428399852474 
-2366.211427436659 
-2366.780940582009 
-2355.862463863439 
-2358.076036485460 
-2360.989258932196 
-2359.225871170413 
-2360.769122674415 
-2365.513608805153 
-2356.701878409108 
-2369.854371772974 
-2357.050972931672 
-2365.931118870160 
-2372.275889601343 
-2365.931958067688 
-2360.040274235301 
-2370.010212881856 
-2368.041916596435 
-2365.412884147339 
-2362.434699748358 
-2358.473415884785 
-2366.081254602018 
-2360.004592335384 
-2356.057443338561 
-2359.640641110035 
-2362.841445127450 
-2361.924868950693 
-2363.606441179574 
-2367.023349636918 
-2360.041727690944 
-2355.725869987255 
-2360.270440976449 
-2358.103519279054 
-2356.354345226209 
-2365.682424058202 
-2363.239320319663 
-2368.920927669315 
-2356.773766071220 
-2362.108571304631 
-2346.824749327057 
-2356.589632097437 
-2356.503976200632 
-2362.283526287889 
-2363.545224300773 
-2360.359626181896 
-2368.828567446327 
-2356.344739820514 
-2369.696240471999 
-2366.451507651803 
-2361.234232653631 
-2364.502801295580 
-2358.290749108707 
-2361.116386569355 
-2362.206220594677 
-2366.597623499621 
-2360.352416298823 
-2367.650336388436 
-2368.526390421581 
-2371.292338762054 
-2363.616435201340 
-2374.723513866029 
-2365.021951419394 
-2366.343704473504 
-2362.997465744864 
-2366.058972555471 
-2366.703614041453 
-2371.368886995845 
-2364.557932887206 
-2370.913945096568 
-2372.024692867637 
-2364.377592451359 
-2369.594561481837 
-2362.731597454575 
-2360.860934080111 
-2361.335118414434 
-2360.476306062255 
-2364.574236792308 
-2363.184703703430 
-2356.737162829635 
-2363.687024226861 
-2366.953725240915 
-2367.364227089997 
-2366.216187574150 
-2364.234161815575 
-2361.116768045580 
-2365.264646662019 
-2356.565631297738 
-2365.603811315068 
-2366.640322066991 
-2366.058228387559 
-2370.525189217920 
-2368.105158355867 
-2359.095368697336 
-2365.584702542119 
-2359.520147486927 
-2362.639120397265 
-2365.439198349689 
-2357.013432098456 
-2362.243328516802 
-2365.094416415106 
-2368.875019082824 
-2364.061574679135 
-2372.080910666712 
-2365.105444966239 
-2363.091759718775 
-2361.879734134139 
-2349.670310020168 
-2358.713717723348 
-2359.900563056557 
-2358.553568977153 
-2351.650858699743 
-2356.879777120447 
-2357.434919168207 
-2368.417952207602 
-2366.772833076557 
-2365.732841634083 
-2360.062952151703 
-2362.152464538541 
-2355.753610314862 
-2363.250379172588 
-2359.083684493198 
-2357.244487559116 
-2359.578318131126 
-2365.320809386086 
-2363.754861413858 
-2366.946876427041 
-2364.123458282516 
-2361.966445954469 
-2358.217963861857 
-2366.152673028230 
-2368.539999206530 
-2362.858821097877 
-2360.480649246893 
-2360.086574007773 
-2361.598294550099 
-2362.315138144163 
-2359.098777767925 
-2351.166493480770 
-2363.365747502156 
-2362.242381107405 
-2367.920522894204 
-2366.334272747612 
-2360.832651704222 
-2359.614310371493 
-2364.855731680776 
-2352.930090209608 
-2366.685902667235 
-2361.744633308885 
-2359.028527436358 
-2362.340749417526 
-2361.874315655955 
-2367.063225484225 
-2359.839395664094 
-2365.433877513629 
-2365.535958317024 
-2365.152553926515 
-2360.434163653243 
-2362.108425729488 
-2363.518966215313 
-2367.225050652536 
-2360.664291638343 
-2371.987680329751 
-2359.356680249013 
-2368.515378307183 
-2359.982061239222 
-2362.165027064866 
-2364.224524002917 
-2362.654873588363 
-2364.472795338562 
-2365.176701013104 
-2358.439641003957 
-2369.160385370049 
-2364.189699079393 
-2364.728951528900 
-2363.791691989491 
-2357.103566835039 
-2367.344173819393 
-2361.725731563059 
-2370.091967019725 
-2366.489282922499 
-2369.237729983955 
-2369.566451597880 
-2361.833597326300 
-2365.248134940886 
-2369.043441844828 
-2361.325898606779 
-2355.829165295290 
-2356.289858017709 
-2358.935390577511 
-2346.355985168899 
-2359.503942452731 
-2360.230867408352 
-2361.402231402591 
-2369.729333060061 
-2362.503387461457 
-2365.804479614485 
-2366.144955629953 
-2366.645658139464 
-2363.853360931133 
-2361.033977832257 
-2362.304529845115 
-2361.835071628939 
-2357.960828441915 
-2373.452022092597 
-2353.161931597678 
-2354.576140741096 
-2361.776285619238 
-2362.943074600795 
-2368.932195488731 
-2367.355348878535 
-2360.718927102585 
-2362.444563758116 
-2365.557361374435 
-2364.692435736451 
-2369.272897909962 
-2363.993250853739 
-2367.287351249490 
-2362.835360959910 
-2358.811452415069 
-2364.520833246234 
-2372.230375990981 
-2362.351627686847 
-2370.489628431625 
-2372.438387415452 
-2367.525379379709 
-2364.307386076086 
-2369.334856412323 
-2363.524715143692 
-2361.783963760271 
-2362.627581656542 
-2364.073019865470 
-2356.889293887700 
-2366.421082791471 
-2365.173757556027 
-2371.181792169637 
-2359.829820321453 
-2361.326762901441 
-2362.581534045153 
-2359.096947188243 
-2348.164173667295 
-2363.941013018472 
-2364.062977372430 
-2362.582688456816 
-2370.059991499491 
-2368.225496844482 
-2371.031309839434 
-2356.688935624267 
-2363.670211526261 
-2365.770623564027 
-2365.374953153955 
-2367.074427542808 
-2361.800852999794 
-2363.852366563174 
-2365.613537856302 
-2351.872428204721 
-2364.270423850900 
-2366.101925775770 
-2361.826764521762 
-2366.463968369713 
-2365.804619751621 
-2362.347428104427 
-2363.678098217707 
-2356.219789070627 
-2365.470137069089 
-2352.567859273471 
-2361.465053942806 
-2366.423918238350 
-2367.540526611154 
-2363.331377339562 
-2362.207234678096 
-2364.825175348829 
-2363.235845699473 
-2366.687839964193 
-2363.164681073253 
-2364.902575752226 
-2357.939141422933 
-2361.460591597838 
-2359.933050089252 
-2361.527105703163 
-2361.577818908567 
-2363.960107037220 
-2358.769534264658 
-2368.145242465917 
-2356.112917493761 
-2350.245608976657 
-2361.100991688756 
-2358.000390950448 
-2363.969041584050 
-2370.810454135156 
-2369.442295727218 
-2363.033128070367 
-2353.585035577303 
-2360.090313343537 
-2362.470549190609 
-2361.157249499832 
-2359.351488304150 
-2367.021569695952 
-2368.835353972044 
-2362.852988656208 
-2362.708036460045 
-2361.762620236753 
-2360.437675359835 
-2362.702581404158 
-2373.420329792071 
-2368.092417769453 
-2362.509616959469 
-2356.069010614674 
-2372.410827230303 
-2364.110566080074 
-2364.059136559084 
-2368.960588054665 
-2369.412057489373 
-2361.329130353805 
-2356.827613090321 
-2366.169790355800 
-2367.189977349213 
-2361.147923094095 
-2354.467147366392 
-2359.482166047635 
-2362.621726178761 
-2369.272831003163 
-2356.010863740959 
-2365.445639750580 
-2372.544250767774 
-2361.739293275720 
-2350.757203602041 
-2358.359354684518 
-2363.182133615136 
-2365.465321433511 
-2362.471607751305 
-2362.344492634777 
-2363.705108348243 
-2358.870523309592 
-2362.837068038500 
-2357.853150053993 
-2358.579201917235 
-2361.146855375200 
-2352.973153034257 
-2359.519233486344 
-2367.125318660706 
-2364.869967147768 
-2354.697058146248 
-2356.644978564859 
-2361.538700902327 
-2363.298000655719 
-2367.140470928980 
-2360.247641216878 
-2362.459890819245 
-2365.030100948085 
-2358.883527182449 
-2363.675768632627 
-2370.430064263885 
-2366.013963342250 
-2360.267650358156 
-2375.838285322716 
-2360.632891056888 
-2356.009711070565 
-2356.219756679720 
-2362.363502397131 
-2375.116021395692 
-2363.457966568496 
-2365.184077151333 
-2363.552759449221 
-2363.562531541855 
-2357.268068334765 
-2354.107820541277 
-2365.385301172912 
-2353.144094657494 
-2362.183450616492 
-2352.270365439095 
-2357.821559789880 
-2358.102086886958 
-2361.959942418192 
-2364.148843096281 
-2365.211396778071 
-2356.974791371882 
-2356.170087435255 
-2361.893099406091 
-2358.902529035470 
-2359.189516053224 
-2364.112686388483 
-2369.095912886772 
-2356.903893093368 
-2359.217192838035 
-2364.439231604326 
-2359.538905532563 
-2365.036314164619 
-2362.455454503830 
-2366.341483147070 
-2362.117386474285 
-2366.621597299218 
-2363.849343479133 
-2358.002896613960 
-2364.612548850494 
-2364.401406259275 
-2358.025555178486 
-2360.091996473193 
-2351.939790863891 
-2361.976488648634 
-2360.615741190697 
-2358.722911427928 
-2355.974832117435 
-2359.490771468842 
-2367.362720054225 
-2370.275102528571 
-2364.363643020019 
-2359.589816016855 
-2358.535347171412 
-2362.807854190293 
-2357.274538627668 
-2360.018300442847 
-2356.252696190666 
-2361.372962679816 
-2364.333309518957 
-2359.622905901950 
-2368.308051136421 
-2364.237359109351 
-2357.729818082040 
-2360.578756206784 
-2365.586388631714 
-2361.260697072885 
-2360.683596040972 
-2365.350863030485 
-2368.416529549120 
-2361.642001668835 
-2363.482837688394 
-2375.709217350571 
-2365.877702532552 
-2363.274842266470 
-2362.966979912605 
-2361.593031133015 
-2367.280346354349 
-2364.353211054050 
-2362.898186623055 
-2358.443914828358 
-2353.984957637711 
-2362.273466950384 
-2364.022651853583 
-2367.760590567951 
-2358.806965702228 
-2367.325800868754 
-2361.025352225026 
-2368.815683161797 
-2366.217442692957 
-2366.636081301276 
-2361.892919129943 
-2357.132451081787 
-2363.453782337670 
-2363.935604773800 
-2362.922054048501 
-2358.976110432751 
-2363.320222874277 
-2362.537246282228 
-2365.930500868282 
-2360.683359385928 
-2360.962558954634 
-2354.083537928571 
-2370.343062069547 
-2358.290870838572 
-2364.134285758252 
-2366.155459773363 
-2358.149451636923 
-2365.077597315557 
-2360.824666284816 
-2359.699482386126 
-2367.135659522411 
-2366.072840258425 
-2369.627978369153 
-2369.107312268078 
-2364.382216442349 
-2365.142562580200 
-2370.512193788150 
-2364.021602333110 
-2366.090438123758 
-2366.585090932437 
-2363.114299914314 
-2367.448974476220 
-2367.465259705353 
-2367.020768792961 
-2361.794358504073 
-2361.081042929032 
-2366.043525111085 
-2367.112938542662 
-2362.654078540867 
-2356.139284336768 
-2357.926182856094 
-2359.347346157259 
-2362.856146869916 
-2360.125170417045 
-2353.554564498493 
-2354.191104659641 
-2361.702781461663 
-2363.431750165657 
-2361.944343423316 
-2362.579103310314 
-2362.806629082799 
-2366.999788204259 
-2365.054957536712 
-2358.278987553240 
-2360.129111661197 
-2364.067935545426 
-2361.354386987183 
-2358.301007601034 
-2365.462572850353 
-2364.760446652175 
-2367.545965043793 
-2363.822649346754 
-2362.817183793986 
-2362.134423534983 
-2372.209973512578 
-2372.790354474156 
-2365.703386952196 
-2361.516616897959 
-2363.954419352087 
-2373.122620292474 
-2365.800724680466 
-2364.555251413906 
-2367.849623804672 
-2363.468578463211 
-2360.518875359157 
-2364.639042761783 
-2361.256258765702 
-2359.931442096302 
-2366.832321225860 
-2367.265553705987 
-2369.190444829182 
-2363.234773600408 
-2366.918937206967 
-2375.884286429055 
-2381.048791793268 
-2371.871133038283 
-2366.192377049263 
-2360.515653420196 
-2365.571730909569 
-2357.365442343446 
-2364.639093108830 
-2362.848712089790 
-2364.001034829073 
-2362.194120551225 
-2361.516251171446 
-2359.193775014464 
-2361.616549396550 
-2364.776225778003 
-2370.434168034228 
-2362.377195047469 
-2365.765179101805 
-2362.167243509472 
-2367.582196670495 
-2362.528343757516 
-2362.658607910967 
-2363.894409068323 
-2361.411772613238 
-2370.247337643586 
-2360.709743020377 
-2364.224497599660 
-2360.815153801529 
-2364.734072804190 
-2362.260928285421 
-2359.836391268839 
-2367.693776605203 
-2361.182342162724 
-2361.384444633476 
-2364.371846221723 
-2364.928840133043 
-2362.934304506110 
-2355.391500640907 
-2365.967469635537 
-2366.370063793084 
-2360.076737349783 
-2364.765560218799 
-2367.775167664788 
-2354.974351731544 
-2358.781408314034 
-2353.417307383280 
-2358.610348825479 
-2361.493979591594 
-2359.353688627090 
-2363.485938450067 
-2365.749107001433 
-2368.984945073198 
-2358.835701531179 
-2364.329870077632 
-2367.762838435173 
-2370.467840841258 
-2383.157558473348 
-2366.407807581205 
-2369.747973979892 
-2361.936666039585 
-2355.995255330718 
-2360.591349549138 
-2367.461098363065 
-2360.047858389173 
-2360.637082284266 
-2369.833719439182 
-2367.176298028136 
-2364.508108317049 
-2366.633936149889 
-2357.956904262847 
-2361.904834092485 
-2361.820490677964 
-2354.903832319714 
-2365.350051553242 
-2365.185920096836 
-2368.267055576819 
-2360.480260249863 
-2357.787759013690 
-2359.747269771271 
-2361.729708446512 
-2364.094581444639 
-2363.120295578104 
-2369.351196769096 
-2361.518212627851 
-2358.643564700714 
-2372.441748154047 
-2368.267234053548 
-2370.977375787149 
-2365.396325901054 
-2366.635712604727 
-2360.053957244820 
-2365.539565986172 
-2364.791120212534 
-2358.857881608585 
-2360.316512112385 
-2367.788366683028 
-2368.665880082414 
-2361.213324476591 
-2363.606239350596 
-2358.674155280727 
-2366.250429872879 
-2367.527824118938 
-2364.816039271328 
-2360.858411055572 
-2358.765753570099 
-2366.546825201873 
-2361.258228998221 
-2367.481550917990 
-2360.123328708188 
-2352.789600526492 
-2361.088410476144 
-2360.110209494829 
-2364.704482450957 
-2358.203156512925 
-2360.843068636411 
-2363.600216062532 
-2362.672376324086 
-2364.150699849318 
-2359.487009517281 
-2369.291552190627 
-2362.205245773170 
-2346.416841062584 
-2357.410077548187 
-2361.537670703532 
-2360.086639320205 
-2361.451112257243 
-2362.774609513979 
-2365.819834768491 
-2355.701651405737 
-2359.291591846060 
-2359.726583219275 
-2361.209495705617 
-2355.887443217845 
-2360.496093320665 
-2360.045342973182 
-2362.450316837992 
-2362.728330738560 
-2367.825838617936 
-2359.666929327016 
-2358.284495047384 
-2356.378240695923 
-2368.025298329510 
-2360.974335987814 
-2361.513173552133 
-2370.069307578102 
-2363.655923837599 
-2369.057713182914 
-2365.077671445360 
-2366.307650058692 
-2363.031870498673 
-2368.387739382948 
-2357.624953462131 
-2359.260528963213 
-2360.456480990294 
-2363.711688164981 
-2358.106305754218 
-2359.052704577779 
-2359.990527523187 
-2354.619727699177 
-2363.280879891072 
-2365.277481991011 
-2362.451372536811 
-2361.076094377903 
-2362.809242912480 
-2375.470807039159 
-2359.128124510060 
-2365.102788316167 
-2361.237960122007 
-2364.443004039605 
-2369.900561922707 
-2373.079332303732 
-2370.219910239648 
-2360.154955239733 
-2366.240400383598 
-2362.543619169790 
-2358.810686472701 
-2363.864613975935 
-2363.100537465795 
-2359.316950001433 
-2365.955658208955 
-2365.035247555360 
-2367.818857989198 
-2372.609601282579 
-2365.078482397270 
-2367.921386286220 
-2360.763495556987 
-2359.518959692386 
-2360.674722842697 
-2369.192323026773 
-2359.233346649412 
-2364.554206688983 
-2365.597925365689 
-2365.374649954752 
-2357.144723042285 
-2356.977783333863 
-2359.320035411720 
-2359.203055221568 
-2362.940693582756 
-2359.755405724889 
-2360.493455517354 
-2361.353399608457 
-2359.581653411877 
-2361.662168913260 
-2356.580389160141 
-2362.484304292366 
-2363.493054661449 
-2363.157221774097 
-2357.547291362788 
-2357.774221735779 
-2369.919874493093 
-2379.431863435154 
-2366.380485922147 
-2363.815799981932 
-2364.956181722595 
-2369.589080488330 
-2374.741604070251 
-2369.705496947871 
-2365.269474967290 
-2364.652897200261 
-2367.402576872981 
-2370.956081375430 
-2366.951421596079 
-2365.696293114360 
-2370.950301263671 
-2364.480459010202 
-2358.999252586460 
-2361.664156706379 
-2361.202557403818 
-2363.450841943571 
-2361.784173149691 
-2364.998171384846 
-2365.767965854653 
-2368.179720619873 
-2365.210852103447 
-2364.144984909204 
-2357.625915458307 
-2359.031101095062 
-2356.327868247473 
-2372.962400713546 
-2369.543261548853 
-2363.316732061047 
-2375.488261509877 
-2364.205560088130 
-2362.655660309881 
-2359.184600957573 
-2359.781798590474 
-2363.260615694619 
-2368.006052441388 
-2369.196041955798 
-2359.672999341105 
-2354.392871853488 
-2364.718772781473 
-2364.745161151267 
-2372.925488777248 
-2364.241186718548 
-2371.683790292275 
-2361.726515008261 
-2364.646129696070 
-2365.106437095859 
-2358.662259593181 
-2362.665877352023 
-2363.159179371611 
-2367.907068006567 
-2363.366235493175 
-2364.480299885094 
-2365.952014729795 
-2364.392249771628 
-2364.146623903720 
-2367.618963110686 
-2358.271083743889 
-2359.866898358763 
-2362.739455484527 
-2363.477487814830 
-2367.872196288225 
-2364.999856909765 
-2369.961015782495 
-2369.876532551980 
-2364.399130614201 
-2363.382182581144 
-2371.583998536964 
-2363.877687725625 
-2361.471905700109 
-2362.239921515524 
-2359.684692326719 
-2360.251414080819 
-2360.293954943065 
-2362.360859705794 
-2374.776977991947 
-2361.337608245935 
-2362.033361040206 
-2361.149393195790 
-2364.522176084754 
-2354.911611147991 
-2361.803967328180 
-2361.067666834197 
-2362.046696498044 
-2364.158148588492 
-2368.229913342888 
-2369.268115004789 
-2351.975417441064 
-2361.054081715788 
-2360.824205465733 
-2363.302877972358 
-2364.711231736478 
-2362.418545944860 
-2358.291545480119 
-2361.507351845939 
-2357.076890908948 
-2371.211739014585 
-2366.378855241779 
-2358.875704218542 
-2368.806900276014 
-2369.015300867649 
-2362.597133070020 
-2362.998053367091 
-2363.483282294936 
-2361.660411255314 
-2368.277201289132 
-2360.891681554092 
-2354.946314872175 
-2364.248532178797 
-2361.255980611813 
-2370.619315266966 
-2358.691538529098 
-2360.856365506418 
-2358.929993982085 
-2358.819590648658 
-2361.914045611676 
-2358.720077286209 
-2364.230511853964 
-2363.461922927606 
-2368.460392223360 
-2362.601277574533 
-2363.641426584745 
-2360.632430927115 
-2358.330999594513 
-2361.453289718193 
-2362.478091527507 
-2362.417619718483 
-2361.122058916659 
-2363.313265285371 
-2364.613462765139 
-2361.899032009590 
-2367.979801505941 
-2360.621783936515 
-2356.580799889167 
-2364.042521255111 
-2366.194700903298 
-2359.195067365626 
-2360.424805279023 
-2354.216021951297 
-2365.415084965207 
-2363.427746595711 
-2362.797876535801 
-2364.424093972932 
-2357.681012988800 
-2357.663831623350 
-2364.613208504345 
-2357.777496527474 
-2358.238479259064 
-2357.673846112903 
-2360.954548559844 
-2366.575517169903 
-2366.460963758951 
-2362.642773582231 
-2362.089239886646 
-2360.705304767790 
-2363.894717386239 
-2366.932727766624 
-2363.745047368669 
-2356.035428580359 
-2362.140872311030 
-2355.013983550390 
-2366.851727649218 
-2367.795242697595 
-2362.123022801504 
-2360.113091378507 
-2364.663202095816 
-2365.289603189833 
-2361.239885675707 
-2364.852614171705 
-2370.579352639942 
-2363.879860147599 
-2362.722512931553 
-2369.879454282076 
-2368.231866328201 
-2371.958470049032 
-2368.369198459094 
-2370.719743000896 
-2365.552257309449 
-2366.396276427736 
-2364.998059461405 
-2365.074142651728 
-2371.565072394174 
-2366.339609374659 
-2365.579832508638 
-2370.165083601106 
-2365.737474895690 
-2364.056093383328 
-2358.860954563389 
-2355.184481324208 
-2354.612893337391 
-2368.333088205736 
-2364.236099523623 
-2365.718785545173 
-2360.244981553457 
-2361.274704265752 
-2362.479205799119 
-2360.684729615410 
-2356.883298989990 
-2366.419201674762 
-2357.330466227369 
-2363.921531451207 
-2362.712384747066 
-2358.969475489589 
-2369.836171554404 
-2365.455598807654 
-2359.786344379726 
-2356.354206285732 
-2357.648520921547 
-2357.737030073514 
-2364.614743470524 
-2364.002846585696 
-2365.595589941763 
-2363.629969776308 
-2366.503508191271 
-2369.529980152691 
-2369.984405484402 
-2359.460735201947 
-2357.857743643646 
-2363.121945457724 
-2361.941958610180 
-2364.972315510706 
-2371.736158590958 
-2364.190934489429 
-2366.569245061400 
-2362.205042896303 
-2362.985298423941 
-2366.639217810829 
-2366.298283355322 
-2360.763439990394 
-2361.477702267178 
-2367.031168048271 
-2366.987966406557 
-2354.903322611557 
-2361.161389939429 
-2362.327694858846 
-2368.646222168220 
-2368.544293123029 
-2367.514316618467 
-2362.549627574419 
-2359.858165275003 
-2363.648716683959 
-2358.845340775204 
-2366.969902134711 
-2375.886066479385 
-2361.332229712246 
-2361.832559638716 
-2363.413953709039 
-2355.398652591955 
-2361.113245121531 
-2369.761533554560 
-2365.554632940598 
-2360.719159028926 
-2369.104147740024 
-2364.965076089326 
-2366.534368265060 
-2369.588618621839 
-2367.537414239228 
-2366.148174331845 
-2366.017110290180 
-2359.952595809453 
-2359.695366863605 
-2370.008903596399 
-2361.331670508780 
-2355.159190126848 
-2363.410348664649 
-2356.991272252735 
-2359.449364950621 
-2353.929522687639 
-2365.229917063748 
-2364.304560772410 
-2360.461340254970 
-2361.874015238638 
-2359.609110806051 
-2360.013564528387 
-2361.969224789987 
-2358.288942021464 
-2363.887791708917 
-2359.831976389222 
-2367.626702943618 
-2367.126551880714 
-2362.598810284005 
-2365.358824620027 
-2377.332665338245 
-2359.570711209175 
-2357.486689206246 
-2360.055755344704 
-2364.335935291600 
-2371.624966887335 
-2361.703339751013 
-2351.310378409667 
-2360.215415802277 
-2360.503762940203 
-2368.069625580670 
-2364.027964346035 
-2361.815391115878 
-2366.532202470236 
-2369.467343605534 
-2359.819812694207 
-2352.418092608759 
-2366.561212457610 
-2364.173883347223 
-2358.854956769736 
-2363.435753338320 
-2360.685376160206 
-2350.436066090132 
-2355.522400994256 
-2359.737079504590 
-2362.347361053671 
-2362.256303234959 
-2358.266896788044 
-2361.130626529110 
-2358.100132746096 
-2373.538764386249 
-2368.666049259397 
-2362.457986691602 
-2359.260121344584 
-2361.519543861554 
-2355.046282010030 
-2357.539419033862 
-2359.912158639558 
-2367.557178127811 
-2364.922937052990 
-2365.848366092107 
-2366.735212190132 
-2356.624031446827 
-2361.926806925203 
-2355.723628530321 
-2352.802525700895 
-2358.234260659199 
-2368.801308326888 
-2366.964852441116 
-2368.957713325201 
-2367.504197919258 
-2365.396045270187 
-2354.387419803529 
-2361.433323505424 
-2354.511264128153 
-2360.221412137920 
-2364.580113445993 
-2369.749789391449 
-2361.141163827419 
-2361.104540692995 
-2372.450664038316 
-2364.273834175821 
-2375.245161800346 
-2368.515730329696 
-2362.796703474488 
-2365.608266109597 
-2360.910126183437 
-2356.917974225988 
-2361.111664974848 
-2366.312793443260 
-2361.877733469613 
-2358.979851206168 
-2362.899708534565 
-2363.045047942822 
-2360.031671238272 
-2361.622526730142 
-2369.184355628155 
-2367.466356553683 
-2363.198571215755 
-2358.512915079526 
-2358.329290874908 
-2363.890224917866 
-2362.355747892002 
-2365.674507896583 
-2364.098217667066 
-2360.126974747680 
-2365.680681587806 
-2365.488474910975 
-2363.444222643978 
-2355.849643084645 
-2360.583969491697 
-2365.341540301825 
-2365.270543218635 
-2363.021533193899 
-2358.499781692205 
-2356.060800890200 
-2352.409741116925 
-2362.246301793335 
-2363.386381939223 
-2372.032179033223 
-2358.949463312181 
-2355.860747945617 
-2362.105670564592 
-2370.338640486703 
-2363.848400685075 
-2360.897431632169 
-2359.026659163155 
-2354.118945837267 
-2360.103464716156 
-2363.581762969684 
-2361.829985030391 
-2360.879170103181 
-2362.599391764858 
-2368.686429656025 
-2365.936244433800 
-2374.791565620045 
-2369.085889473674 
-2366.668645320216 
-2356.460847968081 
-2364.237740258124 
-2370.679210190580 
-2364.565354352716 
-2363.268198537860 
-2362.381578804141 
-2359.056829511805 
-2366.330937986320 
-2364.277955856391 
-2363.411910764666 
-2358.895609930106 
-2368.661112382563 
-2363.040275794292 
-2365.473718387419 
-2357.925640666122 
-2359.307592700009 
-2368.028910152846 
-2363.068384894574 
-2366.565347072632 
-2370.440183872856 
-2354.590939629916 
-2364.249975536800 
-2361.880852175955 
-2366.172265703532 
-2358.107543620996 
-2354.801528615459 
-2365.613574325602 
-2370.666129526431 
-2368.080046662739 
-2367.630388607270 
-2360.146488640011 
-2360.645248733747 
-2359.628360982138 
-2368.981279762389 
-2368.163513623371 
-2366.592716288247 
-2356.638199330400 
-2357.865170706027 
-2363.274472506499 
-2360.218200231353 
-2362.461542482454 
-2362.269748906116 
-2359.320621403637 
-2360.159828888908 
-2356.263515267919 
-2354.852011839831 
-2356.120156088011 
-2359.625455876297 
-2361.454137447889 
-2360.327987674751 
-2366.216776620765 
-2362.076389272498 
-2362.012350637148 
-2362.498140542391 
-2365.155029193639 
-2364.143052849428 
-2363.717109297019 
-2373.576468193051 
-2366.144380117174 
-2357.735281629924 
-2362.311384901231 
-2361.982831989524 
-2361.114039023381 
-2367.596859990282 
-2373.395669356193 
-2362.616265759936 
-2361.044787645055 
-2356.470658975587 
-2361.470343009769 
-2362.216391439590 
-2360.529970549199 
-2364.895493485939 
-2369.051156023467 
-2359.956082201612 
-2365.778003258133 
-2363.298159937141 
-2372.547646172777 
-2364.978098011628 
-2365.391409082770 
-2371.511590956851 
-2359.149883557844 
-2363.356427061267 
-2362.179110572301 
-2364.904647830172 
-2362.178950592428 
-2358.523732678542 
-2360.677991340940 
-2362.588340447986 
-2363.807719110267 
-2357.851492751007 
-2355.165817587145 
-2362.128951628083 
-2345.577126339701 
-2356.881244912303 
-2363.053285146265 
-2367.927341060804 
-2359.565863188232 
-2362.556694239875 
-2366.988367021586 
-2367.437318212164 
-2364.024323795120 
-2367.031155307023 
-2368.013109298528 
-2364.233331938720 
-2358.686669397396 
-2359.968289634942 
-2363.146090384698 
-2361.136797429255 
-2365.533857467159 
-2368.895922990505 
-2361.190054054407 
-2362.357651871274 
-2363.944726753316 
-2363.447914741359 
-2366.894037351649 
-2362.227545683101 
-2366.122828517427 
-2368.261074028242 
-2369.772969013426 
-2348.101978241723 
-2365.942354571442 
-2359.125296830753 
-2358.428564173324 
-2360.391703913764 
-2350.876753186932 
-2360.954335941529 
-2358.531687595000 
-2366.381539266108 
-2359.368461193781 
-2358.231949044839 
-2366.016701286570 
-2361.410859434262 
-2362.042484976249 
-2353.898345520148 
-2358.249516565551 
-2364.316154916896 
-2363.963727155957 
-2358.996949762346 
-2363.238765372891 
-2364.249423933642 
-2356.186690939505 
-2360.845986692587 
-2365.984242092317 
-2372.172310984671 
-2361.460622153952 
-2360.301686693353 
-2362.635683629192 
-2359.907883721458 
-2361.271822164033 
-2362.247305777450 
-2368.688900028968 
-2363.467548853901 
-2361.064368828197 
-2361.949817651994 
-2360.943171018730 
-2356.369650092753 
-2357.430135675749 
-2355.789759838100 
-2367.600927489606 
-2359.026413245048 
-2362.996531326330 
-2362.009689639461 
-2361.705380136192 
-2358.717930023175 
-2354.106395394493 
-2359.265865392995 
-2353.836964704572 
-2365.477660816573 
-2362.131483255993 
-2367.432567014084 
-2365.384267170656 
-2367.022626991806 
-2372.583947446829 
-2373.870008997314 
-2357.496895713332 
-2365.184469257975 
-2360.699279188039 
-2366.683180871060 
-2368.987481378698 
-2363.191221005404 
-2358.978176599779 
-2366.089423102733 
-2366.613813991241 
-2363.633986187856 
-2364.098173046500 
-2361.689138056458 
-2363.185162229204 
-2362.086800617176 
-2353.920308841866 
-2355.084907477829 
-2349.094873335223 
-2357.017814599408 
-2359.620843166791 
-2364.362846658164 
-2357.174894953155 
-2359.145950843892 
-2360.907010282952 
-2364.529572381541 
-2364.890414949786 
-2366.770036240659 
-2364.318382349736 
-2362.198780041086 
-2361.380477496954 
-2356.814217991458 
-2364.212210182743 
-2367.097303584921 
-2360.479186272688 
-2359.564726365299 
-2360.273470110510 
-2361.942420037001 
-2360.193716205692 
-2354.052590701250 
-2365.573120790374 
-2361.451000376501 
-2360.748389544394 
-2368.954902455739 
-2370.579526041752 
-2368.490965259084 
-2353.645857985779 
-2365.904005484767 
-2368.342108735124 
-2360.221753965833 
-2360.372668429967 
-2365.274204295990 
-2361.839872037943 
-2356.189500165766 
-2372.532531972737 
-2366.944880114385 
-2356.541570570630 
-2357.567194999564 
-2366.653523030559 
-2362.497431219521 
-2359.344899270968 
-2360.688352645222 
-2362.817699583709 
-2367.333126048801 
-2357.085939592493 
-2362.530265930932 
-2360.462089951785 
-2365.660495930316 
-2367.397012527522 
-2365.512084242961 
-2361.979535848135 
-2364.250639611814 
-2366.519259456546 
-2362.914224016934 
-2354.626569235542 
-2363.325567016276 
-2361.263060815778 
-2361.916096701666 
-2362.147095037601 
-2358.355363518484 
-2358.641703937351 
-2355.825049629137 
-2357.999984934036 
-2363.525553918675 
-2358.340539124571 
-2364.755139751373 
-2369.688971526240 
-2365.333060725953 
-2364.202658293352 
-2363.848363866221 
-2360.771752305095 
-2363.553290520186 
-2362.076840236359 
-2363.962176845057 
-2361.245180537117 
-2366.456178915785 
-2361.988931358215 
-2370.888723574885 
-2366.315772162019 
-2372.298358390587 
-2365.480660789819 
-2367.639848977769 
-2358.515158873169 
-2369.028456593581 
-2359.980104694269 
-2364.868398791388 
-2363.878865766816 
-2358.038013920669 
-2367.439962708947 
-2364.837288555977 
-2365.130177099049 
-2357.687295501511 
-2356.733199084598 
-2357.320866653225 
-2367.822270685255 
-2363.866056470372 
-2361.284053774942 
-2355.380938039921 
-2366.470444525465 
-2361.068715150430 
-2360.821837298252 
-2360.845272317990 
-2362.354537818299 
-2363.010742816509 
-2363.874076997942 
-2367.365316645958 
-2366.799058572408 
-2361.582688058775 
-2368.035365911822 
-2359.124730938424 
-2362.639067678352 
-2356.754134961359 
-2357.740188613178 
-2360.279276731886 
-2362.892536606770 
-2366.211900711158 
-2365.851806579737 
-2367.197826063540 
-2367.888175742134 
-2367.601738049194 
-2357.834319884933 
-2369.853826853640 
-2365.910273929491 
-2367.146725034266 
-2362.684294755622 
-2349.463683873307 
-2365.092409338261 
-2371.190107534599 
-2363.556654464081 
-2363.085868265838 
-2361.455080328804 
-2361.656635519259 
-2356.560691108134 
-2366.570023806377 
-2360.033828456439 
-2366.198865841729 
-2368.862371877120 
-2364.752098483740 
-2368.208186763555 
-2362.997835000057 
-2359.375744907261 
-2363.431426830463 
-2364.069290736030 
-2359.940414421175 
-2361.804602638685 
-2365.811392003729 
-2366.565658778792 
-2365.597728754878 
-2361.050914542812 
-2357.903834288992 
-2363.839762313520 
-2356.749548996840 
-2362.284828692503 
-2354.453165512311 
-2362.367065711391 
-2361.354865141960 
-2359.430109393616 
-2367.600676770719 
-2365.533578026626 
-2358.573622701926 
-2365.002080573041 
-2362.524923499119 
-2360.662597535858 
-2364.625251218838 
-2355.695045595440 
-2361.629825996378 
-2368.177122338997 
-2351.017103330177 
-2366.380583011828 
-2362.107914815333 
-2362.231518512079 
-2361.549820119795 
-2366.960722426133 
-2365.404159748229 
-2351.133510074919 
-2356.404633409203 
-2360.510194893860 
-2368.462839557656 
-2366.473977700252 
-2369.266844664349 
-2368.229230557929 
-2367.118390588340 
-2359.977076725413 
-2370.587283540373 
-2365.917686409577 
-2360.072381163229 
-2362.194935699157 
-2359.065148217740 
-2355.236637726219 
-2357.415491207105 
-2360.464732694399 
-2364.643376106764 
-2368.932280849840 
-2366.560010889155 
-2355.021378860507 
-2360.530847112584 
-2356.992606469829 
-2364.810835963457 
-2365.650938869348 
-2362.317311500938 
-2371.167961237545 
-2357.195250274689 
-2361.648417883352 
-2367.540004640891 
-2363.428737804287 
-2361.274969783798 
-2358.785659877359 
-2365.735995084403 
-2358.573154582086 
-2364.687836806525 
-2367.230413042704 
-2371.333585223248 
-2372.277185320181 
-2367.457325997693 
-2367.374114585756 
-2368.670958087097 
-2365.960535835874 
-2355.198454368611 
-2355.740280660686 
-2366.900744490095 
-2357.736868682730 
-2357.272728837304 
-2356.196753962367 
-2365.103390021163 
-2367.671207619479 
-2363.767824142315 
-2360.574869007667 
-2358.392006816313 
-2364.238848516093 
-2363.572880631430 
-2366.277907119892 
-2361.479788589168 
-2359.869328383244 
-2358.671945648089 
-2364.211827391837 
-2363.417472777672 
-2355.993749375041 
-2358.073553561872 
-2360.320921603858 
-2359.926101766727 
-2365.457443788003 
-2362.775555574538 
-2362.629204928520 
-2364.549469992489 
-2362.288083693011 
-2360.906043286564 
-2357.735071643622 
-2361.261839117004 
-2368.002258278316 
-2360.786406427692 
-2365.522109383965 
-2362.009225008546 
-2360.255425298366 
-2363.338983751796 
-2360.534683751035 
-2367.948824387233 
-2368.702781811491 
-2362.345758197923 
-2369.192155957057 
-2354.155935302519 
-2353.563856271239 
-2356.970308324601 
-2361.961702216600 
-2369.929320570894 
-2368.238191657934 
-2361.465231058837 
-2368.433301820250 
-2365.888181483912 
-2347.450967070733 
-2346.188322759002 
-2357.765022762010 
-2356.780184740046 
-2366.562766730551 
-2363.973210345913 
-2364.760479842504 
-2367.419358698678 
-2352.821123285215 
-2373.467123052159 
-2361.785747225852 
-2365.947899785899 
-2358.635520907853 
-2357.417740767550 
-2371.887753308705 
-2361.730701672390 
-2363.304699450252 
-2360.305049046851 
-2357.130734129903 
-2352.992222520717 
-2358.774639308127 
-2363.623029622684 
-2360.683699532183 
-2361.000537710031 
-2370.701618792430 
-2365.279132645870 
-2361.434149678932 
-2363.484702987039 
-2362.596045860194 
-2367.556779931703 
-2366.896517965798 
-2366.379866828627 
-2363.837791975885 
-2367.469125168312 
-2364.293290185090 
-2376.215847122404 
-2367.674444308441 
-2360.418092557340 
-2360.443006340571 
-2365.411804134184 
-2363.865299878674 
-2367.792117814443 
-2363.733389080131 
-2362.328649017015 
-2364.679593656677 
-2364.246765411616 
-2358.267343707465 
-2363.070088882163 
-2373.369300686403 
-2366.237425724673 
-2363.601575761212 
-2363.178718674603 
-2365.960559056203 
-2363.961919809298 
-2361.546100740945 
-2366.772823682969 
-2361.507979361023 
-2362.396563176807 
-2364.984361958368 
-2359.980229446334 
-2359.163583992594 
-2359.832862867024 
-2358.576859458286 
-2362.918417189166 
-2364.018131487372 
-2359.185173742507 
-2370.179148879294 
-2365.830024474782 
-2366.477755173755 
-2368.605595486217 
-2373.595064842447 
-2363.592863821711 
-2364.205069094314 
-2368.677041391948 
-2364.469494333725 
-2353.496998296640 
-2363.112420407123 
-2363.384712663214 
-2364.230722812042 
-2365.792451462727 
-2360.862749429986 
-2373.701202407513 
-2359.479932672960 
-2367.649510198646 
-2365.351051367250 
-2359.978890655224 
-2363.158665184584 
-2367.250417104173 
-2362.208359671112 
-2355.511197074467 
-2361.511431278147 
-2357.859967959591 
-2362.340214506803 
-2358.674972583735 
-2365.506720252753 
-2364.843791524057 
-2361.478945057539 
-2353.246499183573 
-2358.669371471881 
-2360.930033205188 
-2365.840228655806 
-2366.248706183269 
-2361.848232931332 
-2369.986350094862 
-2360.070684699033 
-2358.923912861250 
-2361.674608317075 
-2374.884638717182 
-2362.933419935838 
-2362.178005291243 
-2365.728673502070 
-2378.512548294037 
-2368.411308278804 
-2361.261492271394 
-2370.649194632469 
-2364.980567156481 
-2367.493714256564 
-2363.498891632420 
-2364.324750636041 
-2360.792105388433 
-2361.996734240023 
-2359.179686480161 
-2358.171072478995 
-2355.326186600496 
-2359.535733882826 
-2362.005632942420 
-2363.535088032279 
-2366.831511135417 
-2360.240924238364 
-2363.131043697182 
-2359.492713253070 
-2360.720147871769 
-2354.794792976636 
-2365.142984224717 
-2365.751658498842 
-2360.320732624847 
-2366.512428986031 
-2363.883004400237 
-2362.047876164911 
-2361.874207260108 
-2355.540697696777 
-2365.299379510618 
-2366.731611908566 
-2369.817077793925 
-2359.522254088370 
-2359.836113470420 
-2362.524277268394 
-2359.410845909734 
-2359.484810743018 
-2355.524468809189 
-2363.100670882576 
-2362.908383874074 
-2359.922840680738 
-2364.706490858019 
-2370.370314441586 
-2355.699986807792 
-2368.707061424578 
-2361.134036861183 
-2367.465771007318 
-2362.494004254545 
-2374.463685960190 
-2363.340787341924 
-2362.631254747389 
-2366.790907467339 
-2363.340010708131 
-2361.652675342116 
-2363.218463196904 
-2363.424074367270 
-2364.721369091472 
-2366.145762275443 
-2367.326569507956 
-2365.712267875475 
-2377.715822245255 
-2351.821714253048 
-2365.527156274119 
-2357.086519059616 
-2365.612670687975 
-2362.640479739922 
-2362.565590425235 
-2360.137442910116 
-2362.875058500695 
-2351.687246614857 
-2363.098764953490 
-2361.568333515119 
-2368.843021556651 
-2360.712235015231 
-2357.322048276097 
-2358.215718856123 
-2362.018374122127 
-2376.708502050227 
-2368.660187593874 
-2370.266010768620 
-2364.308116711911 
-2363.347332647500 
-2364.223962680882 
-2361.843686084555 
-2359.696130964593 
-2359.124966061390 
-2364.912956896661 
-2359.684672668172 
-2355.707639458728 
-2365.109731111861 
-2356.998049395946 
-2360.205158492158 
-2354.231982794020 
-2355.388217925917 
-2361.416306263261 
-2363.608036456431 
-2357.171804006398 
-2360.289022012755 
-2367.426088590839 
-2354.817570298927 
-2359.579072347332 
-2357.090860664635 
-2359.288529420535 
-2365.556980253688 
-2357.732271596140 
-2363.025266540895 
-2369.557853729501 
-2361.788840192815 
-2364.021690599759 
-2360.192977247281 
-2358.544051103319 
-2362.655936856018 
-2363.224221268409 
-2370.518824352162 
-2357.938753764618 
-2356.914153407038 
-2365.421681528293 
-2362.975893219811 
-2363.870893257171 
-2362.831243976296 
-2366.240560080403 
-2368.151998533029 
-2361.798159020681 
-2361.382861185364 
-2361.216558801727 
-2360.436183614242 
-2365.759822988278 
-2361.566616326462 
-2363.073143019969 
-2368.036702796342 
-2364.721373937435 
-2363.688858640050 
-2367.482591601897 
-2365.517358180168 
-2363.347017638584 
-2364.887337927609 
-2363.863302248762 
-2355.445876708456 
-2357.001588789362 
-2357.497429684122 
-2363.119777657249 
-2360.205256305387 
-2359.122811211919 
-2358.526740611026 
-2360.256363924729 
-2363.058472593889 
-2356.278824582109 
-2362.094779290608 
-2369.919695352814 
-2362.834849643105 
-2366.698777430521 
-2367.028315202484 
-2364.935139139940 
-2364.872850250770 
-2363.458266571831 
-2371.961452424026 
-2363.977000978235 
-2360.544020400012 
-2352.383655915090 
-2359.295128807632 
-2362.752182656045 
-2366.860251865783 
-2361.120564648498 
-2358.510039631809 
-2367.526188427551 
-2365.523146837165 
-2363.596042551992 
-2366.923700843324 
-2369.933520720999 
-2359.947450443537 
-2362.951211181560 
-2367.885799459885 
-2375.523891141845 
-2358.503654350914 
-2364.530133674996 
-2356.726087678300 
-2355.453951261094 
-2361.666070633186 
-2359.146792963767 
-2363.042266805594 
-2362.684816328444 
-2371.593945841486 
-2367.412006412549 
-2368.144313794346 
-2362.468759304297 
-2360.308990167210 
-2356.943367498855 
-2361.639982333036 
-2364.299868322811 
-2363.183300150550 
-2364.260935830286 
-2366.985648595095 
-2369.296545816654 
-2372.566840937620 
-2362.983425540822 
-2368.385367136597 
-2366.666933866911 
-2368.972071558130 
-2360.879296329066 
-2364.104989482954 
-2351.595553895898 
-2350.706848609460 
-2358.547951399710 
-2362.511943420288 
-2360.483391807666 
-2364.414348693311 
-2357.583738866557 
-2359.338622541920 
-2362.010702146118 
-2359.518232541805 
-2363.926569016479 
-2360.930873645888 
-2364.400002182146 
-2358.148804325741 
-2364.526255691583 
-2356.237495770582 
-2361.989325075070 
-2364.323587549913 
-2360.613331794737 
-2365.155101240436 
-2360.522121436667 
-2353.980008097266 
-2356.111587292266 
-2362.603814298073 
-2364.167172993617 
-2357.933568017830 
-2361.945976767432 
-2368.160557917404 
-2366.022951050229 
-2366.553014746546 
-2368.592590099043 
-2357.446846263672 
-2361.524516906056 
-2369.655510752580 
-2373.224263231482 
-2370.899048734307 
-2366.159767643416 
-2370.905071350135 
-2362.822365878344 
-2358.970444754103 
-2358.448673881641 
-2376.624938458551 
-2370.878312023518 
-2364.747740190043 
-2361.893076732456 
-2369.450440399221 
-2363.667141453986 
-2358.758896486474 
-2357.747756099867 
-2363.787442442397 
-2367.685927858538 
-2364.738268301413 
-2365.639291003835 
-2368.570519760925 
-2365.461065939782 
-2359.895415765027 
-2365.268889382466 
-2361.120474663568 
-2366.679255077977 
-2353.494496745709 
-2358.160303897460 
-2360.397971123246 
-2358.358399362658 
-2357.264790242185 
-2367.896063466268 
-2369.998091995936 
-2367.176207124654 
-2365.936166394988 
-2371.224777611576 
-2369.385000823085 
-2358.018192022872 
-2359.339710238192 
-2372.078466460071 
-2360.586557757933 
-2364.887570535951 
-2365.457729968893 
-2363.086389612592 
-2369.526948885328 
-2367.047736145176 
-2366.183916546190 
-2359.753738202371 
-2366.701772884160 
-2366.409581411537 
-2367.077740094328 
-2357.200930875957 
-2356.503461363036 
-2358.324783516739 
-2359.644187964030 
-2365.792942688737 
-2363.802353723624 
-2363.710034801402 
-2362.940056457794 
-2364.178887995441 
-2363.735620560290 
-2360.977254553633 
-2362.903766130272 
-2370.608065898229 
-2366.346258858185 
-2364.312765061909 
-2363.326479850090 
-2359.353855184248 
-2365.797990878603 
-2351.846789806730 
-2363.301162525152 
-2363.112320708815 
-2361.402153158676 
-2354.365591966859 
-2356.191292507548 
-2358.598132221250 
-2360.334891424237 
-2369.760354134292 
-2362.715323261594 
-2359.518795970011 
-2359.903601371145 
-2361.752047713051 
-2359.446554688839 
-2359.758185221683 
-2362.755119943597 
-2367.961554640927 
-2360.964033421186 
-2359.019469403267 
-2362.871733052559 
-2364.753071817125 
-2367.025224473657 
-2368.756678755677 
-2363.391394923595 
-2366.958450473302 
-2359.616639762974 
-2365.702264497947 
-2357.379635355711 
-2360.881377896448 
-2360.936003722488 
-2364.598865170029 
-2364.846719671777 
-2378.514257608041 
-2363.147704058086 
-2357.583700830529 
-2362.116795645646 
-2370.056037033535 
-2363.676229634446 
-2362.751689556374 
-2359.544285114160 
-2359.194366258765 
-2360.830007477865 
-2371.559699416443 
-2366.102142537461 
-2365.133285309073 
-2362.679340814949 
-2369.112865302423 
-2358.408870108724 
-2360.588838828842 
-2354.303913939752 
-2362.598356975951 
-2360.723079034954 
-2362.611840442227 
-2371.271557963390 
-2356.782460646007 
-2359.092211627947 
-2362.049849742085 
-2363.794719330855 
-2365.301954676759 
-2371.654181601733 
-2363.560488922814 
-2363.943550314008 
-2370.666967909101 
-2369.571292430668 
-2365.072840855922 
-2358.759922657980 
-2358.944334533289 
-2359.816163252744 
-2363.190276974574 
-2362.278907497610 
-2359.888345910932 
-2361.279446898978 
-2357.898842368853 
-2364.716941955181 
-2361.062713301970 
-2360.878577869285 
-2367.999129890342 
-2361.972467613021 
-2363.515470279499 
-2364.325596956172 
-2369.352804836022 
-2368.653684004156 
-2368.661728328475 
-2357.416633670271 
-2365.665257160326 
-2366.055258483681 
-2364.876455105837 
-2359.253050772384 
-2364.845151756334 
-2358.639250404079 
-2367.545933577163 
-2360.637299571008 
-2368.519222560525 
-2362.271710273010 
-2357.515105681500 
-2358.643095160389 
-2366.954862014918 
-2358.495133146809 
-2361.348364117831 
-2377.815400311605 
-2368.588581832673 
-2359.675752529112 
-2365.045503522557 
-2364.564942593852 
-2361.504859051980 
-2357.050474550443 
-2362.351791063894 
-2362.524625707195 
-2362.432868557672 
-2367.887524752948 
-2363.363311395543 
-2360.371406987977 
-2362.890537087057 
-2360.496431761208 
-2342.834407935437 
-2363.217127474104 
-2365.852885766177 
-2363.619524717408 
-2365.067616061046 
-2367.277305238205 
-2363.449427703004 
-2367.669402495257 
-2367.324709518765 
-2362.734301696896 
-2368.268828632302 
-2369.542582370680 
-2358.704676485998 
-2357.495782852051 
-2359.718031467370 
-2361.982641915486 
-2360.060824673636 
-2365.841917740648 
-2363.456916594924 
-2363.538358092914 
-2366.691795377326 
-2365.099755957257 
-2364.485584897550 
-2360.877455649810 
-2372.382160845073 
-2353.883104830968 
-2369.403207291557 
-2361.035969397615 
-2360.725198682750 
-2359.919586019877 
-2367.456983702475 
-2366.024545742122 
-2365.317183536240 
-2372.394487944792 
-2372.876529049352 
-2365.893815327807 
-2363.397518949558 
-2360.000945153911 
-2356.073055283983 
-2366.717423578277 
-2365.845044184673 
-2361.525755117690 
-2364.080579684475 
-2357.361293367459 
-2361.184803262501 
-2359.925723420403 
-2366.794245615226 
-2358.644471489412 
-2359.013931210507 
-2362.309280762937 
-2364.795821486124 
-2363.909666858692 
-2366.220131132252 
-2358.836153182731 
-2363.516507781870 
-2360.722634509515 
-2362.050668124936 
-2359.851630921465 
-2357.455896995012 
-2357.834795551340 
-2374.687008262600 
-2356.899657147646 
-2363.769654651990 
-2365.231298471526 
-2367.985140926002 
-2367.888325720163 
-2366.866939236306 
-2361.420392393478 
-2359.076025631563 
-2368.483304817933 
-2362.835952205067 
-2357.555044317126 
-2355.431061630332 
-2363.352411633406 
-2359.011772508127 
-2362.170786180525 
-2367.784952871463 
-2364.628080953905 
-2361.957873491691 
-2360.939020936957 
-2355.042925538467 
-2367.973350326801 
-2375.041637063032 
-2359.800140504965 
-2357.092208446823 
-2362.415151153965 
-2365.069101683426 
-2362.720631071754 
-2358.614488801564 
-2359.870496670139 
-2362.155114955202 
-2355.098818862436 
-2357.355088450881 
-2364.493664172052 
-2364.245152828233 
-2362.451728544949 
-2364.816315371236 
-2363.368920485353 
-2366.175719535367 
-2363.829576500475 
-2368.101815035540 
-2363.050973787594 
-2357.654911252246 
-2359.443908941421 
-2352.383002185783 
-2365.271049221468 
-2363.912053525015 
-2359.310448671307 
-2354.479744816987 
-2361.987540450590 
-2363.275473360426 
-2370.176742346270 
-2361.693177537135 
-2365.116365158534 
-2364.410254603776 
-2359.142780526362 
-2357.838437068183 
-2373.196477982322 
-2369.186656877626 
-2364.058250694316 
-2363.491402827877 
-2359.622012345692 
-2366.272376825656 
-2361.880448939454 
-2363.673752418425 
-2357.758485799205 
-2351.678405197942 
-2362.243194424124 
-2366.340576920698 
-2362.460663951914 
-2357.062254417523 
-2364.817622897111 
-2365.438018459754 
-2369.614264571812 
-2361.662270628255 
-2365.236636460829 
-2357.978951203187 
-2354.892284571552 
-2363.947041793266 
-2367.154609052534 
-2360.708657729621 
-2358.930555720701 
-2367.618743859527 
-2358.865080406522 
-2358.279497796178 
-2358.905697982088 
-2359.184416731980 
-2359.096331637561 
-2358.688783216074 
-2362.370324207868 
-2365.357619033377 
-2356.283243025923 
-2351.917838300793 
-2366.619923074172 
-2363.500252959013 
-2358.956206133530 
-2362.656424731392 
-2370.447786482993 
-2362.840419777811 
-2366.381116286138 
-2365.466775839202 
-2358.525791983237 
-2364.900871327720 
-2364.533204504961 
-2364.417136309557 
-2357.921116348710 
-2360.276174792398 
-2355.915666256114 
-2364.640388073620 
-2358.101811299925 
-2373.747160392877 
-2358.592611210550 
-2363.336753931034 
-2363.093776744677 
-2368.197182832687 
-2366.100868289991 
-2361.381150666582 
-2360.381188868521 
-2359.975037391805 
-2364.629729828532 
-2350.876240049886 
-2355.912989906440 
-2358.006920472212 
-2368.042822301188 
-2365.977229362454 
-2356.055900913218 
-2361.548709968073 
-2360.168469813885 
-2351.861500291787 
-2366.139182537711 
-2358.357576535985 
-2360.263807700293 
-2364.887843333803 
-2361.809104831799 
-2361.355817573868 
-2370.445667319275 
-2365.289776130200 
-2358.412459300315 
-2363.339789191480 
-2358.126530579016 
-2360.951828313850 
-2357.134048794795 
-2369.454750185147 
-2362.985647454889 
-2365.325614202112 
-2357.263104980255 
-2356.796270452096 
-2361.187438190301 
-2358.721113561318 
-2354.171399676238 
-2358.672249712953 
-2364.481141010213 
-2366.128567488414 
-2356.134798065601 
-2362.582049328988 
-2360.181477345144 
-2364.650907993341 
-2358.539963698558 
-2364.326270830808 
-2364.284851650951 
-2362.866923058588 
-2361.901300685728 
-2363.276595402756 
-2364.165860000118 
-2364.565224422506 
-2356.547636186900 
-2360.942396914087 
-2359.968135352596 
-2355.013491844755 
-2350.251306737688 
-2367.558613485962 
-2365.792866238176 
-2367.991250424955 
-2366.616785541765 
-2356.255621292121 
-2366.191288168737 
-2369.376294471714 
-2365.712359450757 
-2355.697497131010 
-2364.189607892170 
-2366.413496529542 
-2360.340978430704 
-2368.300423115894 
-2365.564336784427 
-2365.888948186482 
-2366.932120031563 
-2367.271339365913 
-2364.075757216219 
-2361.006219691098 
-2365.346309371626 
-2363.430784153962 
-2363.039502913928 
-2360.757150156167 
-2361.516037625589 
-2360.062050880879 
-2360.321081382027 
-2365.192872335630 
-2362.203023234045 
-2360.908434054521 
-2362.522632187830 
-2361.398390670830 
-2368.761735203208 
-2361.735008347941 
-2362.250870893895 
-2359.324047955791 
-2367.274836131472 
-2362.076311656367 
-2360.595162921795 
-2366.412744544082 
-2358.155599204778 
-2375.813567938256 
-2363.300507226330 
-2363.116039214079 
-2369.209851184408 
-2351.419650422930 
-2359.641987795351 
-2362.312687454701 
-2358.352768905440 
-2359.326878559413 
-2368.651135243131 
-2363.613441206131 
-2367.602731364321 
-2365.432443792996 
-2362.017146136536 
-2366.744938515862 
-2363.524648513272 
-2368.460126735259 
-2354.864078407803 
-2355.798318743477 
-2361.691405509805 
-2356.270558550113 
-2357.662113981016 
-2359.098816395170 
-2365.529787962636 
-2368.966730129536 
-2367.667076719440 
-2367.251319420137 
-2366.024314201401 
-2361.281863699975 
-2359.100546201721 
-2373.809060072438 
-2363.026640527196 
-2374.480222587631 
-2367.440051372902 
-2358.888689718894 
-2364.992254121726 
-2365.789475593237 
-2359.177865877449 
-2361.027957232212 
-2362.507686594268 
-2353.717016234844 
-2359.889640757212 
-2360.557346179784 
-2363.312400786429 
-2361.927901617161 
-2362.639565206248 
-2363.713397750316 
-2363.736436819886 
-2372.520308253421 
-2355.661642215328 
-2356.569466449313 
-2364.749734030385 
-2358.395376300462 
-2373.038696987676 
-2363.096692332562 
-2361.537101219099 
-2376.422704673985 
-2381.048668348431 
-2362.225842773958 
-2357.006670870805 
-2354.644725054416 
-2360.309827506297 
-2373.417040716577 
-2367.304901997732 
-2364.883189194221 
-2364.163560523677 
-2365.904781665406 
-2363.897058824986 
-2366.076826980622 
-2362.489652339206 
-2355.484563878584 
-2363.678128404301 
-2362.048063570269 
-2360.643873958473 
-2361.536106576928 
-2363.993924338499 
-2346.425219148053 
-2362.418488781691 
-2370.403241164145 
-2361.420665388320 
-2365.771294464013 
-2363.696724972839 
-2359.868401102392 
-2365.000319987413 
-2368.527473255354 
-2363.895779364796 
-2362.964889467792 
-2362.297331062050 
-2360.269995177030 
-2363.042812243051 
-2362.357162147827 
-2358.785956431479 
-2359.257871480106 
-2356.412881511164 
-2364.522442394967 
-2354.406510744686 
-2361.922381384475 
-2367.108322188419 
-2362.200193705128 
-2362.957817898703 
-2355.304005006999 
-2362.231710964661 
-2362.223054507294 
-2365.812552711330 
-2361.182785139471 
-2359.820376099216 
-2362.925000805280 
-2360.588266381886 
-2360.818314228510 
-2362.029773052283 
-2357.245267961986 
-2367.217506987056 
-2358.381562839020 
-2363.782922567414 
-2359.413825863033 
-2367.031400537340 
-2360.014980535408 
-2357.486365334163 
-2361.299319091709 
-2372.018553760842 
-2348.946816309966 
-2363.416059187669 
-2358.786394881145 
-2365.616627529687 
-2357.368837657707 
-2358.789265952402 
-2361.716637166575 
-2363.494761552121 
-2370.934870031394 
-2359.509594734829 
-2363.996329861847 
-2362.747846810433 
-2367.352432771458 
-2359.176763677840 
-2365.750148520616 
-2359.553469009341 
-2354.466110151333 
-2361.318822093060 
-2364.204500674881 
-2366.380509799037 
-2361.414955730192 
-2363.258289564542 
-2362.042434157805 
-2363.424526186399 
-2361.820939709823 
-2359.696010476464 
-2360.464267140073 
-2372.635805951842 
-2365.976002449093 
-2370.898678899804 
-2370.306481663962 
-2364.259007018530 
-2349.194895651718 
-2368.195092344294 
-2370.284419744694 
-2368.625296649037 
-2363.893988218179 
-2358.906593175872 
-2363.974519955845 
-2363.346915181389 
-2363.373579319225 
-2359.609287902837 
-2360.393662537100 
-2364.772806595106 
-2360.344352600889 
-2363.333782693772 
-2357.714986670266 
-2357.348153697632 
-2367.820985634166 
-2364.135472678951 
-2365.837921115641 
-2368.580615884220 
-2361.939430098748 
-2357.228292539281 
-2363.327462209723 
-2361.778522735327 
-2355.501904116491 
-2365.565247642616 
-2364.329698216533 
-2368.275584368256 
-2365.938812619569 
-2363.493015649878 
-2358.348910733176 
-2370.562524460217 
-2366.953386738222 
-2366.432199946142 
-2364.732437076628 
-2363.031137456781 
-2363.543106539915 
-2359.428660752114 
-2367.333546352793 
-2360.932382097014 
-2360.603890365796 
-2362.859532706027 
-2373.702423179359 
-2358.848353499319 
-2364.711213461168 
-2363.134315742265 
-2370.796763082770 
-2362.404247542127 
-2363.188323373814 
-2365.842749899952 
-2361.077761674713 
-2363.863443156428 
-2360.923499199080 
-2357.429518638884 
-2359.305750675103 
-2363.516216256671 
-2369.841124800768 
-2360.714044087721 
-2360.028509702815 
-2358.188440510574 
-2361.609588330715 
-2356.908958495085 
-2364.127931360617 
-2365.441614890226 
-2358.861448441442 
-2352.556855907217 
-2359.371025684663 
-2371.917809977410 
-2366.007940149118 
-2367.211165831073 
-2363.833184692112 
-2366.889228940162 
-2367.544565048368 
-2369.703006592657 
-2362.240874073319 
-2358.274322637203 
-2369.613253419666 
-2359.330910677917 
-2370.413381025341 
-2359.616481845468 
-2366.455174490937 
-2360.228773428789 
-2364.052798933638 
-2364.646343542171 
-2354.111649241009 
-2359.953324827884 
-2354.907270239395 
-2371.120511989454 
-2366.204003449909 
-2365.928695385256 
-2355.426369653284 
-2362.353570345951 
-2367.533293306031 
-2365.603986701452 
-2368.283143348850 
-2367.649307680551 
-2356.075280643927 
-2358.777652657740 
-2358.067514462356 
-2369.242527060779 
-2358.595174681766 
-2350.223910379242 
-2366.024601433450 
-2364.056713480865 
-2361.202101818524 
-2367.678882844544 
-2367.348015108247 
-2366.051446256492 
-2365.713392648931 
-2366.119034402048 
-2378.871713529910 
-2372.468930622124 
-2366.495677898560 
-2364.920575866485 
-2361.760115046863 
-2363.167367987327 
-2360.461788960789 
-2366.775950532751 
-2361.348581993412 
-2361.381115552506 
-2361.656014929907 
-2359.554507427970 
-2360.283117802263 
-2367.076887454586 
-2366.015246469332 
-2362.337509237999 
-2368.451587536776 
-2365.696667262529 
-2363.765807394422 
-2357.509727268577 
-2359.780088518169 
-2368.967775829286 
-2364.984100243095 
-2374.325847165937 
-2364.676839575196 
-2360.183304621398 
-2362.469451995900 
-2362.192677760131 
-2366.557609834786 
-2365.494768803003 
-2362.709566875658 
-2360.377396061734 
-2360.974363087387 
-2357.233317708045 
-2370.308396449167 
-2370.109546846907 
-2367.167061240325 
-2359.784980932443 
-2354.959946122750 
-2366.291273699383 
-2361.581936954046 
-2363.432059124880 
-2369.120940397791 
-2364.772205335034 
-2364.842756111678 
-2361.845261744251 
-2360.553808122577 
-2365.222285328057 
-2361.057415076049 
-2366.433042402170 
-2367.085061637506 
-2367.491508332200 
-2352.951683910213 
-2363.137765336380 
-2363.983722491411 
-2360.217625204717 
-2355.782545625019 
-2365.415902350257 
-2366.392979396833 
-2369.560495788655 
-2365.866842349649 
-2357.515472763243 
-2358.120276082325 
-2359.725439295303 
-2361.743186671125 
-2359.938846995561 
-2362.904956420506 
-2367.791680514652 
-2364.939134597124 
-2365.873031774969 
-2363.627743089050 
-2362.105610227360 
-2367.467982808441 
-2367.428591234099 
-2364.378459134506 
-2356.048547800890 
-2359.366713954537 
-2366.757212989842 
-2374.010703258008 
-2371.779361523193 
-2371.692864956899 
-2368.112352776102 
-2365.044424015672 
-2367.658865521349 
-2369.740691676865 
-2364.545108272976 
-2369.889917842730 
-2364.516231197276 
-2355.219671948404 
-2366.435790725699 
-2365.000500835590 
-2352.051483455364 
-2361.318782667478 
-2365.374940856386 
-2361.568405873995 
-2361.105740163710 
-2363.508928652673 
-2372.860351742337 
-2370.115706864323 
-2364.803869782529 
-2361.482245940180 
-2364.698097567281 
-2365.197313281816 
-2366.763819454885 
-2369.797459968980 
-2360.845823558565 
-2366.573215916901 
-2359.990754157809 
-2362.837740159685 
-2362.230630417871 
-2365.402917558971 
-2357.032553290376 
-2367.176395264452 
-2362.474251586418 
-2364.597494902377 
-2364.954229909481 
-2359.302121502246 
-2364.785920639570 
-2359.820492585877 
-2364.137165738940 
-2357.487501035014 
-2359.783255082484 
-2365.244277836287 
-2362.076317490035 
-2361.058205639307 
-2354.993002794555 
-2361.199643652986 
-2358.603068985554 
-2366.121885381631 
-2364.933726102422 
-2364.993791666374 
-2359.771443728281 
-2353.558270738393 
-2356.519366243868 
-2365.517301348209 
-2364.623261652199 
-2360.227852004686 
-2356.965110970826 
-2362.781770276236 
-2360.300502659747 
-2365.047427494381 
-2362.048898300608 
-2369.801834340205 
-2360.285934683776 
-2359.767060632794 
-2359.508979030061 
-2361.063862296737 
-2356.418789713859 
-2365.757246364440 
-2356.652023920712 
-2362.078615876135 
-2364.423262682868 
-2364.768833666340 
-2362.864848063945 
-2369.777896924950 
-2359.504879066995 
-2361.835816513549 
-2362.444370856849 
-2365.572558035930 
-2363.149280173840 
-2361.473816499415 
-2364.714020829002 
-2360.990697421611 
-2368.375909431621 
-2360.403078802480 
-2367.676047227444 
-2367.013077830467 
-2358.299952899088 
-2364.257491267262 
-2361.889575847970 
-2360.798458283518 
-2358.712270434463 
-2361.598686813750 
-2376.500379483281 
-2351.953040514184 
-2364.433563485050 
-2356.964133536191 
-2363.503886721012 
-2364.062658117885 
-2363.564594000581 
-2364.206971878074 
-2364.168764573329 
-2367.473445597152 
-2360.590414568258 
-2360.884625985483 
-2361.437371904112 
-2369.166271153542 
-2361.500978324722 
-2357.010875150724 
-2367.167826287805 
-2359.028897494871 
-2365.237240034837 
-2365.253466660044 
-2367.279187414832 
-2363.496391032725 
-2360.701597200694 
-2365.149789993848 
-2362.158567272477 
-2370.752101586098 
-2372.345514944104 
-2360.813302456573 
-2362.813009219651 
-2359.642972653237 
-2360.690237453054 
-2355.359876874189 
-2353.196409652222 
-2357.291982137388 
-2367.687356745029 
-2355.768522665161 
-2353.989839969111 
-2359.190346079601 
-2355.885649286707 
-2359.561117306351 
-2366.447087709977 
-2361.493701114287 
-2362.332192814910 
-2366.614911936224 
-2365.413076690310 
-2355.590310411357 
-2360.364560456515 
-2365.599575509205 
-2368.348526277084 
-2369.789322155118 
-2364.830204361316 
-2366.242594098102 
-2365.631981592379 
-2362.760959023854 
-2362.083322961339 
-2362.859114043858 
-2363.129783504087 
-2358.880784497540 
-2365.714232742376 
-2363.212929938636 
-2366.865778287465 
-2364.951324006111 
-2361.490242246690 
-2365.472777849318 
-2361.244330890726 
-2360.288774435614 
-2365.138971349831 
-2360.632617564127 
-2363.988525809923 
-2359.462307622638 
-2360.950892164152 
-2360.710239992455 
-2360.735728810421 
-2356.781507226293 
-2358.524368406147 
-2355.681634658661 
-2357.987493626046 
-2362.962630361645 
-2362.867053492454 
-2369.089338356679 
-2367.134605987492 
-2368.600485574505 
-2372.875776997573 
-2356.385965024201 
-2358.381891430300 
-2360.112879048330 
-2362.291376882873 
-2363.551688607322 
-2368.400385599407 
-2359.782251454711 
-2362.798548738069 
-2366.802691885946 
-2359.802653456112 
-2360.289895917459 
-2366.464296622446 
-2364.774005472083 
-2359.711034635138 
-2367.956161103334 
-2357.843142829884 
-2354.555257502683 
-2359.727838147789 
-2360.435310765658 
-2363.818464596372 
-2359.075123721257 
-2362.000288164400 
-2346.923642458253 
-2356.181589372687 
-2363.937916975379 
-2364.480673765139 
-2367.237497810810 
-2359.233281749618 
-2361.776070866103 
-2360.911547198572 
-2357.344873623658 
-2364.524230825094 
-2361.794976880055 
-2364.436097083478 
-2363.034377799603 
-2370.509108373350 
-2356.613243413182 
-2358.714384085378 
-2369.267553370771 
-2368.168071039732 
-2369.903340450956 
-2361.868452654082 
-2363.028118235571 
-2361.150180393099 
-2359.850000374508 
-2373.009877531810 
-2367.564034156027 
-2367.887567521565 
-2362.412119074942 
-2363.572188404929 
-2360.772667704308 
-2360.428232207450 
-2363.828218912794 
-2365.732345569993 
-2362.815192447703 
-2364.952119959092 
-2361.509882938105 
-2358.374877677482 
-2361.293607375806 
-2365.782924935959 
-2365.317471253314 
-2368.847353476218 
-2359.811251030798 
-2360.665722836417 
-2361.652600590192 
-2372.912716293548 
-2374.094196346278 
-2372.122125230454 
-2359.011742978214 
-2356.953137040213 
-2359.412812577960 
-2362.051240145441 
-2359.740826327409 
-2357.066721445372 
-2363.600256945178 
-2366.677270729299 
-2362.439560098595 
-2360.853421471936 
-2368.598643435726 
-2367.947329283204 
-2367.263259507681 
-2367.006297955619 
-2366.280154226055 
-2369.068222523398 
-2367.494221785088 
-2361.415393993914 
-2362.791199677537 
-2373.210009487746 
-2363.632383914945 
-2364.097927149520 
-2356.785053372657 
-2355.245391010783 
-2362.065837421845 
-2369.757680335889 
-2363.685291211589 
-2361.815351092196 
-2373.853568665260 
-2362.247591331455 
-2358.259166740846 
-2361.280910819827 
-2369.678197801277 
-2364.242492836846 
-2364.621552533477 
-2362.000004903081 
-2367.215949260020 
-2361.986271823339 
-2354.976472956318 
-2359.134490085570 
-2366.097673237728 
-2361.375168928917 
-2364.544154782889 
-2364.404146422002 
-2361.503309695554 
-2360.783726310493 
-2362.389180707335 
-2354.298708711466 
-2360.125812370551 
-2368.515026895565 
-2360.139300236186 
-2356.877004009888 
-2361.073344343164 
-2364.785589843826 
-2360.465347833348 
-2359.649879416210 
-2364.244987484530 
-2365.905754454307 
-2365.080139799420 
-2360.388517276186 
-2361.298371582006 
-2360.322691587143 
-2361.585653545321 
-2360.759990989522 
-2362.399438302856 
-2366.650771912631 
-2366.139734514101 
-2353.470047482255 
-2361.309790467204 
-2358.687597911516 
-2362.538604651917 
-2363.988728101104 
-2363.590355679421 
-2362.779615635444 
-2368.716628304870 
-2362.715922375316 
-2363.401723486122 
-2365.553261900204 
-2358.124022208196 
-2360.211969695128 
-2363.216277699938 
-2358.435765494188 
-2363.485407789537 
-2363.362561835161 
-2364.596149003965 
-2365.518069178996 
-2363.657582777769 
-2359.858793893606 
-2358.366114748752 
-2355.391603412707 
-2370.367796807675 
-2370.747346026739 
-2366.726145792928 
-2363.096363150969 
-2363.903849624945 
-2361.880488501898 
-2367.648344141526 
-2361.774493444718 
-2375.287349670319 
-2364.535284239174 
-2360.965109620756 
-2364.135614566940 
-2355.671714045332 
-2358.058116828231 
-2355.790255900163 
-2361.700638064150 
-2365.526662655799 
-2365.295451276580 
-2363.515866971004 
-2368.326610240238 
-2370.750659070987 
-2364.708457508135 
-2358.508267966277 
-2361.392784289290 
-2362.545618630798 
-2372.685750759055 
-2365.159339336379 
-2362.257765835385 
-2366.665526432709 
-2366.379615219299 
-2365.076162964578 
-2363.195187046726 
-2353.750911266437 
-2363.019587343106 
-2360.919860492040 
-2368.036139489710 
-2360.265498128937 
-2368.554108054930 
-2372.980776273401 
-2359.426996570824 
-2356.855849650203 
-2358.149910516325 
-2365.947655468615 
-2365.456678435382 
-2363.553624441468 
-2361.827896298857 
-2362.338542495594 
-2364.412782057535 
-2366.353889371639 
-2359.972908274319 
-2361.580471630376 
-2367.791661526080 
-2366.005196514740 
-2360.486434954976 
-2366.190777692364 
-2363.381283494228 
-2359.040647222466 
-2359.549382753738 
-2362.415344082466 
-2363.063423639201 
-2364.500906587621 
-2365.781313200880 
-2362.025500257476 
-2358.095350692491 
-2360.062360192571 
-2365.662920704534 
-2369.510217831481 
-2364.165199285950 
-2362.735477721742 
-2359.663601260360 
-2364.857952534358 
-2368.928833618666 
-2362.665379967318 
-2361.654274377988 
-2364.683280664141 
-2365.410641486603 
-2363.473453557518 
-2362.589431103477 
-2362.502830354553 
-2363.789744141422 
-2359.755044476223 
-2361.691702808947 
-2361.383598891250 
-2354.587976499048 
-2361.096505977119 
-2363.050475769281 
-2356.967696707428 
-2362.541411949363 
-2359.643732104512 
-2362.090886062133 
-2356.181159913952 
-2372.919973223976 
-2365.634590728762 
-2371.970150502048 
-2361.383142687332 
-2367.655585396589 
-2366.469515804724 
-2367.640367220989 
-2358.729181025080 
-2362.481754385367 
-2366.687796170048 
-2367.267058721190 
-2361.017413452770 
-2364.396269842600 
-2361.466581718581 
-2361.958192009917 
-2372.304528879547 
-2372.415936654216 
-2366.620943178465 
-2373.870335924770 
-2361.021920899625 
-2363.615280483070 
-2363.988883749338 
-2356.094483405816 
-2363.994370695032 
-2363.908730494628 
-2364.242260372390 
-2364.762696789393 
-2360.943281753394 
-2366.371848742439 
-2371.528733437883 
-2354.365791558565 
-2358.896600668890 
-2361.818044319411 
-2363.209190906898 
-2365.571497864963 
-2362.623107001513 
-2365.513871848626 
-2365.125399580385 
-2366.868517940900 
-2368.114006519766 
-2368.693613407392 
-2360.796935483180 
-2363.903171956444 
-2361.118984694679 
-2359.772404158950 
-2362.305078015279 
-2360.508123650788 
-2365.051452831210 
-2362.409516288444 
-2364.705258830578 
-2362.292532020100 
-2351.697228297724 
-2359.797941437039 
-2359.840990999269 
-2364.377636760511 
-2366.414038414744 
-2363.241616047932 
-2359.521222971430 
-2363.731751241953 
-2360.445215024220 
-2357.619743705921 
-2360.911895723944 
-2363.906538972980 
-2358.886398204683 
-2361.279238548086 
-2359.561642873628 
-2364.867891127308 
-2356.721829821818 
-2366.662420749008 
-2362.573371631198 
-2359.428183343475 
-2366.651310576604 
-2367.540661751681 
-2366.636601154855 
-2363.727946736265 
-2364.317712837546 
-2362.063243293075 
-2365.251315330981 
-2361.316453018598 
-2363.644297189665 
-2354.026712316112 
-2372.372930493995 
-2365.865129878680 
-2367.302263485180 
-2363.271947455075 
-2358.986055087924 
-2361.203884878670 
-2353.647743717987 
-2357.529402700532 
-2361.208155841728 
-2361.425016637421 
-2372.992638734512 
-2372.125466752494 
-2362.936168686998 
-2363.879135291281 
-2365.144948664971 
-2360.018467401399 
-2360.085849858418 
-2354.183093065124 
-2359.357159924578 
-2364.148716913261 
-2361.444079412770 
-2364.015961717549 
-2360.826992033045 
-2359.369682713803 
-2362.300471601684 
-2361.844005969192 
-2370.464097666245 
-2361.648438864580 
-2356.651851698468 
-2359.901993122985 
-2359.045493485912 
-2360.030534870294 
-2366.875531471977 
-2373.510176933397 
-2365.980602969491 
-2361.406232490745 
-2356.075627682472 
-2359.493951150314 
-2371.637894935941 
-2365.382095416032 
-2364.290815428032 
-2359.160674627460 
-2364.790749878119 
-2369.018792392248 
-2362.664003825274 
-2364.826371755270 
-2364.743523059890 
-2365.829041689874 
-2365.829235315583 
-2354.087814485993 
-2356.045641013148 
-2360.097739523042 
-2362.424863836108 
-2363.496100304641 
-2367.932239297781 
-2359.038435426025 
-2362.548770696583 
-2362.506565575760 
-2362.185680578633 
-2362.517510193989 
-2388.278686943503 
-2375.625169441458 
-2367.672363702530 
-2375.592480308958 
-2368.450740883005 
-2358.221107403551 
-2356.364830052002 
-2365.276210234781 
-2370.804789172175 
-2364.927628047688 
-2356.718128189425 
-2357.457878596298 
-2358.116025073075 
-2368.495285189428 
-2358.816658889100 
-2364.370313616467 
-2368.381861090832 
-2361.124451425421 
-2361.009916890002 
-2354.933774304744 
-2365.137500495255 
-2367.183059588678 
-2369.453444820525 
-2357.322673719448 
-2364.502800897101 
-2360.402125541000 
-2363.564638859749 
-2355.752780381454 
-2368.667247221384 
-2360.760655077288 
-2357.647708183589 
-2367.604722188235 
-2362.263722989185 
-2370.253364604800 
-2371.976355239267 
-2379.731852407099 
-2362.184510156683 
-2360.232519187543 
-2367.407331343136 
-2357.949412730199 
-2361.185311319517 
-2365.686780221581 
-2367.100757665117 
-2361.597892537915 
-2358.432896339898 
-2362.852476626242 
-2366.654558303780 
-2354.704178264320 
-2364.582451404683 
-2374.698607412305 
-2369.329244408868 
-2366.378502343957 
-2359.877479010519 
-2366.687281484058 
-2369.344115465354 
-2359.229237031941 
-2370.978979811557 
-2363.962193366756 
-2361.415601611192 
-2365.670948810997 
-2364.992510365405 
-2360.970556924040 
-2365.559050830740 
-2363.446377586868 
-2367.770487115531 
-2357.450458484332 
-2363.491940493641 
-2362.540470642147 
-2354.449359507998 
-2364.857592410991 
-2368.978510293632 
-2362.406072850117 
-2371.026757065909 
-2364.844366674441 
-2364.183892009974 
-2362.153413285683 
-2361.171542997715 
-2361.661207892853 
-2368.945157839620 
-2356.235932361541 
-2364.404198059902 
-2357.874784097981 
-2359.172380667758 
-2354.461861886932 
-2359.564246528034 
-2352.672140766248 
-2366.170469329977 
-2365.379216909183 
-2365.849789960112 
-2363.312399946579 
-2367.987883703237 
-2363.780798904171 
-2361.224125496716 
-2353.998329861115 
-2353.909607821101 
-2361.732974877454 
-2356.285893515683 
-2360.858567284599 
-2364.712767743027 
-2365.349362478564 
-2366.790727196710 
-2364.674137103010 
-2364.971901974730 
-2357.351318356756 
-2364.528766546414 
-2361.845394084473 
-2363.797441310564 
-2361.910579368634 
-2361.499519849317 
-2375.765879816095 
-2365.817733906887 
-2366.075494651076 
-2367.474660829505 
-2368.377421685190 
-2360.948782501422 
-2366.406081535329 
-2364.758249940141 
-2358.841156635187 
-2361.477475595656 
-2359.899002612030 
-2364.845705813255 
-2354.663918926351 
-2369.362752773015 
-2363.565104570021 
-2364.749813895262 
-2356.911793518680 
-2369.566511285585 
-2364.645034848296 
-2363.158965124364 
-2358.055500044749 
-2358.112940125390 
-2369.603295895693 
-2365.817293424245 
-2364.453941490477 
-2367.237348715549 
-2359.179714136146 
-2360.222154309832 
-2359.222757947554 
-2352.666445523821 
-2362.519716202558 
-2359.651566292528 
-2358.424862487750 
-2357.724586284274 
-2353.751489434675 
-2359.608903360133 
-2359.765279536847 
-2365.026465402920 
-2365.065293044051 
-2365.125337534679 
-2363.349276355587 
-2360.730497898317 
-2361.174714832961 
-2356.960652937967 
-2362.949675416238 
-2361.845722595364 
-2355.997049730555 
-2365.002803529374 
-2367.557933741879 
-2363.971994461882 
-2366.448606123105 
-2360.412820816970 
-2359.877703452595 
-2359.700655485824 
-2359.411998047080 
-2364.232630411091 
-2363.786531645398 
-2360.780390911593 
-2361.143229714510 
-2363.310566078285 
-2359.755401076885 
-2357.539068620821 
-2361.132318555437 
-2362.012930145377 
-2368.420778604422 
-2362.722492483862 
-2372.590568162510 
-2365.086076493520 
-2371.960716425081 
-2360.330373205526 
-2361.304324546531 
-2359.916855552606 
-2362.227961105989 
-2365.730803242137 
-2366.036065539059 
-2376.895175277425 
-2370.561373246677 
-2366.353365003384 
-2367.567675382125 
-2363.432556179257 
-2360.975161957666 
-2362.702949631510 
-2359.420614558982 
-2365.699848140011 
-2365.744298760107 
-2367.525770045761 
-2362.469232721754 
-2360.794026762394 
-2355.805663140344 
-2369.458146195074 
-2364.970797842776 
-2361.573651918529 
-2362.384751990895 
-2354.196547005821 
-2358.001739013313 
-2367.554945156527 
-2365.064459693601 
-2360.035909846858 
-2357.769408093094 
-2357.496281267124 
-2362.401628922105 
-2370.616232654221 
-2360.147660861984 
-2359.663312208957 
-2358.595092960335 
-2357.585681302145 
-2365.246611918239 
-2363.463995365700 
-2354.553863798927 
-2357.774385616170 
-2367.064578691185 
-2367.820049052008 
-2368.472662473496 
-2357.225926477080 
-2363.171544455636 
-2357.156448282280 
-2366.831238191371 
-2365.560541813228 
-2368.959137824719 
-2367.315245162871 
-2362.367957612093 
-2364.638991296455 
-2356.382628264201 
-2357.611112676620 
-2364.216259482882 
-2366.855215679411 
-2373.248991935866 
-2355.324061868002 
-2369.197296998554 
-2358.195019306739 
-2370.353175227886 
-2369.293843795179 
-2367.474638105234 
-2369.753659292306 
-2372.550223911604 
-2367.690831833972 
-2358.828010381029 
-2358.860251289220 
-2361.772050776802 
-2350.884298958563 
-2355.838908849581 
-2362.147361160040 
-2363.751898625170 
-2365.389612455652 
-2364.708452069132 
-2350.105996236856 
-2373.105979054019 
-2363.946876761292 
-2360.301230236666 
-2366.405734749326 
-2366.607851686163 
