-2354.876557598653 
-2362.138477105130 
-2359.230408565059 
-2362.686786248869 
-2360.094943777867 
-2357.142164274161 
-2356.722193603328 
-2358.488431452231 
-2364.521263059924 
-2368.384658600349 
-2361.343824062161 
-2371.167300592195 
-2366.991439839887 
-2359.706190503549 
-2352.201217956595 
-2363.351575835512 
-2372.683337655782 
-2364.510293486397 
-2365.232572535834 
-2369.661641042905 
-2362.271340571242 
-2359.085697818447 
-2364.372777816697 
-2359.931331288138 
-2360.129871159985 
-2361.358411278328 
-2367.075455129481 
-2365.613803095489 
-2361.776436579958 
-2361.380931782522 
-2360.554151528808 
-2363.148211148331 
-2364.137648607502 
-2368.614391623807 
-2358.393376011852 
-2367.544554171178 
-2363.359794701458 
-2363.208287690681 
-2357.985431664231 
-2365.045947746175 
-2358.954823589357 
-2361.303749237013 
-2360.146492787973 
-2362.680981348648 
-2366.765265169503 
-2358.445483872306 
-2356.317774275767 
-2348.424698372045 
-2357.706624541679 
-2358.298442568439 
-2364.943587217026 
-2364.354552358727 
-2366.159264464457 
-2361.721549018062 
-2368.228912962808 
-2368.906365235727 
-2365.391912853513 
-2359.538556857150 
-2359.410735860334 
-2362.654677842975 
-2368.254726373311 
-2370.000754522188 
-2356.700121810529 
-2354.613508575992 
-2358.491938867833 
-2365.981579806675 
-2362.835836508860 
-2360.716587887938 
-2364.033891307472 
-2363.074460021911 
-2366.229985805591 
-2359.800126579441 
-2361.612381389730 
-2364.553260164575 
-2362.846436088206 
-2363.400687463899 
-2356.566394991306 
-2365.536196163209 
-2359.596111804889 
-2367.267643764974 
-2360.572326765906 
-2364.883321729402 
-2364.793838754872 
-2360.557340402762 
-2364.194302761293 
-2366.455299057804 
-2366.682511645168 
-2363.522003637757 
-2372.282779976847 
-2374.016657727210 
-2360.596241435907 
-2374.649811728902 
-2360.808537948612 
-2364.337651332752 
-2357.519326984031 
-2356.293052678011 
-2364.809155445053 
-2362.130608081648 
-2366.622012387598 
-2364.613254635147 
-2355.687690481301 
-2353.628411643461 
-2369.145968665815 
-2361.835206662233 
-2360.100405640953 
-2362.906719516441 
-2363.253756885703 
-2363.581717255470 
-2362.086795049996 
-2355.796039462272 
-2362.740961072927 
-2361.470747149132 
-2360.714987054366 
-2363.116582130279 
-2362.679530200657 
-2360.102651342863 
-2363.414499613986 
-2365.764460386684 
-2359.729787709728 
-2362.711412275471 
-2361.109063200715 
-2360.060249257238 
-2359.972548944243 
-2366.880984020219 
-2362.911967977353 
-2363.327967867863 
-2363.157282791272 
-2368.335682245610 
-2366.688073245511 
-2362.538521341596 
-2363.572567642636 
-2372.292694336316 
-2363.102973860184 
-2369.364346955011 
-2367.162938170188 
-2365.222618166634 
-2361.872159350774 
-2359.277199080598 
-2360.982267219012 
-2364.350258988823 
-2368.421932878222 
-2367.877596598411 
-2358.871470255405 
-2359.885742746024 
-2357.767870330290 
-2361.111682557872 
-2362.525444535428 
-2359.010569227146 
-2365.548597422302 
-2359.118055766397 
-2357.912913499177 
-2366.353524674675 
-2364.290682875484 
-2365.218619820136 
-2360.152711053216 
-2360.366786037274 
-2368.330430299959 
-2366.814293836139 
-2364.670434811485 
-2363.907975723901 
-2363.500299335959 
-2363.835198866360 
-2362.069483989764 
-2371.192476069327 
-2363.834355472816 
-2352.365374174621 
-2366.407030841079 
-2367.910833692668 
-2365.005234701214 
-2354.351624771389 
-2361.786516020213 
-2364.873050477824 
-2362.415853622572 
-2357.241978161900 
-2367.179686760887 
-2356.733560432644 
-2364.273137657709 
-2361.929982504828 
-2362.045404910176 
-2363.631693179384 
-2359.672181631935 
-2368.100513595223 
-2362.551780685720 
-2365.545040084096 
-2362.149534160603 
-2362.781908416732 
-2365.881977063716 
-2364.833790070360 
-2366.510360843690 
-2369.751054270586 
-2361.671974483608 
-2360.632703134713 
-2365.959617692129 
-2365.358005490930 
-2362.399630907199 
-2359.249440798787 
-2363.527423402521 
-2371.426276268434 
-2364.180725423062 
-2373.545430711853 
-2360.821294053165 
-2359.634747214870 
-2355.721734574303 
-2361.759437758326 
-2367.707914195345 
-2357.676922440546 
-2361.785760360486 
-2359.602655934641 
-2358.995365819500 
-2363.309300990131 
-2365.999235556002 
-2366.536682347325 
-2361.586364477650 
-2360.957931148445 
-2362.719755052206 
-2359.378929358645 
-2355.782718347691 
-2351.553091199816 
-2359.313038772832 
-2356.039122424097 
-2358.640473851291 
-2360.282194307048 
-2357.659432147135 
-2361.699120354391 
-2353.669451052191 
-2364.978133410276 
-2356.475802028560 
-2358.096333501252 
-2359.828483488596 
-2360.138338292454 
-2361.621728026400 
-2369.126256069589 
-2362.680969319872 
-2349.184587607513 
-2361.774250904688 
-2363.927086070827 
-2360.448228970809 
-2357.036190109201 
-2355.511983355108 
-2362.798589035031 
-2359.328817513896 
-2365.872858051214 
-2357.969999117379 
-2351.137389212526 
-2360.205697978568 
-2356.644293364648 
-2366.698771834921 
-2355.834784543864 
-2359.368244145939 
-2366.692582386526 
-2369.813025135653 
-2362.931328155885 
-2362.987084256907 
-2354.979117750126 
-2364.946051012952 
-2362.864813902253 
-2364.476190940984 
-2356.940102578754 
-2365.074631242274 
-2369.937396435318 
-2361.618680039485 
-2363.060432663980 
-2358.562650322096 
-2363.771679134825 
-2354.987907518846 
-2356.174113324591 
-2362.155091714471 
-2366.477198594626 
-2360.962903761460 
-2362.782147225636 
-2368.396671465128 
-2354.712314786367 
-2365.939715406641 
-2360.898886316043 
-2364.259859540762 
-2372.937441692247 
-2362.765432228175 
-2362.378375260277 
-2368.044837734204 
-2372.018730304430 
-2366.695856899556 
-2363.524627142081 
-2361.285278260109 
-2362.989092603624 
-2362.894837009371 
-2368.159129084255 
-2363.938366254721 
-2362.341731747167 
-2360.644329255169 
-2366.955855514409 
-2359.991862760309 
-2363.781276745571 
-2360.413030297016 
-2365.715809262358 
-2363.515086313041 
-2359.488070511592 
-2367.511140980895 
-2361.310621558304 
-2364.097544148835 
-2360.556603691308 
-2362.237891037158 
-2366.683254032068 
-2357.316820968586 
-2358.906581633382 
-2365.589413857450 
-2362.107562026005 
-2373.097813800684 
-2361.639770936842 
-2368.191780553980 
-2373.114054454562 
-2364.762204846941 
-2369.779693927571 
-2374.058973851407 
-2362.066600691712 
-2361.824514698139 
-2356.414726365980 
-2359.012838160430 
-2361.240408755324 
-2363.024626062947 
-2358.235043568045 
-2366.413388951574 
-2365.147211330509 
-2363.469472830806 
-2360.178196207668 
-2362.497179132608 
-2355.598305996703 
-2364.843002092179 
-2370.926891811056 
-2360.195693644837 
-2348.031700113420 
-2359.510424570857 
-2367.993208584151 
-2372.865945304386 
-2367.106677114904 
-2372.361875169724 
-2374.121449821958 
-2370.113042734381 
-2357.812240363079 
-2361.167409575611 
-2362.366002525583 
-2360.942110217271 
-2360.245514042017 
-2364.717242355123 
-2362.832282300664 
-2366.261247819163 
-2364.310432425608 
-2357.905210337838 
-2364.548514556248 
-2365.232438769674 
-2366.677029392803 
-2360.649323925202 
-2360.070508993335 
-2360.928223175064 
-2366.500248608243 
-2361.510291831958 
-2349.485066055366 
-2367.667619264086 
-2364.957458962661 
-2358.364220176493 
-2368.465990286508 
-2363.600666427376 
-2367.915387855253 
-2360.453401990508 
-2358.746645433652 
-2354.213628404515 
-2363.220044351109 
-2363.395757832819 
-2354.714350832355 
-2360.466406596361 
-2372.430048686503 
-2363.609688120599 
-2355.767846143583 
-2361.244182895449 
-2362.066236550729 
-2363.608005553235 
-2360.080415687803 
-2361.094261931042 
-2363.212174608724 
-2365.090391190859 
-2359.899048731663 
-2365.910653764773 
-2366.317372065378 
-2358.998187128767 
-2360.178636450085 
-2357.450075797850 
-2365.981258927045 
-2360.563785620572 
-2357.052785027814 
-2360.421672521639 
-2357.539726849623 
-2368.365004286829 
-2366.806670562317 
-2358.468603110581 
-2367.163319618024 
-2365.740859558296 
-2359.320821445719 
-2357.255392187163 
-2357.449723914069 
-2354.073145787369 
-2359.251406325423 
-2371.348533265598 
-2369.673808410978 
-2360.076138189827 
-2358.004409134844 
-2358.045337183829 
-2361.055186522374 
-2359.192778023886 
-2375.969390407006 
-2364.807120003295 
-2356.582196095755 
-2364.697211439409 
-2359.860137181603 
-2365.344996880874 
-2366.799185054397 
-2371.767596057751 
-2367.383864790723 
-2368.750979343092 
-2366.172859821831 
-2358.854624405255 
-2363.108496268303 
-2366.424188529081 
-2367.462762662793 
-2365.154671902623 
-2356.447362181672 
-2364.524004852357 
-2358.519280936726 
-2358.372494899962 
-2363.026975715726 
-2352.255267028082 
-2353.979100225903 
-2359.796291259989 
-2359.816166223296 
-2364.847560119378 
-2361.699869717301 
-2357.848706207579 
-2357.037283193932 
-2357.644155391676 
-2354.727697523001 
-2359.958737978504 
-2361.744646700587 
-2364.347329106010 
-2359.801231932729 
-2355.333742615752 
-2358.860167196827 
-2365.692082421317 
-2356.337491467895 
-2364.300303522622 
-2360.159812142342 
-2364.712439891845 
-2373.814017467980 
-2362.823094926637 
-2360.902086231994 
-2364.552743023589 
-2371.296637935114 
-2363.018035231549 
-2367.026318289357 
-2360.957778012969 
-2364.905735751375 
-2362.347821777406 
-2354.912537917179 
-2356.422543513435 
-2355.893948609244 
-2362.396010376988 
-2365.166296056685 
-2364.062184186067 
-2363.998887976776 
-2355.817944530978 
-2355.744119143332 
-2371.451692210669 
-2351.930464910853 
-2352.383123423068 
-2360.610481706936 
-2361.725319302448 
-2367.850975169628 
-2359.873729591517 
-2352.707599540472 
-2361.522841572611 
-2372.558286048312 
-2368.847394895671 
-2368.520967139953 
-2358.560477638699 
-2361.903413689159 
-2357.401894506245 
-2358.578552567355 
-2366.261424622551 
-2367.855229283535 
-2364.767829734650 
-2365.691468766224 
-2356.749646341804 
-2360.541304990855 
-2359.922282191493 
-2361.479458960086 
-2365.454814360097 
-2367.125187708301 
-2361.806881329729 
-2369.740034270069 
-2361.389716605506 
-2358.464262731118 
-2368.458970729112 
-2363.814297921842 
-2363.848387855412 
-2360.872648464184 
-2361.477257298842 
-2367.406784531037 
-2368.909357564897 
-2361.867573358428 
-2361.104649382406 
-2362.433030625125 
-2364.113388623621 
-2360.944443545260 
-2365.758157520546 
-2362.899499527105 
-2351.596585386262 
-2363.676777888360 
-2365.777592590733 
-2367.334704393449 
-2364.142340384316 
-2362.255206561303 
-2360.614891709155 
-2359.745807305093 
-2362.320637603218 
-2356.780788143821 
-2356.176117983925 
-2357.712676652092 
-2359.192294081873 
-2360.708324712944 
-2363.747851729269 
-2360.953836638430 
-2369.308941543606 
-2360.452464651811 
-2363.784683830298 
-2363.267268357914 
-2356.714242638610 
-2353.692693484031 
-2363.646161204390 
-2368.872974002998 
-2362.465490585758 
-2363.606727938114 
-2364.119439115131 
-2358.382342674076 
-2363.423058533132 
-2363.064522671666 
-2363.311250850095 
-2362.005309429667 
-2369.680476754083 
-2360.791592929637 
-2359.270371227717 
-2366.195352583662 
-2361.177678755277 
-2365.510650838045 
-2364.683234348467 
-2363.675442658371 
-2360.938091080192 
-2368.340127786547 
-2360.386600243748 
-2368.990941264095 
-2355.309317695933 
-2365.413071088722 
-2364.705331554965 
-2363.966450651289 
-2361.897589488724 
-2359.887764127052 
-2365.026947006222 
-2368.897644454031 
-2358.841943768105 
-2365.386758826357 
-2366.168506305681 
-2366.145631883691 
-2366.651319420322 
-2357.041199294612 
-2363.864517295981 
-2357.560668873832 
-2353.054866860285 
-2359.777356306029 
-2367.172678852210 
-2361.285197283244 
-2360.876808001976 
-2358.627227815042 
-2361.850846664609 
-2360.470900637069 
-2364.206900404364 
-2373.960598461792 
-2365.966701771158 
-2362.007150967268 
-2358.644473435396 
-2358.948156642372 
-2358.961391260134 
-2358.058732748764 
-2359.601496190113 
-2366.470336702082 
-2373.730324965032 
-2363.980290903666 
-2361.815607151151 
-2362.647023189841 
-2362.082374343744 
-2359.990941790560 
-2358.811184872129 
-2366.293141273918 
-2370.412965109213 
-2360.945161448645 
-2360.953180710634 
-2355.603508646267 
-2361.947138952591 
-2362.829961673529 
-2362.057870643828 
-2362.317040676564 
-2368.032581487131 
-2362.216453902990 
-2359.411854024072 
-2346.727124829737 
-2364.717840632944 
-2361.377477438489 
-2362.489762395651 
-2364.781761038108 
-2362.015484983473 
-2362.992266361477 
-2365.689561420965 
-2362.672738987878 
-2353.493144495291 
-2363.755185021366 
-2364.664080558784 
-2359.706598448221 
-2360.399605392667 
-2363.020674758734 
-2375.476822191777 
-2362.968060240207 
-2361.664796389595 
-2370.629658805057 
-2361.874777842248 
-2358.210858599565 
-2361.467294504786 
-2365.817955657335 
-2364.688930218414 
-2358.277882311236 
-2363.365902144806 
-2359.973933541299 
-2366.131996336992 
-2360.134308900228 
-2364.652102696748 
-2362.782595173257 
-2364.940603820878 
-2358.808800224544 
-2360.758278431179 
-2368.621016123031 
-2364.544514205119 
-2369.300712883656 
-2366.466695554867 
-2364.879856044035 
-2357.675959190658 
-2356.466591629287 
-2367.492149433226 
-2369.501822773697 
-2369.056114872186 
-2358.221856728392 
-2364.494855172334 
-2361.411497922165 
-2362.546230604983 
-2368.379166177517 
-2364.641130208746 
-2366.897461240127 
-2361.778232173018 
-2370.047711681220 
-2364.483363176931 
-2365.367764607775 
-2365.936064606938 
-2360.995449343478 
-2366.535214975927 
-2366.367994136997 
-2370.473114984022 
-2354.675396286535 
-2371.877910633072 
-2370.165281544962 
-2360.195533974228 
-2368.448976822276 
-2364.796807340885 
-2364.938153549298 
-2354.435703951732 
-2367.325776421077 
-2367.773817289641 
-2370.612175413277 
-2363.151263676155 
-2358.636036864579 
-2357.732305861293 
-2357.592524932836 
-2362.518863957526 
-2361.974757284325 
-2358.034589086915 
-2375.377215841573 
-2363.381306587054 
-2358.020263346404 
-2360.924767634466 
-2362.220636931234 
-2360.857132827113 
-2359.600376852155 
-2371.885783042735 
-2367.299207299558 
-2366.893106265471 
-2365.715477843851 
-2371.978696872709 
-2359.264497811856 
-2365.442629647363 
-2366.329494456649 
-2361.383116325860 
-2368.323025219408 
-2370.026267607594 
-2360.726778897991 
-2366.258689416186 
-2361.914876434954 
-2358.085156111422 
-2364.460579801761 
-2358.272852649413 
-2369.302125032841 
-2368.614286945000 
-2363.293351246954 
-2357.677185442889 
-2365.648946324977 
-2362.239107879333 
-2359.100368726975 
-2365.160500574647 
-2369.679105421217 
-2367.330537158280 
-2364.067817242876 
-2363.570546663367 
-2359.305846519127 
-2365.717399811543 
-2360.314442947273 
-2357.847667656691 
-2355.625847478452 
-2357.304108605703 
-2367.813408902162 
-2354.669894689434 
-2353.612384063685 
-2365.167109983362 
-2348.976639545175 
-2360.708250179900 
-2356.209194227683 
-2363.217584640108 
-2363.706446090319 
-2361.364658914851 
-2362.645004198396 
-2363.851168323727 
-2367.632887318999 
-2358.808834326137 
-2364.106757505402 
-2360.013607940220 
-2361.861905755783 
-2364.848708748756 
-2364.171340201827 
-2363.511906050700 
-2361.677248748362 
-2365.727010837362 
-2361.073101376113 
-2363.328391288114 
-2358.253732615102 
-2358.884734870702 
-2364.046983450891 
-2365.276508802123 
-2363.333118642429 
-2365.080974513749 
-2363.938573719058 
-2362.483441135227 
-2361.343363402456 
-2363.647002444376 
-2358.893521533778 
-2359.528647963753 
-2363.336579262716 
-2361.240623479173 
-2366.415533870181 
-2368.840703275475 
-2361.333607660713 
-2364.076888698257 
-2364.583601588938 
-2361.915307806988 
-2373.197175865067 
-2364.825323407159 
-2364.502922221513 
-2366.129775308781 
-2360.771214194239 
-2362.781946264525 
-2358.176493659901 
-2363.598768975226 
-2368.304255943027 
-2368.118157073847 
-2362.968867479709 
-2362.462371595554 
-2363.545645549542 
-2364.876523567247 
-2363.326954210075 
-2360.869805261152 
-2354.223657203964 
-2362.880590848474 
-2357.291295630387 
-2364.300916199007 
-2366.940864657471 
-2367.521954340515 
-2372.104214178235 
-2363.534607969181 
-2358.960016384978 
-2362.387908857681 
-2354.714470463673 
-2369.913982480110 
-2362.590918062897 
-2359.159094080626 
-2357.102355741381 
-2355.091608579818 
-2361.622197746584 
-2365.282754984333 
-2359.937651757148 
-2356.277060755890 
-2358.832976804907 
-2360.909104468200 
-2351.855701797540 
-2364.653060685500 
-2368.927904736843 
-2364.854530474444 
-2368.625633640093 
-2358.400032360838 
-2367.784540204037 
-2377.485006783550 
-2360.254156282363 
-2362.376150469551 
-2366.471976620930 
-2359.036677313638 
-2369.299148842401 
-2363.170012802394 
-2357.061826802328 
-2356.958720455742 
-2361.317099803219 
-2371.417013910675 
-2366.248435861258 
-2359.651103377677 
-2363.014186753091 
-2374.683955244178 
-2371.605445300585 
-2358.430341794754 
-2360.443366482440 
-2360.725585177343 
-2356.141640595034 
-2370.382592968615 
-2368.811226843395 
-2362.907342798249 
-2365.128450517313 
-2367.181381305918 
-2361.822473078668 
-2366.355136889083 
-2351.809626078903 
-2364.857448234353 
-2372.155776037146 
-2368.600700806253 
-2350.653492615496 
-2363.037356007882 
-2357.849769555836 
-2364.313988390602 
-2367.376798083442 
-2365.334345154301 
-2361.726783053427 
-2369.659001524510 
-2358.385322806101 
-2364.687964901681 
-2366.364765565355 
-2363.200759073361 
-2362.760247020629 
-2364.974529159123 
-2367.193992628290 
-2363.280764681804 
-2371.053214194068 
-2360.052995821356 
-2361.482673622477 
-2367.213969643653 
-2360.172828420223 
-2366.031482077359 
-2354.506075392430 
-2358.027387608587 
-2363.326365394617 
-2365.166885090811 
-2364.305626450074 
-2363.307299714919 
-2360.426775795569 
-2369.097644664606 
-2358.571631547826 
-2367.566862512038 
-2371.487125133238 
-2364.645526810642 
-2355.139739300486 
-2352.911806165392 
-2360.600051162800 
-2359.527635360533 
-2366.097698698392 
-2365.301189068695 
-2362.408365214429 
-2358.293171197314 
-2362.848908088025 
-2368.194055624929 
-2370.167571068255 
-2359.792878535205 
-2367.030067191460 
-2355.358165499783 
-2367.698314177875 
-2361.398183808119 
-2361.111270733057 
-2365.296164187890 
-2369.523598072407 
-2371.438410433002 
-2365.142466686843 
-2367.688856772862 
-2362.670091171785 
-2359.598664015317 
-2369.000227785697 
-2370.265029229374 
-2367.107850881307 
-2373.280019716756 
-2363.910380663132 
-2363.404581630840 
-2360.091888752209 
-2363.761969309018 
-2358.629818867767 
-2354.944378048878 
-2360.949535313968 
-2364.548693358812 
-2372.434528300049 
-2364.424826707027 
-2368.507496548799 
-2372.591946936631 
-2360.309479583220 
-2360.963688185021 
-2365.401480651240 
-2366.491790448667 
-2360.151628680343 
-2362.825736188540 
-2368.618833629072 
-2368.768287647513 
-2368.124500462084 
-2362.903051869828 
-2358.821829777820 
-2360.393541841208 
-2364.193263534756 
-2356.346345235994 
-2366.830553445058 
-2365.422631062369 
-2362.212536252826 
-2364.432377603596 
-2361.358239873941 
-2356.823468806567 
-2364.506979990035 
-2363.107442102709 
-2364.003925044408 
-2365.307789849739 
-2362.612385709539 
-2363.971884631004 
-2362.837798340403 
-2367.869014797353 
-2364.905702834401 
-2362.718624069762 
-2369.286896974346 
-2364.646428338673 
-2371.412340005807 
-2357.412263523121 
-2364.299742220544 
-2360.375929435208 
-2355.961502117039 
-2361.743877485083 
-2364.334653908714 
-2365.541410578749 
-2364.074552469971 
-2362.724736287209 
-2362.198849568816 
-2363.844948928841 
-2363.926060916749 
-2366.537409661186 
-2360.755037314909 
-2359.095579252918 
-2360.907787748347 
-2354.213078337175 
-2364.278743460278 
-2366.475678142688 
-2365.671824984423 
-2369.867406802189 
-2372.819128537666 
-2357.204745580361 
-2359.749833770065 
-2364.822647166025 
-2362.096426723802 
-2367.099325965816 
-2360.487386987757 
-2353.433998332296 
-2362.871204866766 
-2365.022970815423 
-2366.934053326958 
-2363.627217659418 
-2359.542852527267 
-2359.990531622157 
-2375.384234269420 
-2374.098877517481 
-2367.031728626542 
-2364.984222897514 
-2365.916730159489 
-2361.325365873393 
-2357.118974354655 
-2360.109986001903 
-2363.347323732864 
-2358.857489354115 
-2359.544566480322 
-2357.604067506229 
-2354.474515614510 
-2359.245407373287 
-2359.409260728621 
-2360.601221819882 
-2368.519166536541 
-2367.177153448710 
-2364.036683145828 
-2369.253653882373 
-2359.336665339155 
-2364.261962759491 
-2364.654195860231 
-2358.749784374049 
-2367.307183185685 
-2370.187216337266 
-2371.697045286075 
-2367.346235641004 
-2360.583353094989 
-2355.856127876580 
-2359.665626258839 
-2362.190967445670 
-2361.457541773079 
-2363.901425376158 
-2359.571656327340 
-2355.126430827958 
-2365.092087226180 
-2365.490082810407 
-2360.569746404477 
-2365.569350657638 
-2360.964431762937 
-2366.725354819333 
-2358.922208480988 
-2359.622844982639 
-2366.947694552554 
-2363.219532914708 
-2365.746342590176 
-2367.535884269245 
-2363.454222542420 
-2367.135289084488 
-2355.915264001480 
-2360.079877524080 
-2357.805560777726 
-2363.848864793975 
-2364.278248191540 
-2367.410374832110 
-2373.276769253087 
-2356.725887469372 
-2364.539345468565 
-2361.781414512965 
-2361.142420508636 
-2371.066020674943 
-2366.100348051723 
-2364.032746772060 
-2358.123258488165 
-2360.839270795745 
-2360.654855473594 
-2372.531015502060 
-2365.122252790393 
-2357.615313024042 
-2364.099213657923 
-2368.040597175177 
-2369.204823295360 
-2361.027781851040 
-2354.661323682076 
-2357.225427414537 
-2362.651410345880 
-2365.892129331988 
-2363.639802215226 
-2357.515531316204 
-2369.871435009763 
-2359.697187459757 
-2358.722557560680 
-2356.208621534211 
-2358.188494041166 
-2359.880448257724 
-2363.240253810436 
-2370.283210054964 
-2367.669791127711 
-2364.718668349552 
-2360.357709790479 
-2364.238606850104 
-2369.753333222466 
-2365.357029751329 
-2360.066911433501 
-2356.477351411362 
-2368.815162591341 
-2367.227502389904 
-2357.890819842074 
-2365.491034027115 
-2359.678213903912 
-2364.103444209016 
-2365.916993823111 
-2362.831419259368 
-2367.443956257594 
-2360.420836341603 
-2360.253663161345 
-2369.531199377477 
-2355.595687704627 
-2371.158932009281 
-2358.101569561808 
-2373.091543602894 
-2370.223991236470 
-2368.228052475463 
-2363.185048568044 
-2357.459135793426 
-2372.270768554006 
-2364.392334048525 
-2360.682605140522 
-2357.801828852509 
-2364.230321020795 
-2362.302457460270 
-2374.726765539324 
-2361.401057001346 
-2359.480195747093 
-2360.083872115141 
-2356.229203449910 
-2360.530151315684 
-2359.249033459408 
-2358.269845524970 
-2357.239680595165 
-2357.283170662567 
-2360.236584525866 
-2354.995480454194 
-2367.286769618336 
-2361.211366850436 
-2362.302043633013 
-2361.548770591956 
-2363.358516531569 
-2358.495660503303 
-2358.809067911971 
-2367.946537099143 
-2367.943726856682 
-2359.136294756886 
-2369.075076876249 
-2360.292216962295 
-2369.870592237548 
-2361.132498411153 
-2364.862991237314 
-2367.343959925162 
-2361.849977900857 
-2360.689846894576 
-2359.428783892550 
-2370.904657409422 
-2365.868204748047 
-2356.789942485793 
-2358.092836286348 
-2358.307124456183 
-2357.078480570093 
-2355.300436551961 
-2369.645862892456 
-2364.528291472242 
-2364.438648443719 
-2360.176886008242 
-2369.339223670434 
-2367.587909701300 
-2363.302394791090 
-2362.005077772840 
-2364.480079963608 
-2360.940152706003 
-2361.304943987677 
-2366.333916656996 
-2367.142824533546 
-2363.449183432171 
-2361.151628040934 
-2365.430093861102 
-2366.242111217197 
-2362.626724438519 
-2361.825041979020 
-2368.109019131869 
-2356.293927947283 
-2355.336253697007 
-2356.853550277207 
-2347.918531701141 
-2356.297315313412 
-2372.228050991513 
-2363.829297077716 
-2359.232589799023 
-2366.020444972873 
-2357.762445274036 
-2363.056802992977 
-2363.468366239043 
-2367.051449234911 
-2359.783786222184 
-2361.925156996419 
-2359.403850031589 
-2360.504911389763 
-2366.088323812853 
-2363.072107806273 
-2369.659266674352 
-2370.325064425033 
-2366.562001988810 
-2362.939033311846 
-2362.711169524671 
-2357.329211478594 
-2361.857024398726 
-2363.038427929707 
-2359.249885373826 
-2364.136271223240 
-2357.446703335032 
-2361.860677170215 
-2362.368815563882 
-2363.464326530967 
-2363.388303915066 
-2370.490543739434 
-2366.708028080798 
-2360.941906847299 
-2362.841342792115 
-2364.923621379503 
-2363.834136265678 
-2371.926150919060 
-2361.344235269931 
-2358.137954540461 
-2360.814782377831 
-2361.878029575310 
-2360.372127346421 
-2366.619482130138 
-2359.965693911452 
-2364.576025552041 
-2366.538128996355 
-2357.808319978804 
-2374.226127140726 
-2363.535647454161 
-2367.406720689250 
-2367.979374210897 
-2356.448708617300 
-2358.997167133969 
-2354.121175083607 
-2360.666477915795 
-2366.212750373230 
-2369.139123246469 
-2367.762676563852 
-2360.665450846217 
-2363.574041477758 
-2365.371847931739 
-2367.215504301441 
-2362.882459421265 
-2366.566174143432 
-2363.877449369417 
-2359.603575352156 
-2355.922601536959 
-2359.615904002679 
-2357.354667812461 
-2364.189067224561 
-2364.672006505446 
-2365.869699668245 
-2363.177147269945 
-2367.512955729437 
-2363.360160314458 
-2364.224331658587 
-2358.488104872297 
-2356.124346568225 
-2363.971215301478 
-2362.203252639855 
-2358.794268861256 
-2359.038246309610 
-2359.957886288059 
-2362.032946236472 
-2367.742887320893 
-2361.041551892246 
-2363.880375839228 
-2363.636545843536 
-2364.590574711563 
-2356.052111442007 
-2361.683934215967 
-2365.147375056941 
-2362.290891382984 
-2357.404722618880 
-2369.181004583182 
-2366.415363940958 
-2357.074220524102 
-2368.541685667148 
-2359.319254161578 
-2361.045445895445 
-2364.341981296499 
-2361.381707017721 
-2352.696438637702 
-2356.272103305670 
-2370.118281119364 
-2367.893616179412 
-2365.890348338994 
-2375.301550112425 
-2371.504634751327 
-2367.648822735030 
-2374.440049880552 
-2367.506250511724 
-2361.886188914544 
-2354.147799078856 
-2364.498152948941 
-2364.857578594090 
-2363.496045342909 
-2364.687144420140 
-2369.615556173877 
-2358.013253656241 
-2363.853194924543 
-2367.810334389630 
-2361.401260328942 
-2363.212190602659 
-2367.127804465551 
-2369.638751304874 
-2367.712436359593 
-2367.272464049471 
-2361.279820983613 
-2370.153813195844 
-2362.323712428980 
-2363.697982075253 
-2352.992997899527 
-2365.947903707945 
-2367.840877691289 
-2364.923208059619 
-2363.391896095744 
-2362.877125235937 
-2362.781941258739 
-2354.660406213412 
-2351.306795813739 
-2363.640614806250 
-2363.643084147144 
-2363.832067194923 
-2363.858745539872 
-2368.358798768115 
-2369.203472069134 
-2366.926033136136 
-2364.173416773055 
-2360.370329040394 
-2358.813150613827 
-2359.549165121700 
-2362.431437971918 
-2357.673726813893 
-2360.415646755153 
-2363.280219043899 
-2367.480497568162 
-2352.174496739575 
-2361.945565901552 
-2362.556141227100 
-2369.967379071231 
-2359.230649381679 
-2358.944655326694 
-2364.924174490987 
-2366.745031802726 
-2363.108796036433 
-2362.821664676846 
-2368.768212776810 
-2366.047297484774 
-2352.382884860448 
-2369.104028564288 
-2364.533689621002 
-2361.857844247084 
-2359.417600603476 
-2359.064520581504 
-2373.113983800252 
-2364.459619030548 
-2362.569365312918 
-2362.127734636917 
-2365.646228545917 
-2365.546558878789 
-2353.951266844458 
-2366.732561787703 
-2373.694424089926 
-2377.018546849936 
-2360.112529746929 
-2363.751745917531 
-2364.280091719313 
-2361.008595360672 
-2362.781683614337 
-2365.263675602838 
-2357.219953138990 
-2364.795180523714 
-2358.430767526285 
-2357.248329718274 
-2359.274962008199 
-2356.428159557371 
-2362.813265231212 
-2363.389477573830 
-2366.003764708625 
-2360.450229333967 
-2356.868120892061 
-2362.275721568235 
-2363.672517722127 
-2361.142070643892 
-2361.032077495376 
-2367.875409401881 
-2376.589968008330 
-2358.107493353833 
-2370.268310685170 
-2364.138564093063 
-2365.233152576634 
-2364.172048136822 
-2361.974676097735 
-2359.419045248088 
-2366.441790485521 
-2365.603240440349 
-2355.421134107465 
-2356.312124717017 
-2358.154538656105 
-2365.974620480050 
-2358.502591537698 
-2364.314370340765 
-2367.720290979003 
-2363.144180636486 
-2365.739369736825 
-2360.637258565546 
-2368.514127376628 
-2364.031704880758 
-2363.445958637289 
-2358.700583314443 
-2360.082840666310 
-2361.753155275322 
-2366.525881857205 
-2361.354420722579 
-2360.849413409956 
-2354.302267198321 
-2357.147409334968 
-2353.654740143323 
-2359.035852110657 
-2363.268428439967 
-2363.433919585565 
-2362.102341768309 
-2357.309902934314 
-2353.400915064549 
-2359.029513606597 
-2353.734935525594 
-2362.317525862443 
-2361.833276529277 
-2362.866161972928 
-2357.764528194963 
-2359.800786462054 
-2361.072997057944 
-2353.368792238444 
-2358.954550608489 
-2361.091396579247 
-2362.516109479320 
-2360.442015797527 
-2362.636635123859 
-2363.627914973536 
-2368.655636351833 
-2360.226684631608 
-2351.365702212191 
-2364.424692783924 
-2355.705313844185 
-2358.420613437792 
-2369.453656815774 
-2355.067672690909 
-2367.838552459639 
-2369.283007169642 
-2361.788427510188 
-2359.266883816718 
-2365.099781848618 
-2362.154492342257 
-2364.670629972672 
-2362.774391711759 
-2357.258277206632 
-2360.037675203362 
-2362.463141120152 
-2365.095438178710 
-2361.373959291266 
-2360.116201308891 
-2357.448241502473 
-2359.332032246931 
-2364.554831168658 
-2362.049811069577 
-2364.272775396626 
-2369.371500908561 
-2357.586824075816 
-2366.780545566095 
-2367.201250399711 
-2364.800783634955 
-2372.934064459756 
-2362.594362900833 
-2353.954650625778 
-2363.911006600883 
-2358.425679087297 
-2360.284140899417 
-2354.656711694499 
-2353.615086628638 
-2365.026967282886 
-2355.114975830447 
-2360.454148068198 
-2367.554472657512 
-2363.608093660284 
-2363.925722959857 
-2364.657941895516 
-2363.217123377488 
-2364.394199523171 
-2370.214079038585 
-2354.243774786796 
-2362.469182591763 
-2356.512497542882 
-2362.274833771760 
-2364.124606060077 
-2355.163400478348 
-2369.688467832899 
-2365.469488610559 
-2361.171131431390 
-2365.157702284873 
-2354.267536299601 
-2364.109908129555 
-2368.240012559637 
-2360.485244153029 
-2367.438095205463 
-2363.650604343159 
-2364.577519894108 
-2362.724135441939 
-2367.367748278382 
-2359.474055363256 
-2366.152285826312 
-2367.690765990098 
-2353.304641335722 
-2367.688629978486 
-2364.648921388644 
-2358.103577807634 
-2358.802909096326 
-2362.815354630850 
-2365.391455841694 
-2359.533189058280 
-2359.882687512814 
-2356.824760093483 
-2364.977294057462 
-2361.208871961338 
-2359.425551401332 
-2365.086626069753 
-2361.394975985103 
-2361.576798141322 
-2363.188005411680 
-2362.953318836821 
-2364.108651546767 
-2364.189281499619 
-2361.426796651740 
-2362.066348322407 
-2365.479193483340 
-2367.511819989236 
-2365.733705118533 
-2366.806629315470 
-2371.167296334042 
-2357.993828748212 
-2361.494695390471 
-2366.036646545124 
-2364.930844913039 
-2366.275120929834 
-2363.371424039715 
-2361.290048091117 
-2364.078184853217 
-2375.269405753334 
-2366.658903984344 
-2366.844757404120 
-2354.736662169245 
-2362.731381576467 
-2363.113126847773 
-2358.726281131942 
-2359.074485858021 
-2366.508747756169 
-2362.020739665593 
-2364.088568172406 
-2361.687535847051 
-2357.560440901310 
-2365.370395334862 
-2366.005194494089 
-2358.569315089300 
-2364.650728090948 
-2372.144048765083 
-2365.032696600418 
-2363.038330015475 
-2364.575870111342 
-2359.500843688821 
-2363.964317583108 
-2369.917216313409 
-2361.758547719850 
-2363.044633037035 
-2365.711206442235 
-2361.713834430317 
-2369.425093971165 
-2361.230829594200 
-2352.602915297129 
-2369.106743354903 
-2362.904826015323 
-2362.277878340563 
-2364.228137225728 
-2368.815186596948 
-2360.053209279454 
-2362.652632934455 
-2357.564434315293 
-2363.121060087186 
-2361.732253155552 
-2365.814767986426 
-2364.791849411842 
-2363.294783712482 
-2362.328681261870 
-2362.350163139961 
-2363.233934648898 
-2354.146288467163 
-2368.655331971804 
-2363.455219549423 
-2364.679466106046 
-2358.716558323715 
-2362.733672806772 
-2361.758658871463 
-2375.021539091932 
-2370.546082953671 
-2369.914935654658 
-2367.242242983385 
-2366.265433663999 
-2362.760599767144 
-2370.161774372988 
-2361.113875360523 
-2358.779364887571 
-2367.158418137193 
-2360.638298616586 
-2357.136543093252 
-2360.214911139591 
-2345.074816700621 
-2357.106005222201 
-2364.239395914261 
-2362.187588195417 
-2360.251201330058 
-2364.372770014902 
-2363.046751423882 
-2370.770011455441 
-2365.846004371354 
-2368.906047150847 
-2370.649557207194 
-2363.754526130153 
-2365.189599379303 
-2364.360697339468 
-2369.167769006751 
-2358.796636335899 
-2355.938574668633 
-2368.027090757657 
-2363.808928134762 
-2374.715765879566 
-2361.164684257033 
-2372.930717693057 
-2361.697427803141 
-2362.955990070122 
-2359.929580107181 
-2358.276825938578 
-2363.146755574505 
-2365.833417405096 
-2361.071770223287 
-2362.498495690747 
-2367.830171562338 
-2359.077343144338 
-2363.359874029047 
-2360.971049126433 
-2361.329520021482 
-2365.754879634687 
-2367.182838825206 
-2360.454361444045 
-2361.790225244283 
-2371.884667639891 
-2367.697691524524 
-2358.239686781062 
-2367.539982040462 
-2367.565414100117 
-2374.351039356541 
-2361.966472946601 
-2361.295419647491 
-2363.109875075821 
-2361.543356195369 
-2362.947683608342 
-2356.160156413220 
-2371.125842765292 
-2368.993026946378 
-2363.678650649417 
-2358.029469342983 
-2364.227026485545 
-2357.631729812228 
-2361.851213473782 
-2360.239903254179 
-2365.196860704746 
-2361.678325125338 
-2362.165584863344 
-2359.891463159121 
-2359.539393285520 
-2360.436891922892 
-2356.092420910748 
-2365.175907648201 
-2361.486315847191 
-2358.156775951894 
-2367.732947698003 
-2362.174248815909 
-2370.506119464430 
-2366.624274206004 
-2366.555638181623 
-2370.440527952666 
-2368.498017989007 
-2372.924050376321 
-2367.018463691312 
-2357.026754782615 
-2359.755198293260 
-2360.274118943360 
-2370.622778899335 
-2371.213543384553 
-2368.497840778934 
-2367.060450360715 
-2360.773228004779 
-2364.343657570253 
-2363.403812354549 
-2369.883046442208 
-2367.108334932367 
-2356.785829575715 
-2362.388123238884 
-2366.791794093831 
-2350.302889361791 
-2356.089535247499 
-2358.738262762139 
-2363.506903085068 
-2364.580338478374 
-2366.260542192910 
-2365.052410319359 
-2362.934415243873 
-2367.945798314185 
-2355.874559468959 
-2368.220710048766 
-2368.782620864888 
-2353.807662335554 
-2364.737101602128 
-2371.672163235934 
-2365.709959661134 
-2366.379553368535 
-2354.476049773740 
-2363.583187221394 
-2365.275725236024 
-2364.478204252697 
-2366.208230989928 
-2360.175013134396 
-2361.265234305165 
-2361.673287632023 
-2352.881464629187 
-2360.769636812000 
-2359.178776237970 
-2357.844653754038 
-2362.562138577326 
-2369.400145215743 
-2367.855615359853 
-2360.191190319920 
-2362.588532256383 
-2363.748772507801 
-2363.620273453701 
-2366.253319183238 
-2375.195572091221 
-2370.168806831291 
-2367.187010240433 
-2364.658197234097 
-2363.134702705684 
-2371.474575191173 
-2366.999279947183 
-2366.454009280657 
-2367.979951191744 
-2366.607559236092 
-2359.697959454398 
-2358.404267414464 
-2362.609345618429 
-2363.824135878898 
-2366.770487447609 
-2370.338128949622 
-2362.083278533430 
-2369.236960686992 
-2364.042579694302 
-2367.259778130524 
-2360.155473090982 
-2363.046121072068 
-2363.855543201737 
-2364.631900029784 
-2372.911832813075 
-2361.129088424195 
-2363.969463837348 
-2364.671484827214 
-2361.802013911546 
-2371.127253899860 
-2360.661633209615 
-2359.755298817860 
-2358.668717100611 
-2356.461204033586 
-2369.905902172708 
-2352.035677485574 
-2354.910447556987 
-2361.996058857605 
-2366.949149161080 
-2362.044190620419 
-2362.893036950454 
-2361.293702943261 
-2362.321232354713 
-2362.779317636578 
-2368.442871649457 
-2362.232389153478 
-2369.223447497853 
-2366.364731982970 
-2369.656624744101 
-2370.355519266000 
-2364.992106828150 
-2360.989807652820 
-2366.409605462499 
-2360.476795965304 
-2361.823195559826 
-2366.873911980153 
-2364.373578314529 
-2361.695329861640 
-2359.914090352371 
-2367.858155869795 
-2360.963018851694 
-2362.632172822041 
-2358.260589570079 
-2366.463047340327 
-2363.024494699912 
-2357.713582001894 
-2364.663896586782 
-2359.872264144784 
-2364.081647123392 
-2364.209267298595 
-2364.114761642661 
-2356.770303025143 
-2359.760756878801 
-2370.437666686264 
-2367.245486540812 
-2360.500665375151 
-2361.247182396302 
-2367.482152177296 
-2358.453084265362 
-2357.845171754683 
-2370.448554177597 
-2366.939233171277 
-2361.903391235474 
-2372.641195736223 
-2373.707465369557 
-2362.939052137090 
-2351.723979018197 
-2363.071643980845 
-2367.233340397348 
-2363.511225237889 
-2363.200941481852 
-2362.328434624600 
-2363.129073929175 
-2358.681164030861 
-2369.557425002537 
-2368.312770884273 
-2370.484945562976 
-2365.079526939130 
-2362.993066544860 
-2367.979736886721 
-2366.237282644409 
-2367.239916236283 
-2362.502601536144 
-2372.332471195000 
-2361.124756156910 
-2366.930872438681 
-2357.231969430280 
-2363.348281674910 
-2365.439639404894 
-2364.459640521148 
-2368.718735480751 
-2360.359642368686 
-2366.041039635789 
-2366.297933001174 
-2363.327935254085 
-2365.815414580526 
-2362.308585148973 
-2364.212797092781 
-2360.283129253548 
-2366.324173823094 
-2362.466937495670 
-2363.868176240107 
-2362.520827222707 
-2361.547626366334 
-2361.137691745875 
-2360.912056374339 
-2367.166432147904 
-2361.952250162077 
-2363.800699882298 
-2356.953129897030 
-2357.527997026731 
-2362.381810251170 
-2367.012528613109 
-2365.732644669485 
-2367.513368413054 
-2366.316233371464 
-2360.509113460248 
-2372.395117062209 
-2372.358437027024 
-2365.959863743345 
-2365.649787857646 
-2369.411145441661 
-2359.782051432072 
-2371.580172506584 
-2368.328466509614 
-2358.286531213094 
-2361.782348222659 
-2366.878468388113 
-2361.804618968204 
-2361.526180850655 
-2361.669175920979 
-2365.115220141113 
-2362.473586991017 
-2361.152476511599 
-2356.931466192679 
-2364.600246081189 
-2366.620955761387 
-2362.944543451847 
-2350.268124614932 
-2358.710467094871 
-2365.446072451631 
-2357.408504391418 
-2355.831811289748 
-2360.360774907306 
-2367.640571625695 
-2361.090984077985 
-2362.903608115820 
-2360.489719229473 
-2364.978876750454 
-2362.717271122222 
-2360.447920525784 
-2363.323384495507 
-2358.481840358076 
-2365.427662820296 
-2367.795955292599 
-2365.929406533246 
-2367.952011497355 
-2365.078335117624 
-2366.270792207298 
-2357.096784915541 
-2363.289411132922 
-2373.852225366597 
-2370.138643675838 
-2358.633957374051 
-2356.412672228753 
-2358.623323261212 
-2358.900804487090 
-2364.572677118128 
-2363.058581635412 
-2362.945530386807 
-2363.518796338017 
-2366.618955455380 
-2359.504419935727 
-2369.914318536015 
-2359.723687865826 
-2363.361830390810 
-2371.394653934118 
-2362.785605868301 
-2371.732145195901 
-2366.593271522906 
-2363.069751266863 
-2376.279371230104 
-2365.747799779318 
-2360.194382948711 
-2360.375123859162 
-2365.381681405177 
-2355.890340510288 
-2358.359840006821 
-2360.608227504766 
-2357.661596703320 
-2360.317429919128 
-2352.012705545470 
-2356.350040381027 
-2360.268407539577 
-2360.258289090243 
-2359.556543007196 
-2360.512392932221 
-2371.789290053439 
-2375.031902406259 
-2367.866960738110 
-2371.450749540266 
-2363.559341593839 
-2376.191155826601 
-2359.383262441057 
-2370.545657714482 
-2364.841630238009 
-2372.494145482819 
-2368.298791582963 
-2369.619591415924 
-2365.962583285826 
-2363.592406878525 
-2364.863968156944 
-2364.726626206629 
-2358.166053521853 
-2364.291058895542 
-2362.407307456074 
-2361.600109822601 
-2358.324764519215 
-2362.715201410172 
-2359.658326455789 
-2356.918063473648 
-2363.314284290282 
-2366.955620429125 
-2367.764772020772 
-2362.661431746645 
-2357.828391364106 
-2357.921544469883 
-2369.072531279377 
-2362.182568166123 
-2361.166226829273 
-2359.796618103855 
-2364.037535388279 
-2359.092510199353 
-2365.528617332569 
-2360.026956011009 
-2358.484417112584 
-2370.599222304375 
-2353.215843114323 
-2357.855499103275 
-2357.829210785153 
-2359.891350059028 
-2369.502609050107 
-2360.980681284275 
-2362.881782533098 
-2370.183422853913 
-2366.652549035489 
-2364.225999237171 
-2366.342412212229 
-2362.008037971196 
-2367.259655427686 
-2366.111140580282 
-2366.685312699886 
-2367.001016848400 
-2353.527693325600 
-2362.359044230773 
-2362.745285735734 
-2356.789250000309 
-2354.461059397443 
-2352.270167097652 
-2369.164349818033 
-2369.874621333564 
-2363.727617069394 
-2364.586812016981 
-2365.586330879078 
-2369.653721512695 
-2364.459572964785 
-2364.825396108613 
-2362.908361369593 
-2361.878041324244 
-2372.949217962680 
-2363.223688348448 
-2357.403940966429 
-2361.957055589628 
-2354.571214755946 
-2361.771347153348 
-2366.712313452756 
-2363.114722896687 
-2372.965755424113 
-2374.427978699724 
-2359.948543990017 
-2365.331881214604 
-2367.035183819893 
-2364.585572795110 
-2358.986906126363 
-2355.304749283210 
-2366.544232175083 
-2371.413294750610 
-2366.138086383602 
-2360.983606963716 
-2359.984927790293 
-2363.324519737936 
-2361.930682645343 
-2362.075601897013 
-2365.173892082135 
-2366.545267630476 
-2361.601612381691 
-2363.413320338615 
-2354.657436285369 
-2363.085137665241 
-2360.098391301957 
-2366.422689769855 
-2366.383236466700 
-2369.479300099713 
-2362.406639906149 
-2364.672763847819 
-2366.245483251046 
-2365.326161739009 
-2366.513387585064 
-2366.591764074602 
-2359.018712461904 
-2369.015908954837 
-2358.132352889869 
-2365.844745571284 
-2371.754825401526 
-2355.823086162613 
-2359.779280549052 
-2360.019350571375 
-2364.038092579572 
-2361.320716279841 
-2365.172153214517 
-2360.538766763958 
-2364.857194934729 
-2366.177177043169 
-2369.344618074571 
-2358.138500697968 
-2364.974242084517 
-2360.328706303866 
-2358.996865969187 
-2361.003439166368 
-2368.992495509427 
-2368.305212298485 
-2361.513446155588 
-2360.189052601341 
-2364.831390042014 
-2367.926274265334 
-2359.870555259003 
-2363.550458259550 
-2355.574415647315 
-2370.330037594378 
-2357.256237017230 
-2351.756719364811 
-2362.005148373762 
-2366.015062622092 
-2362.459417421835 
-2356.424303687974 
-2368.775325647799 
-2368.569475214586 
-2366.496169401116 
-2372.484575981696 
-2361.948427833784 
-2363.624886853462 
-2360.552038119784 
-2356.163801416611 
-2359.315376701662 
-2353.513025520888 
-2359.097279402963 
-2361.858540479316 
-2366.372824990412 
-2361.621192549682 
-2366.791177210522 
-2369.625748079938 
-2363.231182343482 
-2355.930650441365 
-2372.835119986807 
-2372.251692354560 
-2364.508669401815 
-2364.474502571565 
-2371.126951801721 
-2359.986991734085 
-2361.329966741615 
-2360.520176131241 
-2361.352953159880 
-2359.728006441659 
-2366.041372213931 
-2370.126566126052 
-2358.284698464366 
-2356.405707050113 
-2366.012533645072 
-2356.665274713892 
-2355.096020594413 
-2358.878178229568 
-2359.799452338713 
-2365.977256124343 
-2361.656607637000 
-2361.310229324553 
-2368.511146367825 
-2363.720288806670 
-2369.492464879364 
-2356.339762325927 
-2365.859753612336 
-2362.483376047852 
-2365.086726622158 
-2363.636934912752 
-2355.627388332722 
-2359.782672071238 
-2364.796079968059 
-2372.889561880898 
-2365.979358402512 
-2361.051773807913 
-2373.940862300522 
-2360.885799864493 
-2366.473184481743 
-2366.755696437861 
-2363.020155387092 
-2371.080385546614 
-2366.589589975720 
-2360.175669456258 
-2366.415182110690 
-2375.977209324255 
-2362.717801425303 
-2361.128416240765 
-2364.735360753976 
-2359.376903250457 
-2360.578476444916 
-2358.494220283336 
-2369.895927757669 
-2363.104083072786 
-2363.923440151154 
-2361.439359511156 
-2364.232126375940 
-2364.587072514217 
-2365.971576458731 
-2363.438685794948 
-2363.332985360189 
-2356.603121938577 
-2356.653704325207 
-2362.413136304639 
-2361.175649357368 
-2363.084222611570 
-2365.004144297762 
-2358.678965656425 
-2355.733951665380 
-2357.644119667526 
-2356.958884181958 
-2372.429127835307 
-2360.538233294464 
-2362.597540397436 
-2360.345232630600 
-2357.686074077221 
-2363.897291254414 
-2358.943412128706 
-2362.823288574004 
-2371.596256668038 
-2366.327042751407 
-2360.848041105676 
-2364.974627739798 
-2358.808808343007 
-2360.253793935110 
-2357.153046302888 
-2363.770040314530 
-2360.380781916256 
-2356.676010035484 
-2363.422843391191 
-2371.101310645643 
-2363.204965220392 
-2365.230991893086 
-2363.764196099366 
-2356.221654018344 
-2357.165722215216 
-2362.048842657763 
-2371.634724950458 
-2372.045225252604 
-2370.719557608001 
-2366.542521485299 
-2355.492557147154 
-2362.220277436709 
-2358.817926895326 
-2361.255372026502 
-2363.779076079530 
-2358.668840677036 
-2363.027809339380 
-2362.723093828202 
-2362.647595831519 
-2357.233233609097 
-2353.454737466784 
-2360.697912097029 
-2363.726266921426 
-2357.162363137831 
-2358.251330299194 
-2365.405920934207 
-2360.768839795415 
-2363.544678596118 
-2367.596866412134 
-2367.468331768400 
-2368.286556080629 
-2357.110008069589 
-2352.211869680270 
-2362.845892870204 
-2366.132772501480 
-2359.610337741354 
-2366.088588778722 
-2366.877023312470 
-2359.163013534223 
-2361.481928388690 
-2358.813023605313 
-2356.443891312138 
-2363.269455340278 
-2363.448383256579 
-2364.210414697406 
-2369.035841363946 
-2364.252308894166 
-2364.708732908210 
-2364.375682608609 
-2366.381221800355 
-2358.587636755857 
-2367.556800640236 
-2368.754204149887 
-2362.928259243924 
-2363.166792103128 
-2364.052446706028 
-2369.854946754887 
-2358.969617160587 
-2360.485019769390 
-2364.449926826603 
-2355.550628118010 
-2362.217076042275 
-2368.417357253004 
-2367.626442487478 
-2361.348653575234 
-2365.237055638704 
-2354.510796846994 
-2360.719611720976 
-2356.818525978872 
-2362.812992015758 
-2358.558687077923 
-2358.176858696890 
-2368.557123143997 
-2366.069652261961 
-2364.009151566791 
-2372.853653525231 
-2368.228799106607 
-2359.313765246578 
-2369.040426180907 
-2359.139228643968 
-2355.490077967222 
-2363.497164521061 
-2358.175936689909 
-2363.113616185257 
-2357.225055723088 
-2360.338248627063 
-2359.710850899527 
-2369.150480349621 
-2349.708894879227 
-2368.314803232376 
-2364.692328868326 
-2365.044978711385 
-2363.187923922581 
-2362.107313877935 
-2365.465220698111 
-2359.510497931401 
-2362.788838992431 
-2355.325746117012 
-2365.367858662637 
-2355.199291791452 
-2352.511717167306 
-2356.796850472605 
-2363.661115407440 
-2367.552427801094 
-2359.686952156278 
-2360.815311999870 
-2360.872584873687 
-2364.853808153985 
-2350.502454153683 
-2358.906049214419 
-2359.418682346070 
-2373.804400879437 
-2361.767549750582 
-2362.169053876637 
-2368.229784046508 
-2364.191465420781 
-2362.114477841567 
-2366.775712403942 
-2365.827949277010 
-2367.705798533895 
-2367.824835404177 
-2364.816221013672 
-2368.852899043756 
-2370.364796469042 
-2363.944913458763 
-2365.908538535075 
-2357.404195411573 
-2367.885604901367 
-2366.798261457301 
-2366.878775693081 
-2359.732864177904 
-2360.127219186174 
-2363.117190987070 
-2363.031678650624 
-2364.816264297338 
-2355.505169261091 
-2354.815327311435 
-2360.879477129387 
-2358.289958801192 
-2365.629153609513 
-2358.964908923281 
-2369.330765904081 
-2362.535365380339 
-2363.750708376393 
-2361.235779852882 
-2371.909797415663 
-2359.716949478828 
-2359.425603515101 
-2359.999668519580 
-2366.474052478841 
-2360.463821791074 
-2363.464788263535 
-2361.618448301337 
-2366.446967996809 
-2368.490265676443 
-2368.418864637982 
-2366.887536764065 
-2356.708135906222 
-2364.876425673621 
-2367.267386383462 
-2355.379285877844 
-2361.847388805104 
-2362.194397078990 
-2368.264316891597 
-2363.653233899949 
-2363.079811862330 
-2365.122128941041 
-2369.335890488695 
-2354.816025173090 
-2363.847412959210 
-2358.766412586111 
-2363.865967044783 
-2365.693228715164 
-2360.766436289207 
-2364.038547727463 
-2364.381802473483 
-2360.244293920883 
-2363.780449921187 
-2373.425060717215 
-2366.865498975556 
-2365.747898448392 
-2361.049131751428 
-2361.251479511186 
-2367.810457908782 
-2364.330368358422 
-2367.281765052454 
-2357.579722668041 
-2364.494565933561 
-2361.368036136902 
-2369.049201919838 
-2366.803905921037 
-2364.718982416513 
-2365.343208772659 
-2363.525816133988 
-2365.870761044075 
-2362.267437165701 
-2367.682536509044 
-2370.904303020903 
-2372.735976713760 
-2370.573697620375 
-2365.604072687148 
-2370.106118633570 
-2366.174429259878 
-2363.712833202923 
-2367.665360758268 
-2368.692385409177 
-2364.086757034112 
-2364.404015452302 
-2362.886313442352 
-2365.972066373659 
-2357.153804747437 
-2365.643667613558 
-2359.990406475058 
-2359.598222664725 
-2361.650538989265 
-2365.020388407911 
-2363.288150914174 
-2361.963402979108 
-2356.640656243158 
-2358.681859895523 
-2360.065778989700 
-2365.742628044462 
-2358.821991885791 
-2361.602475646746 
-2362.551710736158 
-2368.374955861153 
-2362.266411474765 
-2365.835812375448 
-2360.173928746634 
-2365.115816902824 
-2357.943280565480 
-2368.065529002799 
-2360.348331247912 
-2359.190345014707 
-2360.323050029504 
-2366.377402337026 
-2356.293682046748 
-2359.587393156800 
-2362.796162558927 
-2362.499866534882 
-2366.123195594241 
-2374.721280399587 
-2361.641694090197 
-2366.802664603272 
-2365.721181885413 
-2366.013994140160 
-2357.131615553785 
-2360.980798747110 
-2360.840755145472 
-2371.362471146118 
-2378.352021730894 
-2365.741954118704 
-2360.541171438489 
-2358.902816725933 
-2366.733102788660 
-2362.232413692053 
-2365.301116258137 
-2374.011341252421 
-2365.933519071381 
-2366.338385141530 
-2362.194177404093 
-2362.626778518890 
-2364.354333955172 
-2364.756652706747 
-2363.085324898677 
-2364.361216015079 
-2360.342667839103 
-2357.098491452623 
-2362.639769094057 
-2361.956747044380 
-2356.220447921023 
-2362.172477477278 
-2361.742145543673 
-2359.195329452835 
-2367.161855387775 
-2371.858179980631 
-2365.443528682975 
-2360.768949130380 
-2355.455645707540 
-2354.622358333740 
-2371.965007962979 
-2359.403498006579 
-2369.479398108115 
-2356.545631123104 
-2365.093969779958 
-2362.050521148548 
-2362.326681164163 
-2364.364058314588 
-2361.850319681714 
-2360.264642858363 
-2360.101527096136 
-2365.843343758465 
-2356.593897876840 
-2355.629823049900 
-2366.273750258807 
-2361.469212301190 
-2359.377745960954 
-2364.765662040104 
-2358.972716334000 
-2359.318247260395 
-2361.232888643285 
-2363.664469929373 
-2364.362698185525 
-2360.678380779955 
-2364.917694500346 
-2366.857124221223 
-2361.475208518660 
-2363.901279590983 
-2363.061501489420 
-2358.043924031817 
-2359.619881047358 
-2357.467190308520 
-2365.062904395750 
-2364.141950825718 
-2367.857895765661 
-2357.897834669978 
-2360.043599977427 
-2361.314087619835 
-2361.658932189747 
-2361.875694746432 
-2365.232590796479 
-2361.855662180567 
-2362.254515511519 
-2361.414302785246 
-2356.575222794057 
-2357.991224711991 
-2361.676248525375 
-2359.702925253926 
-2354.264628391491 
-2363.077696214505 
-2358.589815396997 
-2362.299850296551 
-2360.741854553910 
-2354.622365855798 
-2359.972804520214 
-2365.365693372935 
-2363.537759095621 
-2358.196337816003 
-2357.501619167924 
-2363.759383869317 
-2363.308069377156 
-2371.439452982694 
-2368.896967221226 
-2361.516944207891 
-2363.033468609692 
-2358.820776211126 
-2363.842827642617 
-2370.513302529679 
-2369.310035332200 
-2366.144591171799 
-2370.075081810982 
-2354.093083970250 
-2358.583696325068 
-2352.929815045889 
-2367.219336481324 
-2370.559271973177 
-2360.553762347270 
-2360.978730786247 
-2360.741745131139 
-2359.296771714299 
-2362.568850581876 
-2363.383765364282 
-2358.683650365670 
-2357.176271936818 
-2357.017673981981 
-2354.418395909845 
-2357.362351360321 
-2349.859143495835 
-2359.438010690476 
-2359.452302112338 
-2367.033107170055 
-2373.232539542153 
-2364.073348775129 
-2354.368400290696 
-2363.172709873956 
-2356.266388925399 
-2347.317444785874 
-2350.391882756947 
-2362.994400383758 
-2360.070247500078 
-2357.409234253645 
-2360.591669216545 
-2358.991929838389 
-2363.421375655743 
-2364.826770099653 
-2362.085480712938 
-2360.747143700859 
-2363.464740250806 
-2363.679890029180 
-2366.670924636721 
-2365.204570505681 
-2363.412848751148 
-2367.231562805691 
-2358.199474995221 
-2357.577064451726 
-2370.319795677447 
-2369.545574759365 
-2366.326201539183 
-2366.148300727807 
-2362.957485525673 
-2360.987995228132 
-2357.589457096048 
-2363.040724713459 
-2369.412102938083 
-2363.203398076748 
-2360.958083839376 
-2372.880065065281 
-2359.705667164108 
-2360.533681323006 
-2361.555427488043 
-2360.514542570617 
-2355.305817467118 
-2365.342858528006 
-2359.584579730377 
-2363.512895632121 
-2367.773130799539 
-2364.869316316788 
-2359.887565367304 
-2354.243248840671 
-2361.273119207578 
-2363.375298567544 
-2355.107096266804 
-2358.590088331211 
-2359.705340561012 
-2364.161038071349 
-2365.777745030213 
-2366.748644795795 
-2355.625930823325 
-2361.326854004701 
-2366.168474120534 
-2353.748076036985 
-2357.741899761931 
-2368.393013082783 
-2365.802128218978 
-2363.504804123490 
-2362.068707083743 
-2365.969130122613 
-2362.325375529631 
-2357.525594851110 
-2357.773086921741 
-2365.072940442552 
-2361.150528892046 
-2365.340453760663 
-2361.505461470872 
-2362.298020610705 
-2358.658323141311 
-2368.814626817127 
-2366.761193224384 
-2357.363513973477 
-2357.394874871885 
-2361.131917319346 
-2362.469524748900 
-2364.020015228558 
-2373.368688412247 
-2363.629780269641 
-2368.316774197851 
-2365.368174981531 
-2357.182538135066 
-2363.065837086012 
-2359.467650946783 
-2355.540766942362 
-2360.279805197873 
-2372.722806679807 
-2358.502248736880 
-2367.991959469725 
-2378.472288422660 
-2363.541820695336 
-2359.890312490244 
-2354.799323603608 
-2368.731517652594 
-2363.141837687092 
-2362.806486553084 
-2361.255137409665 
-2368.769418588375 
-2365.629646099770 
-2369.426283137360 
-2366.470836553684 
-2373.861429067014 
-2355.855034140562 
-2356.046609061511 
-2355.141255633238 
-2359.412498195000 
-2359.204365774041 
-2368.217809691105 
-2367.856142145110 
-2357.468105826501 
-2359.612958477159 
-2370.271824114338 
-2358.296487065617 
-2361.808686597193 
-2364.510036942240 
-2349.758498627713 
-2363.811310372593 
-2369.227857741422 
-2359.042692076141 
-2366.809910744109 
-2366.718405985156 
-2359.214968859355 
-2367.786404281238 
-2355.673805946887 
-2365.412469094290 
-2362.666641995982 
-2361.220070011622 
-2355.207335170248 
-2363.572861249743 
-2366.727022152979 
-2362.280275979717 
-2354.092474183066 
-2358.539578413704 
-2366.316528100233 
-2366.258317576063 
-2359.029328564911 
-2360.331929127890 
-2358.590316831611 
-2352.208080669783 
-2358.382664686200 
-2360.061765566186 
-2363.802101097770 
-2360.161197400182 
-2357.845896540240 
-2359.210681404075 
-2358.635038610653 
-2365.050145039624 
-2358.630843880487 
-2364.803560394696 
-2361.370135848441 
-2366.217513031818 
-2366.537832655229 
-2366.773024822803 
-2359.795935616255 
-2357.702582818939 
-2360.430237419065 
-2369.212891424205 
-2374.334945120629 
-2365.642840591113 
-2362.152664520649 
-2359.013567203432 
-2362.584876251368 
-2364.702183880003 
-2357.996984207029 
-2362.729829300550 
-2362.373828275887 
-2358.006362241309 
-2360.911546074772 
-2369.686328252780 
-2358.830338471481 
-2373.405802392261 
-2358.935490646172 
-2356.599500123913 
-2372.691810601871 
-2365.424131150995 
-2366.766830995903 
-2361.818413749770 
-2358.886180591901 
-2361.467761682348 
-2356.710143013942 
-2362.148259332356 
-2368.813498351743 
-2370.736604915165 
-2361.365487744211 
-2356.446209684375 
-2367.922326428624 
-2362.223663034556 
-2361.544177426505 
-2362.535506339846 
-2359.413155146259 
-2361.248880015697 
-2363.086519685450 
-2360.714632488650 
-2355.684182676158 
-2363.967423607360 
-2367.318934738911 
-2375.408032243896 
-2361.938125662082 
-2355.453218029080 
-2356.531632435536 
-2366.869013234313 
-2365.874780077764 
-2371.299088630165 
-2359.315494263258 
-2361.932259229365 
-2360.451081009202 
-2359.886589503653 
-2364.603538792093 
-2365.426882799386 
-2363.168277804795 
-2368.873267514733 
-2359.929135232031 
-2362.240267909684 
-2363.110837485548 
-2366.446221955183 
-2364.500009696595 
-2362.152550079170 
-2355.883155471599 
-2368.928871761176 
-2366.408324584603 
-2363.031479333692 
-2356.125166285848 
-2369.426334851240 
-2363.648965328274 
-2367.517480105528 
-2361.334762816392 
-2360.449866339244 
-2369.717867567033 
-2358.900665024848 
-2353.455504306004 
-2346.921751499694 
-2360.264988307126 
-2364.934787884493 
-2365.103431218327 
-2366.477502098467 
-2357.621296194797 
-2356.268990420900 
-2362.447828241933 
-2366.254936972687 
-2362.502603305463 
-2362.297993052820 
-2375.582297446836 
-2366.349269392218 
-2359.851393036241 
-2361.002859549169 
-2371.861898705039 
-2366.705165843000 
-2366.463238364153 
-2361.989971959347 
-2364.632054156956 
-2364.976849077918 
-2363.541231066728 
-2367.262303427298 
-2362.172896648902 
-2361.147947214286 
-2361.876520059261 
-2361.504483297644 
-2365.919875491906 
-2368.158819893912 
-2365.573165204128 
-2369.328989300794 
-2358.400121891334 
-2358.339099351243 
-2366.902595002056 
-2365.297331576701 
-2363.913628139730 
-2359.455607082582 
-2364.160440867164 
-2360.923607015218 
-2358.557480283405 
-2376.321818350345 
-2359.633903645548 
-2367.301387359002 
-2358.061567673366 
-2361.772781679908 
-2353.625539848292 
-2362.169371945398 
-2360.185040720508 
-2363.590104485040 
-2359.118147666103 
-2356.966593625098 
-2368.476338979334 
-2373.682391413635 
-2363.067253090976 
-2366.699783746022 
-2367.630980604380 
-2363.814434496378 
-2361.994701101407 
-2361.551366941992 
-2359.668887452229 
-2368.021789262967 
-2375.258139552476 
-2368.684007775511 
-2366.530043181194 
-2362.737191343430 
-2368.006944459221 
-2359.258783769571 
-2365.338102641439 
-2366.892732444737 
-2364.768071104438 
-2360.353056625298 
-2366.211205262872 
-2370.897484194597 
-2369.875794270771 
-2359.928495575494 
-2365.414790193904 
-2367.314346881907 
-2349.662598657565 
-2367.788231924135 
-2365.894298977092 
-2356.619196590367 
-2367.442856723397 
-2363.600613112327 
-2369.933876957015 
-2365.489747527140 
-2365.594724672788 
-2364.553344518670 
-2368.829767591824 
-2357.811347439349 
-2361.777499129059 
-2357.799602013044 
-2359.943162306950 
-2367.256008933325 
-2365.463663856906 
-2355.618292676518 
-2362.650316506769 
-2369.452701856755 
-2363.272591774159 
-2361.562351468494 
-2361.687751667963 
-2364.111443688133 
-2372.088321330084 
-2363.231674728394 
-2361.242464201530 
-2363.499439590892 
-2364.836556796149 
-2356.830582781544 
-2355.233898615361 
-2358.173185058768 
-2370.067695847759 
-2363.938721840178 
-2362.401317366532 
-2363.176300928666 
-2360.905071087369 
-2361.162854024038 
-2358.044796138407 
-2357.354789270412 
-2369.797230353504 
-2365.804720296614 
-2365.910646814018 
-2363.942789356240 
-2364.579410190587 
-2362.522647160294 
-2366.099212700228 
-2361.002902827171 
-2365.887867612459 
-2373.582175395459 
-2358.399248337204 
-2365.589648523971 
-2369.227223189166 
-2362.772525391842 
-2355.417263959651 
-2370.832937988495 
-2366.629386790299 
-2361.801017802277 
-2363.168091873049 
-2359.666475244793 
-2359.055160872173 
-2360.359105274143 
-2358.662693150360 
-2351.921458429958 
-2366.601898155328 
-2352.583473972235 
-2358.254737244014 
-2357.162142719004 
-2364.425969102645 
-2366.792197278208 
-2369.862005785987 
-2366.515977293979 
-2361.441794799434 
-2353.562653472727 
-2358.573785829542 
-2363.353139423044 
-2364.996694309672 
-2365.400078333997 
-2362.424111640813 
-2364.305376392184 
-2363.536380110898 
-2359.006788008254 
-2360.189761783447 
-2365.372926553801 
-2360.801829389696 
-2360.409726153948 
-2363.382517658401 
-2362.386315484093 
-2360.302967794010 
-2369.163493884191 
-2360.062948520295 
-2362.831164365713 
-2357.559186847939 
-2365.151450917253 
-2372.348125450856 
-2365.273347748816 
-2370.577612863438 
-2360.905780514077 
-2355.889626800479 
-2354.566185620496 
-2364.687432067533 
-2366.756189527554 
-2367.199900790734 
-2353.918922288534 
-2356.705110849198 
-2362.987078017326 
-2357.517121025073 
-2358.241945510847 
-2364.712871103545 
-2364.500176302682 
-2353.622474233387 
-2359.584271746833 
-2362.509265308301 
-2366.791093957657 
-2363.674420973946 
-2367.180951578755 
-2370.018933855399 
-2356.698516065340 
-2358.647661867694 
-2363.546135721236 
-2361.987357565372 
-2365.361129855443 
-2370.330100927324 
-2365.364160772278 
-2369.848885832940 
-2358.990671669639 
-2363.939146263438 
-2363.413746270617 
-2364.714394923575 
-2365.392621840039 
-2366.958351750955 
-2361.305037222962 
-2362.304720624617 
-2362.864413624261 
-2362.178444181801 
-2355.711731892101 
-2362.296124948050 
-2367.873839406370 
-2366.668090574522 
-2363.024653792839 
-2371.064271919541 
-2362.850640895456 
-2364.374873821210 
-2360.561932934622 
-2362.086169954106 
-2363.166893326157 
-2360.498997512315 
-2362.044837162920 
-2365.798559178606 
-2368.126642870907 
-2363.822108286407 
-2363.596540416287 
-2364.899352669346 
-2360.578792811521 
-2361.362558507120 
-2356.928051654257 
-2359.630957312112 
-2363.067394925415 
-2371.294155904286 
-2369.900962637669 
-2355.772331518183 
-2367.063071301288 
-2366.468373968750 
-2369.042406463930 
-2366.207845942968 
-2359.129524465698 
-2361.672575097800 
-2354.350627557641 
-2370.488675620436 
-2365.422497323760 
-2367.696116781219 
-2354.761392271976 
-2362.069869228524 
-2373.396859259605 
-2362.091514095232 
-2366.063845797893 
-2360.461779691641 
-2368.044128791497 
-2361.432175054214 
-2357.156601633312 
-2366.133624395628 
-2369.861268098372 
-2362.621457292660 
-2361.239620165331 
-2357.705943634440 
-2355.296359657574 
-2369.327989376101 
-2368.127133172981 
-2354.634278121059 
-2354.974826508508 
-2356.941701910700 
-2360.649091795035 
-2361.485646470644 
-2361.848569579816 
-2352.645152068347 
-2354.107327606401 
-2357.586308907782 
-2363.386112409819 
-2378.525328735296 
-2358.569732590015 
-2359.672268273328 
-2363.552356438911 
-2367.598007968364 
-2361.390071086940 
-2365.050252995281 
-2366.518487033926 
-2372.152272353360 
-2356.275873147407 
-2363.445015459240 
-2350.495491500206 
-2359.972906379448 
-2362.982520600493 
-2368.881348849401 
-2360.603673610479 
-2361.443788103255 
-2364.816471931343 
-2367.739939199790 
-2361.108365238018 
-2365.209912395182 
-2369.930604068041 
-2361.290007015101 
-2368.829160361195 
-2358.913975795035 
-2365.229379736130 
-2362.251882973075 
-2374.563669774840 
-2372.440275739270 
-2360.524836150263 
-2368.290884064432 
-2368.221866789890 
-2363.428259387527 
-2363.051244998947 
-2363.468537121651 
-2363.244601878183 
-2364.671243321302 
-2363.198152466454 
-2358.279312669309 
-2361.653295649430 
-2358.936412115830 
-2360.947038572067 
-2359.055989469596 
-2364.341465530030 
-2365.720324761859 
-2361.064693840521 
-2359.549259681948 
-2368.433794001086 
-2360.644527906483 
-2361.331334983805 
-2359.090980633981 
-2358.660886263755 
-2362.018597242072 
-2363.679101515913 
-2360.215807574076 
-2368.808284853234 
-2364.248002073599 
-2370.382873008923 
-2360.590279078514 
-2359.868381380382 
-2356.570154011517 
-2366.467884858820 
-2366.718162892461 
-2359.110628839220 
-2363.099077232490 
-2361.548998103557 
-2368.004763601425 
-2357.518499860047 
-2367.482077151691 
-2364.807082125295 
-2360.758112533350 
-2364.632722813966 
-2371.043130912642 
-2363.917303702928 
-2372.867097813929 
-2363.987454001074 
-2369.054499775701 
-2363.481113871160 
-2365.032697126218 
-2357.250772764996 
-2372.085650302927 
-2370.723642808381 
-2369.597328610874 
-2357.707341734021 
-2365.830201810737 
-2367.633665305739 
-2370.560588548459 
-2366.004227464024 
-2352.601655830136 
-2362.520130122760 
-2364.487576835348 
-2363.082687686506 
-2367.810372369901 
-2366.050414183854 
-2357.781663316909 
-2354.224796711931 
-2365.673009747482 
-2359.913708980427 
-2362.085021700586 
-2356.413675604234 
-2365.321365453287 
-2368.198120955956 
-2364.614541211527 
-2366.008689714563 
-2363.353845657142 
-2366.502599846039 
-2358.565812842067 
-2363.445886440144 
-2367.123573956897 
-2362.291037494751 
-2364.649468622587 
-2358.234082496618 
-2364.002088810504 
-2364.450514360859 
-2366.483716718015 
-2364.673334190998 
-2362.322754488780 
-2371.599816899640 
-2366.776174937114 
-2356.707819511596 
-2356.474095006597 
-2358.762279895078 
-2369.025500351721 
-2364.714329436403 
-2357.517194622183 
-2356.182126540245 
-2361.645092495221 
-2360.533872059067 
-2363.417787755681 
-2361.741229074378 
-2365.137125575974 
-2361.161411153903 
-2362.920997845898 
-2365.249141702600 
-2366.059682002149 
-2357.340620747015 
-2359.321679699159 
-2363.541140678106 
-2367.646634261398 
-2368.937613181723 
-2362.183338182099 
-2365.639203676297 
-2359.375836677225 
-2358.742853933568 
-2361.213413500861 
-2353.141877494698 
-2365.681829803478 
-2361.479473059414 
-2368.716362026769 
-2365.967719998360 
-2352.021913220720 
-2355.419458770999 
-2358.843541287256 
-2356.983256975494 
-2366.436692788017 
-2359.446018106648 
-2356.403158126168 
-2364.275416529234 
-2362.733528124940 
-2360.994649947695 
-2364.945050521765 
-2359.064165376312 
-2355.237160160990 
-2364.442206349514 
-2364.865058464980 
-2359.675942689632 
-2360.274078128478 
-2365.494765223600 
-2361.525245355165 
-2365.989111267134 
-2367.082212435029 
-2360.113129635985 
-2347.334060110670 
-2361.138543057694 
-2362.488970201420 
-2355.245898714783 
-2365.581749391521 
-2367.820448877033 
-2366.302967262762 
-2370.052925508388 
-2358.887478712553 
-2362.377552390682 
-2358.914883953872 
-2367.600338759771 
-2367.633696849751 
-2359.959531892980 
-2364.412749488874 
-2355.206337802756 
-2362.052978379805 
-2365.270805384874 
-2359.125208167180 
-2353.219334290976 
-2357.469631950953 
-2361.361439831734 
-2364.838909652377 
-2373.142523778582 
-2362.212421355161 
-2358.821833388574 
-2351.405484958335 
-2367.716754564762 
-2363.767729164485 
-2360.405111860828 
-2361.841495073902 
-2361.760163838411 
-2365.688056140010 
-2363.135942590211 
-2366.588093118397 
-2366.521375488928 
-2358.657467970759 
-2365.994245450833 
-2363.609505258923 
-2360.585893749194 
-2356.730774701348 
-2357.327419064783 
-2359.390175654100 
-2367.163457460221 
-2361.955633216272 
-2365.815206401136 
-2364.762479614021 
-2360.960245451167 
-2363.918100662661 
-2361.513420612143 
-2363.756538609112 
-2360.644530647702 
-2366.918526739924 
-2365.719753317304 
-2367.279023774212 
-2369.725479572681 
-2360.016161409332 
-2364.627831512222 
-2370.822803694482 
-2364.925054215482 
-2363.906633943662 
-2363.974842368608 
-2370.382514543155 
-2367.750449562946 
-2370.089241212065 
-2362.912782940987 
-2367.411594569069 
-2359.632681706552 
-2363.919265447172 
-2372.505201890060 
-2367.421556584523 
-2353.959940469677 
-2358.312893534445 
-2357.913002264887 
-2357.347558013997 
-2358.135959275856 
-2358.148090271679 
-2354.133995117862 
-2364.285616487266 
-2363.206133305434 
-2359.370401516536 
-2360.539650612138 
-2362.829739645745 
-2368.594776091674 
-2363.351413681657 
-2359.810976269429 
-2364.341455575421 
-2359.803039835519 
-2370.623308362252 
-2375.113225456337 
-2366.705804673977 
-2362.218369062154 
-2361.549725953987 
-2364.993492825462 
-2360.974684826860 
-2365.225775453928 
-2357.195612897655 
-2357.146704691245 
-2357.558392465637 
-2359.917108474770 
-2367.410400265549 
-2361.200985204400 
-2367.365049598849 
-2371.083953056668 
-2367.594750462708 
-2365.805829311135 
-2365.734191543404 
-2356.022873466597 
-2363.616892195886 
-2357.831159809613 
-2359.392187631485 
-2366.573217163623 
-2366.374227131723 
-2362.287567677089 
-2366.275259990163 
-2362.545199267286 
-2364.211850953916 
-2361.640048353999 
-2359.637659389426 
-2365.999905176844 
-2361.753713821238 
-2366.321586623254 
-2368.203587486841 
-2369.409142600541 
-2360.323020500248 
-2353.921844168469 
-2358.497535586798 
-2362.281723143647 
-2364.524940237924 
-2372.260954871752 
-2361.001740670693 
-2374.260319311260 
-2359.106112305246 
-2356.089691590986 
-2369.247665534196 
-2370.434609242870 
-2357.108744149054 
-2367.762112604230 
-2363.094787412200 
-2359.991316163992 
-2364.657873271592 
-2368.338242642446 
-2352.504776392664 
-2362.585859900978 
-2363.101324620616 
-2352.778805645957 
-2363.082497706926 
-2368.116612061144 
-2366.182992219156 
-2362.748567464346 
-2366.010124941902 
-2369.876339302386 
-2362.338947624329 
-2367.525856433398 
-2370.552049665810 
-2365.821876167089 
-2359.696766034496 
-2360.096969375274 
-2357.673445279886 
-2355.575263111580 
-2354.996961848160 
-2359.926227984809 
-2355.199311979593 
-2353.210619789688 
-2367.177309598840 
-2368.344218223911 
-2356.250473426522 
-2364.386623439039 
-2366.194906888550 
-2366.008721908269 
-2358.668639471952 
-2362.722894620170 
-2362.741111496682 
-2361.924676593553 
-2363.069663947792 
-2361.592070640589 
-2364.932024341169 
-2360.596256292695 
-2362.895707990432 
-2366.407174824621 
-2362.924487528284 
-2372.586701120503 
-2363.662999345869 
-2365.441653168919 
-2359.377057813429 
-2368.371483688119 
-2365.853182999443 
-2369.213954752171 
-2362.954982462757 
-2365.320977658277 
-2358.988656480113 
-2358.852099366220 
-2362.321418428218 
-2360.970328258109 
-2370.803493191876 
-2366.998943292827 
-2373.738055481819 
-2366.153219945598 
-2361.914832194709 
-2353.668030908063 
-2364.036453948568 
-2365.299823805615 
-2366.892945246894 
-2363.403350544723 
-2369.926326835441 
-2366.562035238795 
-2370.115312969622 
-2365.223482594803 
-2366.252533157513 
-2364.587543769138 
-2365.949177544326 
-2365.970359147037 
-2364.098917781693 
-2364.697217649249 
-2364.938418790401 
-2362.594495923587 
-2358.272173208272 
-2363.720033595223 
-2359.660613184350 
-2365.387428736921 
-2360.947829317856 
-2359.215923147213 
-2362.486971454130 
-2362.924127443833 
-2359.936579208688 
-2362.629736018518 
-2371.624604674887 
-2376.064498731031 
-2365.828054280644 
-2364.624623796669 
-2368.653047811268 
-2368.882451169787 
-2361.664221499402 
-2360.435132892346 
-2353.663089189002 
-2358.836265904548 
-2360.043448336740 
-2361.883408306562 
-2361.007111376625 
-2362.017646830005 
-2361.467180845716 
-2358.649783942193 
-2360.981588647745 
-2362.197194145827 
-2357.606113143713 
-2366.984770731143 
-2360.468050940043 
-2364.954572999657 
-2361.338477394699 
-2363.088878963204 
-2367.643671638593 
-2359.422863964976 
-2359.365014412710 
-2358.611708803378 
-2364.982568431189 
-2367.357113284113 
-2362.552576755168 
-2361.567989772931 
-2365.733729061645 
-2363.879225953894 
-2362.813865129202 
-2356.468441195906 
-2362.952039920590 
-2362.943364920006 
-2365.024260790683 
-2358.794061447858 
-2363.343085971499 
-2364.337230743898 
-2362.259799182977 
-2362.148681100064 
-2365.960651778818 
-2362.283253680330 
-2354.640582197888 
-2365.747766803104 
-2362.996771624895 
-2364.493230503347 
-2361.492274482637 
-2368.212315793749 
-2361.500525276188 
-2353.134796421254 
-2367.946895467468 
-2362.238290552232 
-2354.760003362734 
-2366.306656714628 
-2355.492035565623 
-2363.297750089468 
-2370.333830596467 
-2371.000143216872 
-2361.319884280085 
-2364.996710086116 
-2361.521888384859 
-2370.836640346007 
-2367.227032617082 
-2359.865609260858 
-2363.945088405700 
-2365.554311075317 
-2361.078424124570 
-2360.969447946301 
-2358.871210124566 
-2367.245554519458 
-2361.081209382446 
-2362.309166134223 
-2356.045629000370 
-2363.533692937401 
-2365.237498008510 
-2364.618263512647 
-2363.447002980025 
-2369.353802613040 
-2355.769070085550 
-2364.416766918866 
-2367.673546494382 
-2371.967059065862 
-2367.448018865640 
-2363.867484236176 
-2361.651105343516 
-2362.392526370299 
-2368.403634898937 
-2362.026318005683 
-2372.757692425074 
-2364.630435691353 
-2357.668580018748 
-2361.048375320852 
-2363.930617503589 
-2367.972482854867 
-2363.721330660789 
-2357.462578964900 
-2360.383870235763 
-2363.663933844728 
-2373.878953748039 
-2359.421471361168 
-2362.941078853758 
-2370.708219002596 
-2363.518120403956 
-2354.821355001236 
