8.450084611882 
7.763254149117 
11.582665295173 
9.924778439085 
7.497304494958 
7.882220158457 
9.743875642731 
11.340769743637 
11.157488236720 
9.839481670597 
12.663210972666 
10.321117336411 
7.063210579968 
11.764910042172 
10.678286928192 
8.545252604307 
10.392441073763 
9.431526098484 
8.540948658817 
8.458700356106 
7.996580623339 
11.240966871062 
9.581666566914 
11.292398739784 
9.643031679386 
7.729267761816 
10.049807709846 
11.930476473963 
9.978603650881 
8.967555149781 
9.730126738785 
10.408445670045 
9.476735783550 
9.585778748556 
11.830239110638 
14.058131650729 
10.125055420628 
9.981251786648 
6.700761814626 
12.034260828970 
10.018754177987 
10.468404548156 
11.581247136045 
9.647620122285 
15.029276072924 
11.285967307141 
13.338870698823 
7.383594850338 
9.868765926538 
11.796280458420 
8.379301990000 
8.635997474375 
8.561016781707 
10.587674316051 
11.108695630580 
9.583585570878 
8.593365008531 
9.520047458457 
9.645866976935 
9.332103584972 
9.069226984510 
9.734351264145 
8.408062659832 
8.320404812117 
8.200963232969 
7.845097296120 
8.795534544889 
12.022733448657 
9.794235297170 
9.828002751792 
10.136503863774 
10.362944973619 
10.798190263233 
11.705794533971 
10.234645843877 
9.126929102516 
8.516676392273 
8.412936054561 
12.731782404597 
12.535160249516 
10.508507485273 
9.802734008298 
10.246953235116 
8.564020175342 
9.414218555931 
7.746310952360 
11.021218014889 
13.313133578822 
11.305519745720 
10.216831323522 
9.732696888702 
9.031918820085 
12.352908905914 
8.679134434219 
10.449166076784 
10.309297595688 
15.860619447538 
14.863186790432 
14.447895620443 
11.455233010212 
9.552866486307 
11.237956036168 
11.318516454616 
10.937237708450 
9.008706215173 
9.338411744689 
11.161302746800 
9.394020971002 
8.634722619849 
8.426626341988 
8.857212618549 
9.192093414966 
9.757127662942 
8.190481587190 
8.189159992335 
9.573991990036 
9.759746297611 
9.699189899815 
10.178493514797 
11.978400619527 
9.933764948877 
8.044770513585 
11.087028219356 
11.114544179990 
10.567609970538 
13.478444511010 
14.990823924862 
10.987969862918 
9.113237304924 
9.083630322782 
9.756507714119 
9.173170670794 
10.895484441888 
9.685162932652 
11.909421006948 
13.582444903621 
10.491816097389 
11.571117412293 
11.284064414130 
8.466806311628 
10.102971489953 
10.732876880622 
10.434546551518 
10.141777987247 
9.295288509293 
9.740310118847 
9.096530642401 
9.650174118144 
9.590623983481 
8.975118589108 
9.919173435423 
10.500255631140 
12.442670725269 
12.528347987708 
10.023168015840 
10.772280478372 
9.856704713156 
10.917304359107 
11.115933437848 
11.984927679208 
10.089930234837 
8.667700351085 
9.551211016971 
9.347970885998 
10.686927449671 
9.528714124270 
9.651496641860 
11.790476729223 
8.323526968378 
10.099516140059 
9.679818466711 
8.459805953078 
8.359962005274 
11.460141327383 
15.420372751622 
10.590617775004 
8.109801444610 
8.356625978863 
8.249402087857 
9.673065557715 
12.055149626405 
11.985057427225 
10.985149164631 
9.895111943142 
9.487370085893 
11.616746098755 
11.889869820648 
10.424102588412 
8.808912631680 
10.160677631548 
9.464540680029 
13.519311416642 
10.285709020866 
10.068859415334 
9.001692157616 
10.438016469599 
11.982497475888 
9.302717733493 
9.037027537853 
9.414447864740 
9.272733646080 
10.819228625248 
9.571060352485 
10.700715605841 
11.122974496509 
10.146368452513 
11.733984658822 
10.899422313780 
10.873805237927 
8.495267523131 
10.205842066042 
8.535869133368 
9.487309308118 
9.663673407929 
12.013837091996 
12.049078811951 
7.852925801990 
11.423144788004 
10.191166908088 
11.235608779572 
11.741161320271 
8.646783429463 
8.909469879983 
9.604012226052 
9.297704947622 
11.568453095719 
11.128039100015 
11.864044228461 
10.414607879978 
8.539328181588 
8.777466690749 
9.242881509864 
11.428055106423 
10.008048113524 
11.060838589127 
8.981114116844 
9.248862782076 
9.247188036696 
10.360052839520 
8.403754796924 
9.080746950328 
9.339850998867 
8.856670928853 
11.527981173526 
8.838930552104 
10.950332836224 
10.416519201187 
10.357348551422 
9.702181886557 
8.834288416297 
7.212689342429 
10.441188750482 
10.309399883635 
9.543682160443 
7.970235717894 
8.952809863696 
10.524125430983 
9.899303613873 
10.631753379872 
12.835847888800 
10.439103944537 
19.030007603264 
15.651616971145 
12.304192309259 
10.379350967014 
13.174578866318 
11.773521848679 
11.271861684747 
8.168865217882 
9.748882728436 
9.665342418936 
11.429502161839 
8.021749901389 
10.928711970994 
10.638445050162 
9.591997224713 
8.123812370584 
10.011517873318 
7.754047490937 
8.226757128682 
9.932239005724 
9.918451127336 
11.607635214422 
10.128711172512 
13.614631876757 
12.010972678432 
8.671846444175 
9.284586203280 
10.137676017238 
9.112467398150 
11.310017802871 
9.217045317634 
10.355704602813 
9.599469240763 
13.258005207882 
9.525965127676 
10.404180618438 
13.437974049435 
8.121880798731 
8.677408508575 
8.862166840830 
10.456516033651 
10.518384453870 
11.240822655997 
13.201035537497 
12.955584258739 
9.194543973648 
9.639659713941 
10.273217609600 
12.921463560894 
10.853476225824 
9.775775414240 
11.824643007727 
10.426516184420 
10.890287752476 
13.087820758487 
11.802595490920 
14.011457289172 
12.032660459129 
10.700581212681 
9.360145936783 
8.660578815863 
10.200502096075 
8.025870822485 
8.674191366812 
10.271511296120 
11.603182872121 
11.211552302294 
9.503201826796 
11.376200145545 
10.992603256781 
9.750867505346 
11.061535949934 
9.986130432756 
10.911474832825 
8.954079646764 
10.249131680743 
10.964214825572 
10.475189759225 
9.040118652576 
11.262872312852 
9.801851057907 
8.090169654381 
8.300660305592 
8.765432102388 
6.346872892919 
8.185078954302 
11.204532880629 
9.741164884258 
11.227685320241 
10.069153858957 
12.354288940601 
13.026992693449 
8.175725717438 
10.053681021967 
9.576037898436 
12.023490514815 
10.972651459041 
10.577970736741 
12.595078235423 
11.345734685982 
7.599863954208 
9.008408222684 
11.966598502434 
10.307809857066 
9.536038590212 
11.475485388815 
8.780005651795 
10.454880022087 
11.870721095597 
8.905220985032 
10.445979700384 
9.049791720097 
12.518699143262 
12.496875572884 
11.701187980354 
9.579831619098 
12.110089192776 
14.635199430448 
9.473427899701 
13.003177947506 
12.620053889496 
10.057125372101 
10.801964800127 
15.987988602781 
9.307114619083 
14.434901265298 
9.052026408285 
10.493709050927 
8.795175868852 
11.361321021899 
11.817539669601 
10.971585996524 
12.398914649412 
8.297596818948 
9.418613743239 
8.259425685221 
8.586057440238 
7.312615378172 
9.864085658024 
10.303921687102 
14.141946259031 
11.143660166955 
11.054174635654 
8.545909727094 
10.628779866421 
11.612378032254 
11.970131378736 
10.963997417822 
13.350100702060 
12.471951251093 
12.930209572767 
10.805727833320 
10.805941951364 
11.784328510596 
10.517050165689 
11.194091659465 
12.354097093500 
12.684354905980 
10.295164217672 
9.800195792400 
11.655897760227 
10.281182509377 
9.620129908485 
7.945874248433 
10.485357259761 
10.913967136934 
12.074533127093 
10.485593605058 
9.430615175210 
9.799248039231 
9.306433451420 
8.533018259585 
11.302813499576 
8.365835754293 
11.169542284198 
13.292135268641 
10.617115084167 
12.337999926061 
9.322452640024 
10.321663917152 
10.210814663317 
10.912426512969 
11.961832317364 
11.038660267769 
12.027241211335 
10.453434654450 
11.600868204360 
13.809234296938 
10.713852469396 
12.626995890019 
12.945614503256 
7.776747809514 
10.810274108539 
13.688900869953 
14.332919521401 
10.059276795864 
9.821022037270 
7.382216973250 
9.986701802550 
9.568342509722 
12.267556087146 
10.579107262067 
13.278956654884 
10.721900147060 
9.600435717198 
9.294676283207 
10.070074957655 
10.353818529047 
8.674915122685 
9.709304210150 
8.761208776386 
12.285381858703 
11.840825360303 
10.166754600947 
12.179001600357 
11.133867468434 
10.085962345249 
12.507290695724 
13.967907628715 
9.833282095684 
7.650240209974 
10.469256128436 
9.487692136417 
9.857838082726 
7.541732286761 
12.821922692057 
13.197743216917 
10.930091813425 
13.665955887552 
7.311040774143 
10.969883022332 
8.486793761271 
9.945618172396 
10.327865748155 
10.720065914434 
8.162700898196 
8.641485094631 
7.098898212687 
12.347294319010 
9.025095603006 
10.484802868861 
7.350359454800 
9.260439172201 
9.835416522332 
10.588484546154 
12.480218755571 
13.321044922375 
12.069848884642 
10.797774918475 
12.518240342288 
9.636287771407 
11.066637575783 
12.036579935283 
8.538777015053 
10.660169405143 
13.313476408923 
10.046584015306 
8.724378264190 
11.095319209898 
8.614071045622 
11.459466916182 
10.526729870505 
11.878369385001 
9.679188008402 
9.113236549941 
9.942061324004 
8.499408062534 
10.562928361656 
13.076381406019 
11.620503128823 
8.296651179208 
11.904146784195 
12.342093983388 
8.414062729134 
8.921501550162 
13.572190763508 
9.978731784675 
9.856859194392 
8.728044922859 
12.088491765974 
10.401765086183 
11.999745794811 
9.359491110070 
10.292588989855 
10.435828967589 
10.222834109825 
9.069978586850 
10.589714600006 
8.692021048657 
9.923466459701 
10.736072790201 
8.645062136990 
9.510208134510 
11.400120846309 
11.509793720085 
9.618684993960 
9.771479559782 
11.729506211566 
10.415957696917 
9.749728870147 
9.533081086445 
9.557013494042 
9.368586793127 
9.445955095535 
11.299815318686 
8.292225674627 
10.636707668914 
12.878538527159 
12.789105994307 
9.265425982179 
9.420011472513 
9.228785394946 
13.568946538096 
12.081618751832 
12.305014093467 
10.802041872282 
10.016636319840 
14.878589722666 
11.515990928461 
10.232518276649 
12.742630807233 
9.953123442468 
11.417343968779 
11.089511870635 
11.576879836164 
10.857285650457 
11.585657594242 
14.399282174820 
15.509955750185 
10.930869762938 
10.600976697308 
11.586416682934 
8.975438433491 
10.669951383862 
9.921362171308 
10.101565980911 
8.367801652247 
8.997535296556 
12.597214562428 
12.971115096655 
12.327107356607 
12.023247779221 
8.526940772459 
9.551888674165 
9.019782883755 
7.746168037504 
10.093049402246 
9.326244964835 
9.471079453707 
9.956432082742 
10.897238825559 
10.805512706646 
11.223551561727 
10.279740363100 
10.772402803013 
9.412945569149 
7.929904506719 
10.137437958004 
10.156588932584 
9.896454399068 
11.603537253165 
12.476890220683 
12.974593862394 
10.484918498681 
9.388258141240 
11.071099571361 
8.405232412668 
8.765363596063 
7.996666923629 
9.037818853698 
9.499805476732 
9.785544953688 
9.451455896055 
7.382106076845 
8.121901277999 
10.225131724978 
9.901877714455 
10.079951928225 
8.963175966272 
14.178403890088 
8.977472018232 
8.250812058077 
8.267846037154 
13.148951338437 
13.339653099856 
9.081844044936 
8.722090320898 
9.770721839621 
11.642658644546 
9.194325981253 
8.785146915702 
9.341880209983 
10.941369698449 
8.433040665164 
9.739782735540 
12.387518461406 
10.213071138733 
8.690644652526 
9.878565632257 
9.505765939035 
9.870656900668 
10.216996807278 
10.392108236455 
12.528998635359 
8.277782057910 
12.723852569992 
11.272883330461 
10.982165134102 
11.085909910479 
8.789962093105 
10.256734367780 
8.367704298658 
10.834824245495 
8.878481861338 
8.537274145390 
9.075494194644 
9.694787445078 
9.649280010665 
8.680421454499 
8.199173654714 
8.274579879074 
10.058669541807 
12.910462806130 
12.187157247601 
10.686956862243 
15.115181358234 
10.633655462562 
13.020825341516 
11.388026644376 
11.878301757572 
11.490874749395 
10.739443948323 
11.346947370612 
9.157996751911 
8.634771739977 
8.827794453869 
9.511422853540 
9.194107390564 
11.550069345611 
12.841975982273 
12.854930897958 
11.353219610237 
8.616720419840 
8.123033196914 
15.103969693273 
9.745769949867 
10.455690167281 
10.925157995988 
10.147922795704 
9.375399378158 
12.123608251312 
12.776107626940 
12.002485425797 
12.158148007104 
11.506494531084 
10.627881695323 
8.826657013299 
10.957201437187 
11.934583655248 
13.884625304903 
8.482291830465 
10.153081226167 
11.516458247986 
10.646867159110 
7.910770962955 
12.944297413859 
14.978244328719 
10.060532601131 
11.052884734524 
10.697192580230 
9.648063029170 
10.005626113898 
11.236945143157 
12.527568162563 
13.225868156404 
10.457541705826 
8.740661847058 
10.335068456041 
16.098132011792 
8.704880823011 
9.495437733247 
8.660481053608 
9.037360532786 
10.787074180238 
10.096053552815 
11.638270114310 
14.191044118977 
10.431265607708 
13.330642322907 
13.698498834316 
16.061070219413 
11.011202055464 
8.567473317747 
8.977470763149 
10.710667524878 
13.112003404961 
10.899442578477 
9.691572944135 
10.329442346305 
10.432030422036 
9.978001991510 
9.538109789166 
12.437591136485 
8.533043760345 
7.775004731882 
9.937138121684 
9.809277935060 
11.422397635116 
8.773294456151 
11.582749407967 
9.444521405981 
8.582289207883 
8.565869572877 
11.123271607480 
7.942774904039 
12.029496751142 
10.368868287487 
11.262783547148 
11.950157601565 
7.679046256305 
9.520523031800 
10.889069910936 
18.140489832942 
11.820356445492 
8.256913584024 
13.063500795754 
15.368479717398 
8.864956802238 
10.772121693531 
10.980761649097 
8.740099635403 
10.441256901243 
10.857717678384 
10.290499886392 
7.811540897569 
11.461804311175 
9.692382633595 
8.809953711242 
9.731674261970 
11.861380806485 
10.342097780452 
11.454344757072 
10.936340987997 
9.504467245658 
13.294808152817 
8.991537203118 
12.029112476335 
11.590513333265 
12.131400334297 
9.616857191433 
9.141797242766 
8.509903953742 
9.598443935010 
8.735965005494 
12.781216586478 
9.269356434458 
12.442655463776 
11.335526838867 
11.800756205793 
9.242735626433 
11.841396599121 
11.650292587290 
9.269891797048 
9.545114688732 
11.065353769377 
8.411432419396 
7.150545595048 
11.429489086323 
9.798568469081 
11.536431424423 
10.134782868762 
11.513569285174 
11.811664503346 
10.517110196276 
10.831082878645 
9.891792172185 
10.429674954655 
11.073632801683 
10.359412117183 
8.014456594042 
8.144742801139 
11.728720938244 
11.801195161651 
11.892383364272 
9.906238872001 
7.906736130819 
11.032750225901 
9.332633830638 
8.513326619680 
10.955724591253 
10.941689627777 
9.898255088451 
11.636930795829 
12.658171065886 
9.044387901419 
9.791651818851 
11.739855990795 
12.013511254395 
12.320125157579 
10.033854967965 
13.761400315908 
9.166213520327 
10.937795698808 
9.157876944483 
11.010844383895 
9.250111071120 
10.499646141513 
9.834648550666 
13.704736606281 
8.418605173840 
8.234631371831 
11.310451029209 
9.250885390957 
10.323510678287 
10.292344563659 
10.329032188167 
10.795230153000 
8.562817726523 
8.822631886176 
11.815567948366 
10.710827388530 
7.710364370068 
8.753593886005 
10.869446566236 
12.515662511047 
9.036023033000 
10.757277055459 
10.607843305281 
11.096684498385 
8.997409185644 
10.619407240068 
8.076681963231 
7.836994409340 
12.998862113379 
11.838976102431 
10.519191626673 
9.485262316366 
8.271787746599 
10.382911487840 
8.899798464754 
10.294032916956 
12.611063274382 
9.830015019649 
9.121257339602 
8.649461022247 
10.997733936459 
9.441632234355 
12.140483568454 
10.877548667448 
11.575866477035 
13.224333849519 
9.448803806018 
11.974230577250 
11.228784537203 
10.261602292041 
11.316462697772 
10.428821151112 
10.278650071072 
9.192424037879 
12.809775257168 
12.386775423784 
10.789699769914 
9.677047096713 
6.906227653335 
8.461996588852 
8.051657999290 
7.929954678330 
8.119099712298 
9.558920867106 
9.687432402005 
8.492218280337 
10.674883716695 
9.650867464083 
8.224650574446 
10.063195709781 
10.329195108120 
10.485247275557 
13.675878764555 
12.805616346742 
10.071248693827 
8.458521804239 
10.766908434224 
8.836357234080 
8.139172602026 
8.695813580402 
7.395168249800 
8.411080084242 
12.926520911147 
14.731934387403 
9.175083203761 
9.642085891245 
10.050968750243 
8.987615241482 
11.737229781295 
11.291431251094 
9.074573445607 
10.313136439704 
11.913045178122 
8.958573504611 
11.302673193051 
8.548685512018 
9.075907490543 
9.627035900883 
7.985610988477 
10.024933017846 
9.750540188467 
12.304508347885 
9.276523917072 
11.803892872517 
12.655827946663 
10.164610326659 
10.613164253405 
9.581531481030 
9.280038932451 
8.824739575823 
10.735928949053 
10.791320004433 
10.474923313363 
9.903970812191 
11.386672163455 
8.634669221369 
11.474825664545 
10.728554650114 
10.971101682063 
9.583386883498 
10.946315137244 
9.763158447014 
12.395634149449 
8.373624105930 
7.783541002699 
12.871980416037 
10.079681713147 
10.030343553741 
9.865476349793 
8.744102896115 
8.085234117553 
9.912574112188 
10.146666669933 
8.781805521377 
9.160933809320 
10.925398730145 
9.539418003016 
8.113930511030 
10.347304808407 
8.124436192132 
8.670452211129 
9.885139721753 
11.498752147749 
9.004570663526 
10.986238752505 
11.406361472031 
8.747702755822 
9.921774607004 
10.877917096117 
7.789533482324 
10.386646024620 
11.305334775298 
9.692951033664 
7.838706643740 
10.185969715413 
12.064311016890 
9.811490810566 
15.094119402564 
12.272206834918 
9.977712541908 
9.383162249822 
11.991856488375 
11.010426457814 
11.566407731308 
8.689588292997 
13.502565316505 
10.040259454615 
11.505606795497 
9.961208079303 
10.856246126960 
8.255803914215 
7.412735466102 
10.801467876813 
9.429671304342 
9.226005643990 
10.919106709645 
8.096465972691 
11.814465415394 
9.709904226542 
8.981610229260 
10.630856493553 
11.840110059686 
14.126094862617 
10.112089041011 
10.122212202798 
9.867489109893 
8.890739479139 
9.470856919232 
8.970048741452 
10.175084004897 
8.122656115997 
7.848546378504 
7.797151842114 
9.222740530161 
9.617959858677 
12.398621725998 
9.579309345195 
9.285682660107 
10.626025130564 
11.375035955298 
8.393411802153 
9.898446325734 
9.595141820178 
8.807452686098 
9.462518200776 
9.091427337955 
7.562334443168 
11.114706662309 
13.334126656799 
10.996901781574 
10.382767791801 
11.499136727208 
13.837474059891 
9.839251424567 
10.838149481392 
9.761700644816 
10.581991125515 
10.118601779851 
9.121062220340 
11.997137490381 
12.087174640313 
8.106395723481 
9.039523558043 
9.264424945902 
9.335401797087 
10.079588891197 
11.134734996089 
8.664592927105 
9.669220019053 
11.451190283416 
9.907535767442 
10.162437952458 
11.533831008120 
14.471222177738 
9.441655940137 
11.602407955518 
10.210965485387 
12.622528101594 
9.547714160980 
8.443548217069 
9.451333598131 
10.575117250151 
9.819915093598 
10.306469416123 
8.840035986658 
8.105429303838 
11.123566533062 
10.316272810342 
9.753701935699 
10.372191482804 
8.902563406654 
12.887364856590 
11.564568964758 
10.313597296011 
13.884942483315 
9.955467558226 
11.084634164427 
9.235891433957 
10.278834634504 
13.095293482719 
11.328450416391 
13.529872894919 
11.604651563838 
13.640291209437 
11.140428625594 
7.675917392078 
9.914434240052 
8.783277965615 
9.125099169606 
8.838302825142 
8.478794567114 
10.865376551772 
14.429404758390 
12.283130300842 
12.817365951877 
9.129317420134 
8.223997486032 
10.290289040236 
9.403744692261 
18.663543562517 
13.174730214360 
10.596250515935 
10.665953944493 
12.003100089662 
10.442112996994 
10.340414863688 
8.287897621903 
11.725405002100 
11.580105394608 
14.012867960406 
13.019690515846 
13.281569524483 
11.055768241545 
14.050143785663 
9.179429643869 
10.550661723680 
9.118372642623 
11.572956005093 
10.268182036058 
9.529176293572 
9.243155154461 
10.597249166030 
8.802617429776 
11.936605217140 
8.721450061584 
9.351334316028 
9.516779648343 
12.616692500863 
13.051467733819 
10.488868672925 
8.787075205846 
7.382727140529 
11.694474251856 
11.627948235585 
11.628751888581 
11.364051218375 
9.310713736352 
9.680773700443 
11.438692443417 
17.688362293954 
10.317692883827 
13.402594644646 
12.747671892376 
11.722281079282 
13.581379820158 
13.092943175701 
9.980180036262 
11.321660862448 
10.442889263286 
10.212014166711 
8.556839972539 
12.722955775526 
10.151973036456 
8.249805788633 
9.295173136783 
7.497121024591 
9.301683327917 
9.094918585463 
9.220948907160 
8.769525134814 
9.785131262385 
8.791879876419 
9.641844061030 
9.610389501976 
10.278110012982 
10.269124773127 
10.107072675744 
10.977684216418 
10.162853397046 
9.773571428338 
9.889211276318 
8.366777052961 
10.051585748075 
9.165794675435 
10.283680053920 
11.439623976108 
13.320614348326 
10.790212115978 
11.340287787132 
10.007307021617 
10.917589962585 
9.542624117520 
10.202907054175 
8.667745684140 
7.819675798333 
8.989217252735 
7.639079561481 
7.517554806440 
8.343724375123 
11.727702093036 
8.635305191459 
10.635222202864 
10.318363581446 
10.354247810895 
11.278539225703 
8.522593796621 
10.261161039634 
10.709596068724 
11.275803723031 
11.920804053453 
7.900366738279 
8.482412425606 
9.787167260528 
10.867496973040 
9.726226400313 
13.370932613121 
14.457720097079 
14.664082380294 
10.787462006253 
7.600427335046 
8.347338525707 
10.195282796137 
12.017797126848 
12.322536113714 
8.077905767867 
10.481779627180 
8.444344275132 
12.846259582774 
14.359357143707 
11.656406030521 
9.849680288997 
9.750840202477 
13.426025643220 
12.293466776104 
11.289731893720 
11.316385396219 
11.265856527364 
10.279257896150 
9.567490928655 
9.420348782000 
11.157909419827 
10.627885351246 
11.768065690523 
9.228339302133 
10.555454634163 
10.785576885824 
8.082170125393 
12.707196305598 
9.651291166989 
9.609343876496 
10.510660893338 
10.345256345903 
9.380286193452 
6.659861423169 
13.506911213355 
12.517803842740 
7.874756510692 
9.896271350975 
10.491795584831 
9.028289877238 
11.207858630579 
12.229942429889 
13.523078034050 
11.094562561111 
11.950105559170 
9.740148850416 
11.053450596953 
8.732120464335 
10.743480162204 
9.673598967394 
10.869392776295 
10.642585750837 
10.767013415115 
10.742235817542 
11.497540333143 
9.326154221074 
10.102363331064 
10.251616923266 
9.729546551728 
11.443588352123 
10.158268493327 
9.069098456449 
8.136606310623 
10.473424134054 
12.962728805460 
9.082587222510 
11.103072912491 
11.808273355951 
10.003935634216 
9.118300575441 
9.190904430888 
9.189828413269 
10.549656334427 
13.453866180915 
11.276139852554 
10.112152592806 
8.831090563922 
8.886800760338 
9.398505091351 
9.694664280297 
9.075458222087 
11.767081631392 
9.043800543692 
8.508322229501 
10.129704260114 
11.503757971708 
12.274447326393 
13.685202651383 
8.485397035195 
9.764441066082 
9.875769686859 
10.115541708814 
10.833139708876 
8.899093883575 
8.717551464853 
9.227196797268 
10.632799536855 
11.476205195981 
8.199009706382 
8.330670457528 
9.266541078894 
10.903702621954 
10.382729736119 
8.306961440006 
11.435642097662 
9.578456668995 
10.305435594248 
10.213990961470 
10.927479816214 
8.986375754631 
9.390887905597 
11.433134545379 
14.958211478329 
15.553904633868 
9.149257212724 
8.241560414935 
11.128931517953 
12.197554253798 
11.038269904183 
8.980610347699 
10.937682479895 
8.449630123340 
8.813924167398 
8.711141415082 
11.677666234779 
9.138898881776 
9.459425530091 
8.388009781919 
8.364799115856 
9.111252265850 
10.366150510676 
12.806053212869 
9.343618027565 
9.355183414171 
9.652873312972 
11.184666920809 
8.554348470749 
8.254950762153 
9.371911434833 
7.311737724827 
9.723479845340 
12.688784146115 
9.776909903593 
8.685946210540 
12.495195512179 
11.931248698966 
13.622225332689 
13.102754954721 
9.002270334745 
9.495900005229 
10.236472408193 
8.666933873750 
7.437632994418 
9.962024002332 
13.661173051717 
9.276882085610 
10.393830242564 
9.686855813755 
9.683088531394 
8.246024889358 
8.912470429104 
9.675484989294 
9.594406115290 
12.868042141644 
11.988581638493 
10.082368584516 
11.614633552471 
9.351948464745 
16.776200579321 
10.300038738459 
8.560877126537 
8.605208428799 
11.685307249711 
9.585799523188 
8.450565497982 
8.603187619280 
10.029808408741 
10.604969533045 
13.471164794112 
10.652236021435 
11.122454235892 
10.178620812698 
6.907306252476 
9.741407442382 
10.850786692938 
10.410582500934 
12.267614191249 
10.420354950603 
11.292213342375 
13.949449748592 
10.479696837021 
9.368540353113 
8.947363007883 
10.857169539581 
9.626252970350 
10.973081913519 
9.617009725833 
9.098051009751 
10.463617150494 
9.773039079368 
9.762092137190 
8.639436738780 
13.630371086964 
9.793211500005 
8.614458141523 
8.772142545185 
10.544820740344 
8.706193642925 
9.560197436571 
8.620391777885 
7.462846005515 
10.666323451603 
11.101396213910 
9.089032978722 
8.629941269915 
9.213623505491 
10.906034234277 
10.830185451681 
10.121829951766 
10.454296148586 
11.088368702832 
9.709701306216 
9.651865572720 
10.931407704705 
10.193351819383 
11.190679137122 
10.192276940261 
8.543278127064 
7.885312928876 
9.845036541024 
10.610446609552 
9.971809723420 
12.276824884930 
13.293464976262 
9.658042260923 
10.242928371834 
9.792773629072 
11.651860013748 
16.942507940983 
11.275656430579 
10.847130616305 
9.704967984388 
9.576459165433 
8.592868240008 
10.075448694332 
10.602389066564 
9.873838023301 
12.565364879196 
10.426931159757 
9.837459172478 
10.568912384539 
11.403245557158 
12.262513691264 
10.252835685922 
10.778270888516 
7.576948506993 
8.983471956314 
9.645870458351 
8.891923654096 
10.645146004831 
10.430341979668 
10.768386700777 
8.290192930824 
9.315882453239 
8.960001381534 
9.651502948909 
10.464160254841 
9.101032384807 
9.787295176930 
14.812700130720 
12.178684422290 
13.269841775988 
10.188285589964 
9.495925068592 
7.078954937509 
9.753213738424 
12.383204252576 
11.516249305403 
13.458317971454 
14.236565894141 
10.734362045729 
9.466344811765 
13.726181410180 
11.458106850265 
11.284571369864 
9.059645338176 
10.923088104220 
12.921411233618 
12.477169562080 
8.205033595853 
11.147710410401 
9.653112807338 
9.659810679417 
8.793860283526 
9.902537845414 
8.982600276004 
9.662947381506 
9.299642596271 
11.784754753821 
12.044926046489 
12.696446589435 
10.851168755466 
9.600122704331 
12.191104871098 
9.203146394760 
8.150450847128 
9.123599724346 
9.658980611086 
11.086626611188 
12.187978230831 
9.482206160001 
8.874711809997 
10.103315576164 
9.458122247535 
10.754366066258 
11.096064130065 
10.706396428185 
10.276747966241 
8.700280845485 
10.436599622308 
8.745376931301 
12.085725780427 
9.805204488653 
10.230707675854 
10.335355344486 
8.489996089265 
8.360911698276 
11.124321068271 
11.448651828474 
10.579224418944 
9.869940290031 
12.772245328050 
11.433409124676 
10.565887831719 
9.816371005299 
8.099631341606 
8.604934808649 
9.624685136242 
11.647858338396 
10.976698047602 
10.945532380846 
9.510741383377 
9.875164470284 
9.760522893947 
11.319263103726 
9.301031525076 
10.904174944225 
11.706729776066 
11.237260358396 
11.558012042706 
10.666004997555 
11.413351432842 
11.011208943389 
13.764270649692 
14.987049013557 
10.751606375502 
10.038428404420 
10.790288294460 
8.122163880051 
11.365507822544 
9.703312289372 
10.307021232943 
10.785803434450 
9.606671979990 
9.644629689727 
9.388038280290 
7.957432232088 
9.158335463639 
8.043053833156 
8.963703566879 
12.492592474533 
10.025173683418 
10.942333665465 
11.544810971056 
7.946588789561 
11.250372458150 
9.913688323721 
8.489858984687 
10.037808009602 
10.173720670250 
12.647135395269 
11.937129461577 
9.568376456917 
9.768459865229 
10.463756997940 
10.373993680887 
8.787040702665 
8.350110424877 
10.788952650274 
12.710943349192 
10.145933994798 
11.175495994426 
9.900349806049 
16.131236421355 
10.962309522067 
14.549660524861 
9.333127300739 
8.249351818940 
10.110291631935 
11.513048341404 
13.390248503432 
8.615567233658 
10.611203099560 
9.637470913626 
10.310804887558 
11.934844960845 
9.835049551516 
10.313502512876 
8.802536667516 
8.909911271980 
7.006513120194 
10.844491723251 
13.668947114159 
9.725083055969 
12.403510727057 
12.249443477383 
11.448468578663 
8.989206406405 
9.357803989851 
10.719540394530 
10.902112878685 
12.177560718585 
9.662572082960 
9.535926060674 
9.696003119601 
8.566003861383 
12.637550234864 
16.931727502098 
17.074112986096 
10.378536804232 
13.344725840144 
9.889772300139 
9.314382669610 
8.842405939403 
10.378748882391 
9.359085037909 
12.625151915615 
9.608124016176 
15.207831279095 
9.937788043808 
7.973492916741 
8.998201875944 
9.617089821011 
11.340029999016 
10.703007965215 
8.740278834632 
10.600335995355 
11.107637324035 
11.190249062549 
12.866283252219 
7.869498948834 
7.276455883086 
9.225878546951 
6.548864251457 
13.397745152890 
11.889555595223 
12.623286572592 
15.480326572294 
12.615979011413 
13.227827093035 
9.345937675846 
10.257234299763 
13.637920400661 
9.663536111543 
8.728182344668 
8.334836841905 
9.240450102962 
9.412124187457 
12.439347079270 
13.494689667193 
10.503607144684 
13.544144130890 
9.551883916323 
9.224184187375 
9.767783185943 
10.726908850271 
9.825037419046 
15.950766701720 
11.733711841395 
12.000830257660 
9.677091187008 
9.741016079643 
8.913466918322 
9.181477474256 
9.223925165485 
12.250785862175 
8.868993949471 
9.421715477192 
9.855320215186 
10.589997302326 
9.758608816903 
11.580093590575 
9.108313667763 
10.645415090885 
11.730532382898 
10.618528802061 
11.841555403028 
11.728128389053 
11.966646926025 
10.048108376580 
13.371712429102 
13.903196743702 
13.544774814298 
11.587729128335 
10.996432198712 
8.037466551636 
8.865191164447 
10.777308623543 
10.091409142026 
9.791391008295 
9.121087448667 
10.296026900529 
9.113621171628 
9.310275592317 
9.085646297701 
5.920246209090 
11.706611726100 
9.999262562197 
11.318063871931 
7.873344190284 
9.112842687341 
11.224403072562 
9.543320789517 
13.654324254914 
12.446681492422 
10.752790610416 
9.645811421833 
10.106706966108 
10.936668952523 
11.935847815243 
12.279466002529 
11.405091254359 
8.824515665833 
9.144926496574 
12.858150927085 
10.714752239471 
15.561197887928 
11.670080641389 
10.902563136141 
14.164639513457 
12.890118110424 
11.628331641600 
8.938501260169 
6.949982942241 
11.301026520494 
16.065265457496 
10.133752847185 
10.041901379857 
11.362910463899 
8.827705606774 
13.748090410794 
13.019270426204 
13.115346566275 
10.076582227696 
8.311195880444 
9.058806826909 
7.643388123254 
7.883441362574 
11.497020331422 
8.408103550074 
12.064735675110 
11.258936682752 
10.341836561745 
9.668707547443 
11.265535928342 
8.500306480315 
10.597235347825 
13.568560244526 
13.589667438221 
13.775206870573 
12.664801055994 
10.212412138836 
15.441388521356 
13.812571311164 
11.100099035752 
8.492038053661 
9.044029140408 
13.565680052729 
9.984609405674 
8.148356299023 
9.760893267194 
9.728018564405 
11.462834879435 
16.135183666601 
12.232841739220 
13.381655929668 
11.761988418735 
15.427421952566 
12.195199264501 
13.100889645390 
10.630762308997 
9.905041729387 
10.000621100381 
12.426366339686 
9.049207322294 
9.979870461075 
9.142661804999 
11.878263590666 
9.367461891669 
9.437004256998 
9.732217410877 
9.602500192448 
10.877130112353 
11.135457992794 
9.264649405130 
11.005993130328 
9.994348268519 
9.067751509123 
9.052038422123 
8.855281877265 
9.429018912875 
13.786948896082 
9.971657533777 
10.753220249771 
13.077214656133 
15.279800088063 
6.926664021935 
8.109423145523 
8.632567358965 
10.160017664441 
9.055916514000 
13.054848124947 
9.849051265312 
10.024249262176 
8.287290249221 
8.562154813243 
10.646225758431 
9.147384412694 
7.263663628611 
11.391518706695 
8.099797453256 
9.907639582943 
9.550112599206 
10.188737564756 
8.542031127519 
11.139799320529 
8.659599793611 
9.638977842733 
9.086629315378 
10.637178551555 
10.996933093751 
10.701111946872 
12.484161718855 
11.162350377787 
9.638788703925 
13.799267019647 
10.930788193052 
11.253414571953 
8.408072728188 
8.183350566118 
9.725799124635 
10.815071403073 
9.175497423559 
8.975543671818 
10.184264297933 
10.173000091913 
12.047199786811 
10.256304954986 
7.815414759542 
8.598411671144 
8.987256726351 
10.015362774719 
12.506192262444 
8.540508367056 
9.842649668480 
9.279011939484 
8.131727281234 
11.075029242863 
9.843443959630 
8.545790645660 
11.058818147853 
10.300865635816 
12.467457484980 
11.573533557249 
11.483133195146 
8.365797371100 
10.052552256977 
10.547983331255 
11.792312573087 
10.248142427731 
8.891680565646 
8.572582329978 
11.052786025259 
10.139424753645 
8.800164362198 
7.257284689713 
7.871197972326 
8.950733024141 
8.574823449487 
12.326541832609 
10.957801402039 
10.589767253386 
9.361213634076 
10.597760439761 
11.022619037786 
13.411542295591 
9.971099637255 
7.321330913409 
10.919426343115 
12.438789002809 
9.030958980301 
9.194455688068 
10.767246395289 
9.272383995975 
9.268523628113 
11.073055621792 
14.061723207458 
10.957355315537 
9.659307145320 
10.975649769310 
11.332911780241 
11.438404960915 
11.090562706257 
9.435091328623 
11.001761555160 
11.692875218243 
11.479715280656 
13.646132432760 
10.014359785722 
9.987703769271 
7.846890505107 
10.581496025006 
10.739020309888 
8.096529687588 
13.981921126093 
7.525438618311 
10.956127006827 
13.562059203349 
9.267169015265 
10.026925845018 
12.109242383185 
8.808551127631 
10.185578539633 
10.343172064343 
9.488808424390 
10.988919645600 
10.085489131345 
9.872691848769 
9.096288192513 
11.450369480250 
11.568725420736 
10.751709844726 
12.503043529397 
10.097504628185 
12.713362402632 
12.152076076577 
9.966049052496 
12.477297727256 
9.603894271196 
12.663913634852 
9.338656000272 
10.714087022817 
10.700074655923 
13.345088112765 
10.048933042944 
11.875815558708 
10.225701638945 
10.553426105073 
8.416965206358 
13.269404509132 
11.286113482598 
11.028716898817 
12.564792908386 
11.515602440434 
19.464943282988 
11.891731832552 
10.391397067589 
9.946228251452 
11.420236939163 
10.304005975037 
10.941854051597 
12.854341887709 
13.962022494579 
11.021416056257 
9.639551427729 
10.210982303927 
8.698020872949 
10.981821085903 
10.421985129705 
9.713115581935 
8.603522160110 
7.674703574151 
9.233509112939 
10.667879652202 
7.097752187568 
10.895393875815 
9.664826976333 
11.248269665704 
11.735515626899 
12.508641924245 
8.979387570779 
12.480384687942 
9.809521222549 
9.781533167058 
8.227294606705 
9.826519176131 
8.195274609189 
11.246845465471 
10.733364906428 
8.812998097735 
7.594008646068 
9.043766169914 
8.989854734553 
8.373762951463 
10.361410602305 
10.326124821400 
10.344864058142 
9.843201987795 
10.739710534312 
13.228759710695 
11.390977962755 
10.703147806279 
9.552686268177 
9.448051344788 
9.106136896299 
12.788695813843 
9.591728800269 
10.770220601666 
10.492893645328 
10.385795995971 
9.317117063557 
8.589347122287 
9.184115278510 
9.370631943167 
7.570272006531 
9.657641326737 
10.614774531010 
9.704066744945 
8.311258883259 
12.400891432648 
9.444199398525 
9.605972641378 
10.796210073003 
10.838435084313 
11.640534149949 
14.344484046747 
10.005908954512 
9.967387969668 
12.567485626885 
10.944753850687 
12.606273619230 
10.014359807800 
8.063928136200 
13.612804940142 
10.329217530987 
13.321783339101 
10.434566371360 
9.899598258573 
8.607479925022 
8.256530471593 
13.480567789611 
10.341645719363 
8.508665476444 
9.783480347893 
9.926265247006 
8.025034602215 
10.824225436474 
9.006268477686 
8.385977540895 
10.097322805562 
9.290383791187 
9.877395762996 
8.824650539802 
10.301509193193 
11.827545670299 
9.718523723872 
11.502653232257 
11.890697406574 
9.391077514325 
8.854554755409 
11.740586702968 
8.659872235078 
10.069254045246 
8.730705325860 
7.955851695934 
9.249578518601 
11.164412478664 
7.990524587292 
10.897590914306 
11.328380091819 
12.536620314669 
12.140512218531 
12.508326616939 
9.771802968254 
10.399755645582 
10.522964884722 
9.258758740773 
8.433237735831 
10.275126460269 
10.298996233989 
8.907879894766 
11.614647075850 
10.127996496523 
8.728382064027 
10.647959019585 
9.163625151151 
9.781217710509 
8.368872594865 
13.216018559027 
11.349311558007 
8.639141625820 
9.942356453101 
11.763344987741 
13.807293068455 
8.491330969654 
8.270719167435 
12.514969390858 
9.725327299743 
9.031140830201 
9.520724633232 
8.546517738327 
9.476558132343 
10.176131229883 
13.647573977591 
12.658585448643 
12.075566979864 
8.816190211086 
8.386269363614 
14.436164666356 
14.072209210459 
12.141128886091 
13.444046844472 
12.714506184334 
14.524746179775 
8.554869569804 
9.389236349453 
9.235362366234 
9.380800057097 
9.997099111518 
9.294638738790 
11.043175658273 
10.178034898800 
7.499998745370 
9.200885346054 
7.887250287357 
9.269922493702 
10.922448160434 
11.930069136167 
8.205313958637 
7.706408911554 
8.531028293518 
13.296581746397 
10.912306856046 
8.888705152758 
8.517725662199 
10.475786846901 
10.267155499056 
12.359423024899 
11.969796497157 
8.324763188712 
7.972733526836 
9.152127055735 
10.181468826804 
10.475765018956 
11.053197087785 
11.442703792469 
10.180432539106 
10.021636030955 
9.791323945291 
9.091875710142 
9.543240816489 
8.717998983316 
8.804721160340 
9.967636831604 
10.279356165109 
11.665916637464 
16.049906708880 
10.161053320443 
13.151085912683 
9.716869215573 
8.351577580669 
12.025295813987 
10.097732790291 
11.897397756247 
11.997258424791 
10.314541319637 
12.215237781217 
11.089451317690 
10.433519506431 
13.339394249616 
9.236860724338 
9.134882965782 
8.596072291839 
10.752400276332 
11.594070564514 
11.717695107187 
12.334866590626 
11.833017354120 
10.898762748199 
9.051337889203 
10.558927056448 
8.393009900916 
12.381751177883 
12.485281570221 
10.003593361498 
9.700579877547 
9.629728201547 
11.598718369703 
10.272344910708 
12.498811438200 
9.117017615653 
10.109454126735 
10.112445818824 
9.264945866370 
7.882849339472 
9.621621958757 
9.242608106062 
11.373225597327 
9.495346465422 
10.133372884093 
11.380964955818 
9.619046474508 
9.740857362991 
9.167808201003 
12.227238450700 
9.917473597277 
7.905961882714 
11.984615500886 
9.152376660537 
10.386670777681 
11.290134992429 
10.829865784522 
11.263410215997 
11.262871384098 
8.312952693722 
13.851653810174 
10.640556246825 
8.589734159527 
12.253251983466 
10.038501975431 
11.725102727075 
12.447174381338 
9.775858385841 
9.156921170323 
8.872620130015 
9.577632055910 
9.319140662897 
10.270830069161 
10.182710796224 
8.605371590849 
9.787568182539 
10.008927304188 
9.066872094592 
9.909669637320 
9.719155351990 
10.004291055044 
8.848351859057 
7.514691869385 
8.092260952824 
10.974292705519 
11.152098900985 
9.368096456036 
8.433319847715 
10.215188738544 
11.319551446805 
9.332405084963 
11.034702856406 
12.516513528140 
9.306674519459 
12.722686195098 
12.097586036647 
11.311195026337 
10.842315332795 
9.286430190061 
9.157137739987 
9.053951245264 
9.405498828419 
10.719575571939 
10.792338783317 
11.670112399442 
8.383097836320 
8.573038355371 
9.494207450230 
7.639684777915 
11.602339683195 
11.599865461487 
13.144807394721 
11.663949528060 
13.372991294877 
9.606024238878 
10.652508424761 
11.168361533066 
11.362893296350 
11.071719191815 
11.642942282621 
8.505491622194 
8.506869963267 
8.827094343878 
12.209073469241 
7.880474736687 
8.789410966487 
7.507312292455 
9.672353473264 
11.104642158807 
9.762589209446 
9.368519286960 
9.148655233527 
8.343659400764 
10.679925874085 
9.942442850372 
8.843477892847 
11.256121468872 
11.212108249136 
10.120970201501 
8.039587741032 
9.074532381970 
10.575933967014 
10.222499304155 
12.191887675899 
9.138410426589 
9.781618854158 
10.839000414319 
8.645077527158 
10.113764914464 
10.061964937015 
9.314840677679 
10.914834730102 
8.447982829718 
10.815961598630 
10.941285223462 
10.587982500182 
8.342058852549 
10.304864845489 
12.549630611439 
9.388664685959 
8.316145928501 
9.792134413175 
8.190359523223 
8.366176424790 
11.874287148470 
12.348088530120 
10.299711955154 
12.009972060388 
11.131753853185 
10.513275633976 
9.696212553259 
9.698426625863 
11.427851927003 
12.667745885724 
12.704642076801 
8.246103110202 
8.835314241474 
10.548338051034 
8.043116699869 
10.720808931590 
11.401859435515 
9.958075228158 
9.573214618537 
11.575876081967 
10.312395559880 
10.783888378566 
11.214546394483 
10.748670120257 
9.027422444454 
10.594083415715 
11.169862629351 
9.683422361892 
9.515048659650 
11.454339558602 
8.397584640836 
9.261501526021 
10.861242951148 
8.084187525667 
8.597671474998 
9.126012941273 
10.071837707223 
11.496956369847 
11.273847610214 
8.081654912017 
11.498825220783 
9.107355412443 
11.294380544543 
9.182839722482 
9.664492916944 
9.067133286376 
12.220397156661 
8.065479315308 
8.875151742675 
9.299159594511 
9.841364211522 
9.266128129618 
7.808072929407 
7.157195481059 
11.166267458138 
9.967308507199 
11.755008186034 
10.877357617306 
11.007716217214 
10.346163888738 
8.326077898380 
8.859145779819 
11.001443679207 
11.331098566021 
10.234765643950 
12.215306516460 
9.600050958107 
7.112564015327 
13.023417634772 
12.215239999809 
10.846060591812 
8.706223630824 
17.363388686126 
11.428226381071 
12.530646157522 
12.123894126278 
11.063788572621 
12.470666005109 
9.456849165059 
13.310222459779 
11.549350198691 
9.223043780386 
8.378296685244 
7.280734623875 
9.569536294832 
12.590495460675 
10.447224745433 
10.890012043500 
10.328973747623 
9.131842367795 
7.951933413342 
10.016105174709 
11.285310267245 
9.703367203025 
12.393629213001 
11.680519532675 
11.095017098234 
11.192073488226 
8.329595946245 
8.850960146587 
7.881566124908 
8.114797025183 
10.795179342228 
8.122915041102 
10.092991866991 
8.894680973962 
9.825147893255 
8.761401653513 
12.995970698586 
11.663485462206 
10.011517336016 
10.809051928896 
8.747342173282 
11.007866774283 
8.637486141484 
10.496496767231 
8.069453749476 
9.961674568331 
10.681118452237 
8.770188421997 
10.673935233219 
9.960787476862 
11.238637277523 
10.043572932870 
13.547674776924 
10.256204288604 
12.592387889772 
11.752080973266 
17.768108357771 
10.344602826560 
10.499084665819 
8.823913092603 
9.875021459560 
11.112973837555 
12.197397397839 
8.754105469676 
8.186787504334 
12.624772383637 
11.635026058290 
12.542355942873 
8.819811000558 
11.030105353848 
11.085177908761 
10.756904150247 
11.915778539305 
10.284108780928 
10.415784832064 
10.198708273555 
8.805255153727 
8.244926292449 
10.531752040250 
9.666287554785 
9.437670115888 
8.885395346690 
10.723161981151 
9.781642955116 
9.937174710469 
9.500523523411 
11.070822123144 
8.213527952515 
10.559295490206 
12.030290613032 
14.885121433811 
7.735498608117 
8.990373505262 
9.977292416159 
9.796118864361 
11.831056294428 
14.719694846580 
10.124206491009 
9.659745108732 
10.908038990505 
12.010942345332 
13.095196902503 
9.313665617944 
9.538039910527 
11.529094898111 
10.290862344408 
11.240454407242 
8.216577845363 
11.152389785930 
8.401688555702 
9.339026412138 
11.239352448769 
10.534299896411 
9.373000886846 
12.564661974512 
8.662359883801 
11.238832953396 
9.974204801101 
10.091979803810 
9.821915246800 
10.846373083576 
13.049926379455 
10.449853004225 
8.985760018618 
9.600287179338 
10.412193728130 
9.139243633745 
8.487189689537 
9.720052468858 
8.370712645453 
10.291663906476 
9.078963847790 
9.609390832419 
10.923392987434 
11.209614227227 
12.210752686704 
8.672187164921 
9.102710873238 
9.885021139282 
9.172958032245 
11.316213621297 
11.248125741930 
9.634284190850 
8.297762898014 
8.550679474780 
6.263560373335 
10.180690701949 
8.532321650821 
10.957447306178 
9.952301910387 
9.625125847865 
7.716016393689 
9.948299343538 
8.288558926346 
9.674321679981 
12.355740430211 
11.859270386273 
11.753887794161 
9.437231255095 
10.209081886376 
9.868150358463 
10.360340895751 
10.345267835460 
11.904121192815 
8.882543882309 
8.583086495145 
6.976845259851 
11.484698879170 
12.286048070694 
12.016205358950 
8.971524611141 
9.983677554152 
8.448239436080 
10.044438958153 
10.448775720894 
8.440999090038 
10.382294091296 
10.470428684970 
15.331181529692 
10.643433377126 
8.278177154693 
9.692422963605 
8.836396653308 
9.154392087460 
8.026834437316 
13.296073096870 
13.957510094921 
12.854495491734 
8.890482649939 
11.817137018048 
10.342934378362 
11.623600389049 
9.453056437216 
12.626014367458 
10.719685159807 
8.257674124303 
10.618134377207 
11.067785859419 
13.439306942528 
9.944993236319 
7.728905606426 
12.117972404395 
10.103731024693 
10.612353461017 
8.785271304051 
10.183152371534 
11.181542510420 
11.336765405082 
10.932557758466 
8.019653027902 
9.824514247944 
10.689078388101 
9.962197168397 
10.469609683833 
10.465213555279 
10.324975714307 
12.423052820386 
9.301440089836 
8.817147765089 
8.382128116998 
10.037984686099 
8.173620469058 
10.868127344258 
13.572425129334 
8.769161679345 
10.755916288177 
8.418630607697 
11.722480066155 
9.274813848323 
9.491798022579 
9.936217085658 
11.275999044572 
10.196028627304 
9.377498958659 
11.442247536733 
10.766283209596 
8.226023835503 
9.824365741422 
11.983919793362 
8.871954627392 
9.215187627899 
10.333361387365 
10.405123920740 
11.137779307254 
9.172870422996 
8.773329372627 
7.739869928265 
11.789826909935 
9.409880110366 
7.445080340278 
13.141983975424 
9.596938181863 
8.701953189452 
9.279288195528 
9.775902062713 
10.439295058213 
9.542253032891 
10.296536524157 
9.169308872137 
9.644037556931 
10.264387952848 
11.317299934418 
10.484456686560 
8.160130364046 
6.810173903552 
10.752300356711 
10.923935913343 
7.707729259345 
9.772045591113 
8.978533672423 
8.948949917190 
12.293642217020 
12.276684353083 
11.425345413212 
12.310292977457 
12.402249861086 
9.032362228557 
10.324178119150 
9.703577747625 
9.530743241996 
8.744199421260 
10.068553323263 
9.490645646044 
9.177933417712 
11.680841584102 
10.417000414418 
8.614961986939 
7.918976430335 
11.947203094733 
8.541924029079 
12.405779745756 
9.559789978353 
8.448411195977 
12.030234679032 
9.170434930225 
9.811900525823 
10.887141195689 
11.355471030039 
10.171996184990 
10.890336276372 
8.796523393880 
11.006450732959 
9.924073838302 
9.687578424958 
10.035929194431 
9.184774306475 
12.500302553877 
9.080590227839 
9.542012198312 
8.346505948944 
9.054759026468 
10.076043417671 
12.381241018032 
11.459715796351 
9.041044027961 
9.134936506016 
11.953224177519 
9.594908258707 
8.689777389356 
10.636193778989 
12.548355590543 
8.851152852510 
11.727683088851 
14.979829137606 
9.349866785740 
7.786861764124 
8.701405443234 
13.419545889082 
8.740621923549 
9.654739091615 
10.798644432944 
11.228934219950 
10.799868823195 
10.884467846913 
8.835307831031 
11.652539396070 
9.410690090166 
10.535174543590 
10.442090838260 
11.131423631233 
11.769105746367 
14.960793048927 
9.237039031584 
10.429157041034 
10.691125549933 
14.110288965015 
9.538888590434 
8.750159039588 
10.957253194377 
8.625932083328 
10.342973001235 
9.773434116462 
11.274364651308 
9.910006508961 
9.512728831163 
10.649123020297 
8.350017350464 
11.861450348790 
11.277889175606 
9.333167538788 
12.398894447047 
9.997391700028 
12.736791238349 
9.687828424614 
10.094728387188 
11.586329293186 
9.050154877622 
11.179002281594 
9.941990050471 
10.580956714668 
12.979986489098 
10.774795379850 
10.445159668033 
10.168016251960 
9.487925952997 
9.366512598206 
11.064231432105 
10.008914442709 
11.318659329148 
8.389089060514 
11.981201874634 
12.890936798180 
9.692975580831 
9.260439697701 
10.676948762877 
10.357021400866 
9.538193669200 
12.100323577289 
11.383058124290 
12.194875468754 
11.020622074640 
9.667109555267 
12.922107772630 
10.594603628352 
9.887693371973 
9.959959518172 
10.234815231941 
12.481908030096 
9.712898887332 
10.864925374624 
8.805344478166 
9.845936354060 
11.643573846804 
10.503356506262 
10.692907758504 
13.405613492626 
12.752731629885 
11.054059271214 
11.017229396154 
7.465595123438 
8.195111303443 
9.295637202176 
9.358439553540 
9.113594573285 
10.521262485130 
10.224797279340 
7.677396215324 
9.398509856310 
8.516614980150 
10.769089794876 
9.284208751677 
9.290457447856 
11.108121032510 
9.385840948693 
9.575286932367 
11.428408221597 
11.580173747522 
7.991117195268 
9.104410061801 
8.953672947012 
9.486629338941 
10.835491292735 
10.014299283494 
10.666685348536 
14.015457848649 
10.916389403103 
10.896442815147 
8.327980868989 
11.149828152286 
9.163615474695 
10.326173093439 
10.871140947760 
9.983672359139 
11.224425818593 
11.636096430580 
12.981782584706 
11.140845161062 
8.502132068880 
8.790181272299 
12.526337663447 
9.436924951015 
9.725709406701 
11.030241010477 
9.696780289897 
9.292039105831 
7.473067256361 
10.537337806234 
9.968522364116 
10.530523331974 
7.858598068653 
8.891360117051 
8.840988866226 
14.008363002348 
12.881238606180 
9.913534347329 
9.326989195402 
9.861045517634 
11.884974713009 
8.674517705811 
7.989605307899 
9.074623343544 
8.838912645890 
8.570506796814 
11.222412807637 
10.444288490560 
11.372843092717 
9.105149889094 
9.834752473008 
15.132805836813 
13.695857547850 
8.508835058833 
11.477491195771 
7.833416785962 
10.053503505746 
8.783095149200 
8.121014576532 
11.463846172799 
10.132793898706 
8.963967595472 
11.003374539972 
9.661915602676 
12.060669457941 
11.488374754398 
10.009389531088 
9.936704899682 
9.358978808558 
8.407228589002 
8.871827814378 
12.405705322351 
12.303436927688 
10.220002003462 
11.032423789820 
9.311260912415 
12.368580136486 
10.815399157693 
9.406665323654 
9.121219413134 
7.975453412411 
9.980299211348 
9.139129346254 
12.467858296827 
11.758813765495 
10.770514827103 
9.454885150739 
10.650962301573 
10.923495285120 
9.611212240968 
10.823600093731 
11.026558544045 
12.761491363197 
12.601745265106 
10.004462148261 
12.183452911147 
10.041700027789 
7.361827203996 
9.401457457021 
9.750754394104 
11.779423912703 
11.702883737641 
9.533539067380 
9.517624200892 
9.165769808576 
8.743126372265 
12.871801740843 
12.739675862330 
8.801238301142 
8.653046910085 
10.779786041394 
11.955296511353 
12.218693406920 
8.458546311392 
10.463576043997 
10.911683730780 
11.732653450415 
9.793029960471 
10.093703916767 
12.775055276048 
9.855354490295 
10.442835995319 
9.487537870119 
10.335253932397 
9.403371726372 
10.745529372696 
10.242097819782 
7.746656534577 
9.108067756611 
9.594388487055 
9.869876393610 
10.924473946965 
10.607314996146 
14.094147899502 
15.234509954550 
12.557174525384 
9.085948142047 
8.031754158515 
8.401573931150 
9.394157191149 
11.090081533108 
12.616943484437 
8.574578647572 
11.219876060958 
11.142438829580 
7.682782019698 
9.382576848691 
11.390310402745 
13.760384527906 
8.052452211783 
8.634667773674 
9.613308524821 
8.980143051243 
11.181082860630 
11.099041121865 
10.966640525284 
8.770233349486 
11.960436179800 
10.593289031143 
9.099706301879 
8.646341282692 
11.626217194328 
9.211405495083 
9.359593709702 
10.585553292686 
10.893595376643 
9.003676050310 
8.553924301631 
10.834763405468 
11.230625732264 
10.547350696419 
10.573943099349 
10.250187284657 
9.815408046753 
7.804578076492 
8.543252638064 
8.502616965022 
11.367723902647 
15.070709785322 
8.655968469519 
8.317645933208 
9.343946460644 
11.333877872390 
10.516348863352 
9.379851164830 
9.174770083796 
9.918524555563 
8.270964365071 
8.843812721946 
9.510656859413 
11.162875897066 
8.528845331811 
11.685535476734 
10.202168000648 
10.478486162919 
11.113432970290 
9.416014384400 
13.059444952644 
13.733429737049 
11.106711100861 
11.524281748548 
7.662188874383 
8.531625326149 
11.763613546584 
11.132777223853 
10.025595889764 
9.950859460644 
8.506581007179 
8.437929119018 
9.852761258539 
12.297944804584 
9.706868821339 
11.370239918769 
8.892944256025 
9.382419276084 
8.481247754664 
11.767661160958 
12.810082547108 
10.189008758324 
8.303471645801 
9.733436895650 
13.053189336926 
9.557172642350 
9.968185163207 
9.625068372870 
10.465483892836 
10.774256012136 
8.579912406885 
11.960573909943 
11.150869533347 
7.732967867177 
14.063845457433 
11.558931303585 
8.804376666766 
10.041731725737 
12.870552572935 
9.505025362664 
10.792093919272 
11.308167510394 
11.728090722385 
9.823446805878 
11.981757795682 
10.460862023995 
10.726969126335 
10.147142569168 
10.222276360565 
8.112724172914 
10.030811819068 
8.263980564601 
7.816221939543 
9.859786002454 
9.855738294987 
11.223445331280 
13.185445911566 
10.817333883097 
10.672719043142 
14.341404947949 
7.736339340610 
11.217784013790 
10.404715921959 
9.014428849416 
10.449648746622 
10.268852453973 
9.511895524082 
9.917060246183 
10.045270571256 
9.090408327022 
9.555073760663 
10.871685980833 
15.534418162494 
10.627946467623 
10.637476695053 
18.247309900525 
11.362108552152 
14.274243826699 
13.411902871620 
12.031232423454 
12.203156392923 
11.468136530358 
9.866780655463 
10.559608927841 
9.333096696832 
11.737942181562 
9.378337690367 
10.865892054857 
9.763244874627 
9.678562060678 
10.678988422246 
10.103211183124 
10.393121332612 
8.681039198025 
7.545109502829 
9.853652670834 
11.229298146232 
10.408296054557 
12.449455021872 
11.730157731661 
12.028133099768 
11.224703762971 
9.109398891348 
9.090570362276 
7.586187187902 
10.493699518079 
8.833118934298 
11.981422343880 
9.026838078920 
10.323042973610 
9.701080986822 
11.223287947766 
11.152900860875 
12.529570502299 
8.582525778583 
8.216137858475 
9.751116050623 
13.223976359980 
10.296648800311 
9.167047683310 
12.460013204052 
10.129687066032 
12.807723355355 
8.332516509425 
10.908633926619 
7.719134063463 
11.041380744749 
7.099871857594 
11.115667149371 
10.207425109962 
9.974980277038 
8.316408625735 
7.040652915253 
12.594398248903 
11.232867111102 
12.064781201571 
11.000806009932 
11.705357709861 
11.277210866216 
9.667525568422 
8.679320535047 
10.181293942522 
8.488095268687 
10.490437479379 
11.161624930166 
9.801105832895 
10.503322028184 
9.224777263800 
8.519405377780 
10.535890563105 
13.056119111272 
10.956965912715 
11.888727387635 
11.340052836694 
9.403748322060 
10.463454786075 
12.658392224277 
10.190409411958 
10.241810941386 
10.313898978714 
10.362806769522 
11.450586688800 
8.810751788437 
9.041543034537 
9.153345764754 
8.538696408914 
10.179406705493 
8.231843302987 
9.606292492724 
9.195134426803 
8.959914657156 
8.357340757989 
10.314274276918 
9.999693417839 
8.564758781214 
11.016821811230 
8.500794028652 
11.290182323276 
10.264147823984 
10.134701149046 
10.513945737342 
9.455838417663 
9.583495683925 
12.483019613013 
14.953411813134 
13.809936785287 
12.721889599906 
11.539405719059 
9.046171898607 
7.826905201675 
9.799742473946 
11.406913341380 
8.645816142207 
8.073371714461 
11.230137953859 
9.762951187738 
8.636006525579 
9.827179933122 
7.904745124010 
9.026007023573 
11.282077924146 
10.390650388973 
11.497916023915 
8.124585057285 
10.485995898187 
14.597690508551 
8.934630304107 
9.067129913477 
10.157895026033 
10.616235252694 
11.223806202479 
9.669009159831 
10.225620617703 
13.169805629308 
7.787245294491 
8.484472537537 
8.722981932373 
13.859589407850 
12.768695409479 
12.495259540281 
9.947942974111 
13.429995364871 
8.838086133696 
11.248225150465 
12.327640829640 
11.970087870100 
10.616695957670 
12.305869852494 
9.843657350215 
10.066308511032 
8.428187974386 
8.812075873698 
11.110879849985 
11.541907149158 
10.632225558740 
10.056326593704 
10.580850483237 
9.499612455365 
9.926463753095 
13.439575802477 
11.102029837622 
14.551095673596 
11.134103402308 
13.502084995908 
10.474253127516 
10.456916633181 
10.906502849991 
9.895470901734 
8.209184226546 
7.845186720978 
10.586310529097 
9.217232641200 
12.306049883011 
9.280412595229 
9.587734748877 
11.564202364910 
10.264538289659 
8.905273273999 
9.548454416390 
9.164330439789 
10.367014493014 
7.764489497941 
11.493134148589 
12.357182734694 
10.075925604030 
7.335339640627 
10.702540526468 
8.819913296067 
10.027582742136 
12.410743397551 
13.838456725266 
8.662002841565 
11.297697048471 
15.783930806662 
11.266124219194 
11.632481472700 
9.451245467922 
9.792420059984 
10.996919525474 
9.791820529693 
9.252785657266 
13.122959381508 
9.019708960352 
9.520331552808 
9.258693854625 
14.272469979926 
8.721662709334 
12.590034195767 
9.916278181008 
7.835822608544 
9.471347290868 
11.504898349702 
9.493501049094 
9.627478160006 
9.112448614921 
8.556950127568 
9.791007639064 
10.490445200435 
10.344758723000 
8.975648682231 
9.383993020028 
9.573106536949 
8.794161267986 
8.443265742624 
9.253905962866 
9.078366234547 
9.569959682194 
12.184393206106 
10.300072731326 
13.501985213667 
9.298161832526 
9.854842424490 
9.539450280086 
9.636243813972 
11.283289412773 
8.439394048522 
10.274432916149 
10.969391495403 
8.795998422893 
10.405357332787 
9.800657740401 
12.968447807133 
12.198185550825 
9.269634944253 
8.441909575151 
9.619897447934 
9.620732670654 
12.232957668886 
9.131918178952 
8.990131259090 
8.232072834966 
9.675101684510 
8.587675690455 
9.746298283965 
10.383928168592 
10.542279199512 
13.183978099954 
9.805829511003 
11.645521138332 
12.780592624509 
13.165245298564 
10.270000799851 
7.677678568654 
8.676235813335 
10.829637382007 
9.379642094930 
11.222229448239 
12.001947144097 
11.289175611768 
10.884894531240 
9.383365576346 
9.624580529420 
9.309615578663 
7.423595789209 
8.602145641484 
9.393542959728 
9.746883166278 
9.803646024733 
9.449654626133 
10.160480202009 
9.134161734200 
9.061706492120 
7.062953263640 
10.674698853657 
11.073888048004 
10.654151404024 
8.989808893116 
9.135264101624 
9.194254241134 
10.574106991353 
10.584423524578 
10.237386277904 
10.641504629506 
9.743328549328 
9.073831544315 
9.546220941875 
10.340993103662 
13.467656775041 
10.764562283523 
9.498413463808 
10.004417298662 
10.604086236463 
10.745499379597 
9.011229901783 
17.064902717066 
13.291777557383 
12.481311006715 
13.729132039906 
10.377108391058 
8.891638766348 
13.094852739734 
9.146951432122 
11.655149833602 
10.448359967790 
9.227630251295 
9.374155633335 
8.451013401561 
10.329286131564 
7.156922732288 
12.490597002788 
12.465368307717 
7.849029007628 
12.006593435431 
12.832321293287 
10.291481789369 
9.866381322800 
9.283341290150 
12.474136344723 
10.928959176461 
11.469202523893 
9.017119952833 
15.225525685692 
11.741536289984 
13.412290169152 
11.255183285604 
9.256830479587 
7.693141698181 
10.538199706479 
10.648509822743 
12.696978768627 
11.671325392769 
11.206674724608 
10.626052715680 
11.295122740927 
8.839865106207 
8.726209529242 
10.713025948139 
10.594641046631 
8.332882932632 
9.050060919821 
10.329185956168 
10.677326137796 
9.272039946190 
8.576821325705 
7.540778212919 
11.826150014632 
11.067738874943 
7.582916589709 
11.774115428775 
13.851866802702 
10.919488839228 
10.384456775641 
9.425216798646 
9.539893066942 
8.481419492978 
8.875535733771 
10.296858100502 
10.893818443736 
10.384274460556 
12.207951590586 
9.513852775725 
12.033865471358 
11.469924275925 
13.282427850536 
12.534807132387 
11.742467403179 
13.453483863279 
9.493909842241 
9.580692945962 
12.176871000213 
11.068345755782 
9.634955730806 
10.088652371366 
9.894584202068 
9.582901882276 
10.320120761351 
10.670206019267 
8.619238829586 
8.258516720698 
11.264764195179 
9.989605555150 
10.400250754746 
9.088882726614 
12.533831651868 
10.824679478652 
10.235567063876 
10.324375837300 
8.896877962262 
11.137240966976 
9.126135789139 
8.507070074982 
11.108650126752 
9.519459172289 
12.376924152936 
10.526005883378 
13.959870193205 
8.677143674079 
9.037787071849 
11.107605259927 
10.657370414354 
11.686742092960 
9.711259213560 
10.815453381872 
9.987703467134 
9.700050575061 
11.211214273601 
10.492843116631 
8.099952634305 
10.789619526754 
9.363894258882 
11.266464319028 
9.982866941618 
11.168522045887 
10.158658042809 
8.654162984219 
9.261132585387 
9.426645715566 
8.871817104197 
11.078311529306 
10.831740125911 
10.798734409298 
12.172217548043 
11.502907045271 
9.297827366199 
8.925943210450 
9.977642556106 
10.097844298273 
10.804178543030 
11.423136554671 
