9.210825002320 
6.348561906276 
8.597389345822 
8.421798012839 
11.230106452160 
9.467352087125 
9.086874117051 
8.902231494329 
7.712749294980 
8.209635853235 
7.151718014072 
7.675118634211 
8.069473570892 
7.239367925368 
9.927727908667 
8.981416122839 
6.949140240350 
8.207141667281 
9.282418011537 
7.806294172413 
8.037565308212 
10.186715888626 
8.292405880572 
10.026424300519 
12.907095066345 
7.561506665375 
6.860081986099 
8.401896568677 
8.826295767410 
8.961244977696 
6.893950324818 
8.948526434528 
8.932643270333 
8.158261883695 
8.679961827941 
6.854478824154 
8.650106218686 
7.512861567833 
6.577491785476 
9.158656400527 
9.232567443950 
8.818405213360 
8.824804013895 
9.192983631281 
7.760253925898 
7.551110712538 
8.714326223497 
7.060954387242 
9.083086206744 
9.262952004123 
12.569468603346 
8.629318332434 
11.331406020948 
10.037324990825 
9.546748028782 
11.249567852496 
7.873512751477 
9.321143152499 
7.010121604528 
9.198541260174 
7.551614344453 
13.383608527228 
11.402645000245 
7.264242556834 
7.259585066006 
9.227418931977 
8.674398703915 
8.491023275629 
10.514343047003 
8.927719289664 
8.584976636337 
7.654662897031 
12.915071232637 
11.060857460786 
8.346928751285 
7.577053586941 
8.142689599485 
7.221128372653 
9.472433893598 
9.941724114264 
10.964876645837 
10.228203732041 
8.583678014354 
9.635116575703 
6.968332549974 
8.497576062346 
11.270175129787 
9.200996654769 
11.864659533294 
12.246608916916 
10.632096774652 
8.222125503279 
7.959360315147 
9.618998564407 
8.061721357528 
9.119861254676 
8.595365977555 
7.867062591135 
7.540180055389 
8.858949534943 
9.091323443739 
7.338230630167 
6.661154909325 
8.927066486651 
9.408826492864 
9.013350298666 
7.760316325059 
6.022998675493 
7.843047217815 
8.978419406649 
8.324385354128 
9.347990310591 
8.453626244784 
8.662842480305 
7.161763518311 
8.365890593417 
8.071389280603 
7.945176649530 
9.952768547502 
8.278429545888 
8.533488064806 
7.571208011333 
7.677337240051 
7.653049808728 
6.186893158538 
7.397055083768 
7.252497180911 
8.302633070143 
10.039877373676 
7.861427444647 
7.219787926483 
8.575657704591 
11.307928983325 
7.697842568354 
8.707969469289 
6.320886138944 
10.962036599976 
6.612434401654 
7.594283476816 
8.485185651205 
8.830293174382 
9.576809114512 
9.598844247487 
8.426402390568 
9.745695302164 
9.617498600444 
12.448841662328 
8.060384102691 
8.846174711902 
8.520578795434 
7.357988747205 
10.628571087884 
9.930085530211 
8.889708414536 
7.781418354987 
8.992593249409 
7.109184111715 
8.891240091164 
8.471395179568 
7.513460411195 
9.926753957330 
8.178696715939 
12.429704350383 
7.652837392187 
9.660193233401 
7.455623158742 
7.087819572710 
7.844823401829 
9.151203999600 
8.475263160278 
9.698893239385 
8.815083427945 
9.195051979959 
8.579214488911 
7.561171486475 
8.883136506848 
7.196969741656 
8.329783181343 
8.831125246961 
7.079021437640 
8.236455026993 
9.484252818827 
11.762292127099 
11.455947343721 
9.989602922248 
9.740144519470 
8.481628285875 
7.953679504676 
7.205083225243 
7.148809733960 
10.547738302648 
8.384534071753 
8.129941064571 
8.784572744812 
11.038214714940 
8.527576569061 
10.281701191466 
10.671887583812 
10.486105681684 
11.301769745084 
8.363712291843 
8.432091451461 
8.208012864622 
8.971088657055 
9.009656988799 
8.168692740051 
6.514333147354 
8.429994309014 
10.176776231192 
8.002373625012 
8.113675111962 
8.652437974640 
11.168135858065 
9.727556187659 
7.590981477689 
8.781355579752 
9.737402679428 
9.638101312612 
8.972909195626 
9.224694655698 
11.251210456514 
7.318915636835 
8.755824884904 
10.273432493274 
7.621401480563 
8.214281553421 
7.079374288652 
10.738652255856 
11.214220675189 
9.764496393361 
7.813308333960 
5.719358772200 
6.752738328324 
7.015768989052 
9.507031098204 
9.091687312306 
8.900310529412 
9.670070438524 
7.846280422012 
9.994154120682 
7.518023041399 
7.524126953318 
8.477540122389 
11.058417991464 
9.100394297329 
8.009565509563 
6.930016587134 
9.744195454972 
10.505740969086 
8.738689743292 
7.837106903474 
6.388850652623 
7.210686895577 
7.366454567265 
7.724327916962 
8.474474375902 
9.006465556898 
10.535781105047 
8.242663471819 
7.864567269666 
8.021774456116 
7.488693603590 
8.108303411241 
8.076820606452 
9.567843336228 
8.687228543696 
8.784904861279 
6.510146316219 
9.428410001409 
7.588071333904 
7.838641230144 
8.416483849434 
5.860221656602 
8.516500225992 
6.468344514913 
7.715143553684 
8.544872720947 
10.734748117795 
7.953399054332 
7.526423437169 
8.044278543602 
11.200856419790 
8.558358808380 
8.300662901936 
7.191846202807 
6.960589512215 
8.392001328715 
7.048059024435 
8.040294907020 
11.509660221712 
7.424511997515 
8.546454923483 
8.679129195025 
10.742926834923 
10.119352829594 
7.048593963084 
9.752591103448 
9.957886113396 
7.400812180935 
7.664965929876 
10.463896613772 
9.455676374117 
7.490735151087 
8.441348906390 
7.243312042063 
8.172248647035 
10.745796966857 
9.329392412426 
7.717031286762 
9.423240645526 
8.433796057831 
7.165332120260 
8.471579299203 
7.155500736707 
6.907514572111 
9.307811989413 
9.166215240079 
9.956450882399 
9.003798865051 
12.449742102620 
12.818223958696 
9.701986555533 
8.725068295426 
10.277842763368 
8.973188599300 
11.805969817110 
10.681563668292 
10.747513700078 
11.875383250235 
11.119134991428 
11.059837741672 
8.814243652690 
8.076810822274 
7.963563477430 
9.556829642163 
7.598478096721 
8.539072338741 
9.199807412758 
8.076770850969 
8.162280073539 
8.241160648463 
8.692243876675 
11.305591935820 
7.604527668138 
8.168528046351 
8.670711176311 
8.417537621679 
7.518722916866 
8.651030001725 
8.929902700896 
10.090512094705 
6.804154021539 
9.279336863359 
9.011855995119 
13.119005721802 
6.475928914784 
9.761367577288 
7.019770637515 
9.570212196532 
8.618107924377 
9.260988434474 
7.955102231921 
8.389629362547 
8.800190361588 
7.739107630863 
8.353875858329 
8.469190457989 
8.147628775005 
12.016729673229 
9.961062122222 
7.830185393767 
9.589797171888 
9.943119622354 
8.997600172726 
8.735747879553 
11.796905804256 
6.787236088152 
9.226131576812 
8.009644136992 
11.917105128254 
9.822391308721 
9.314089546792 
10.511664938682 
10.726057384519 
10.679685242857 
8.137009142534 
7.173283428689 
9.035871758038 
10.701301781923 
7.886289646972 
9.819624317157 
11.190255763993 
8.343184957422 
7.604616092774 
7.330229553006 
6.612871362412 
8.633288583616 
9.252723549068 
6.960571694827 
10.562592770467 
11.633130673662 
9.138059054903 
8.832335186414 
8.042088204973 
8.783070957744 
8.327148212326 
8.506286052615 
7.110346885232 
6.699207211765 
9.119698084009 
9.146988881693 
8.392288256265 
7.696850346734 
7.280607781536 
9.453051882449 
10.750733474226 
10.656452815858 
10.591921323627 
8.444806315630 
8.169687370900 
8.767664425700 
7.898573100007 
7.538926416912 
7.942747111315 
8.484138208309 
10.347763632822 
7.769666608703 
7.354202817632 
9.640846617333 
9.703759771096 
9.052173475483 
7.840318476046 
9.859702733999 
10.211065474772 
8.209442951220 
9.055064420905 
8.086397239857 
8.793272318935 
8.854984963014 
10.244236134040 
7.962509983334 
7.646475226882 
10.161236143746 
7.639649078417 
8.892927933560 
7.928060954207 
10.056342883508 
9.522336966942 
9.730354814487 
9.143682048464 
8.021874080245 
8.093405701064 
8.390477174490 
7.979207780699 
10.430193270186 
9.816219478851 
8.905353217328 
9.623905178878 
8.879136695648 
8.961821899420 
8.562296591241 
9.151790915106 
7.772542400806 
7.489867556794 
7.687817180714 
10.499868487259 
8.175419492092 
9.154889036995 
9.549639324846 
11.690914726897 
7.620789659094 
10.395973846960 
9.823409276775 
10.021182236773 
8.099546566560 
7.728553020687 
6.164069105894 
7.501747874866 
8.714883184967 
10.416281346908 
9.684187005694 
8.987972122263 
8.481836208839 
7.601301536380 
7.716076035278 
8.297605090587 
9.479057540653 
9.685656517469 
7.419042395955 
7.622434240747 
10.169263039633 
9.696256519312 
12.344426882577 
9.610318604525 
9.126774022223 
8.596800546371 
12.753326803331 
8.629488519425 
10.473156497592 
11.566256079525 
7.268977845556 
8.695759125074 
8.903696455817 
9.890615013178 
9.339279913442 
6.810822725532 
8.631646149640 
8.872640862939 
5.544581884351 
6.584184205723 
10.536336439257 
9.088260389597 
8.181839115488 
9.095659317629 
6.091596164179 
9.633399025299 
7.741595434412 
7.042716714082 
6.945568029064 
7.657773432032 
7.648044853834 
9.694221122667 
8.971702252667 
6.846004289786 
8.351990770349 
8.002843735212 
10.777186663822 
9.474206533301 
6.922476852391 
9.169504831741 
13.729388292799 
14.259309236366 
7.152967885158 
7.637842668502 
8.720255411826 
8.757892422257 
8.511161526277 
7.323122550773 
8.017420840985 
7.130383232639 
8.392451296229 
7.660916175103 
7.370217585373 
7.320656258433 
9.430703798628 
9.425046153721 
11.068562180188 
6.889824322088 
8.883945429769 
8.033944036852 
8.115251067489 
7.457405943565 
8.459383651676 
9.834118826407 
12.332169128650 
8.981317636793 
10.288314498155 
10.278703605289 
8.594992289746 
11.261468651025 
8.898541835537 
8.318564414003 
8.689418873447 
9.512248386193 
8.770651515480 
8.067021724149 
6.516679782793 
8.459601147219 
7.250088213641 
8.801540232458 
9.848019842116 
6.947501020201 
7.014547568600 
8.580095948598 
8.662400853474 
8.629534912464 
7.216343703280 
7.630200021344 
9.838331839421 
8.477458955294 
6.832874256344 
7.575133260746 
6.686295829572 
9.728851644581 
8.220974142244 
10.511315348830 
10.635604326069 
8.455157331869 
9.043245659056 
10.095582438988 
7.778124473900 
7.996209940565 
11.627491194458 
8.994381178917 
7.455675140051 
9.529755154118 
9.928630649442 
9.117650412296 
8.862911032814 
6.207098897806 
7.513685141271 
8.349322224037 
8.536408953276 
9.283154245297 
9.741605475566 
8.936851444981 
7.373639852361 
9.431076598826 
9.237524619662 
11.364394121399 
10.187831076261 
9.696687881912 
5.701955345484 
8.187684876712 
12.264710951815 
9.154954656870 
7.661539035649 
9.879479214776 
7.828954248576 
7.342896501099 
6.756164028387 
6.764206859878 
10.128808827359 
8.401279299608 
8.554558548830 
5.553673028590 
6.836929973860 
8.781599840575 
9.030274003260 
11.317051709380 
11.843072615089 
7.411260301288 
6.442961610023 
8.179217117563 
10.972523725272 
10.779953931741 
8.158749229384 
9.179831364794 
7.235508941830 
8.652175642063 
7.791919154478 
8.189361735798 
8.098508805652 
8.130376478051 
7.693816938345 
8.571967372573 
6.553560732530 
8.122152617252 
8.712015589290 
8.345105239174 
7.817289366152 
9.249771318063 
9.595130645552 
8.613892181688 
8.871833449136 
8.171946878667 
7.064780027861 
8.042548465123 
6.659578743494 
6.183928539959 
10.927499698959 
10.731796646901 
7.306871556662 
7.961777509736 
10.626725040597 
7.917448020788 
7.847970229759 
9.183302356969 
8.897998191447 
7.388768301844 
7.721619197563 
7.967597413544 
9.139812999350 
8.300982509279 
7.942352878803 
8.162361611344 
8.602550426112 
9.610151862823 
8.361029482774 
7.281722908574 
8.880301995436 
8.696766848871 
7.757505379918 
9.879835865646 
8.935751733566 
7.151075950613 
8.200533107877 
8.399534807969 
9.229308396324 
8.315051416658 
8.679098467886 
7.717415150788 
12.247554940730 
8.979726868479 
8.736865209234 
9.829179123473 
10.409958553197 
7.125199339467 
9.563861995045 
8.562412173121 
9.588341135662 
8.648470155040 
6.670776046867 
6.407302909769 
8.471252908114 
8.415974138619 
9.980277978380 
6.844791604617 
8.650925800663 
8.112224523450 
7.581267030018 
9.851010516977 
7.380295681082 
7.730796493649 
8.890311958710 
9.621057810905 
8.745652458833 
9.539158110242 
8.784170133126 
8.253867992394 
8.525735792226 
7.963834688965 
7.962930906383 
8.500869401965 
8.467435780003 
7.588068009716 
12.112324925625 
7.902764874393 
7.262663473431 
6.961948441900 
8.084926988885 
10.190570257756 
9.080157568604 
9.467043152055 
11.862967407244 
7.347418679821 
9.285132039496 
10.372420384819 
9.430240409887 
10.808386910072 
8.863614442505 
8.134835590741 
8.017853470164 
9.434099330456 
6.689332681656 
7.259373798345 
7.856270832257 
8.275192350302 
8.086237227161 
9.691566017358 
7.606588826155 
8.463833185519 
7.912625321042 
7.191119443652 
8.476624929693 
8.708855789069 
10.781684253649 
7.595601361534 
8.222228071192 
9.099433367634 
7.686153506570 
8.496035811050 
7.205733112331 
10.772544596339 
9.429820225061 
7.818663443416 
8.319480907275 
10.262429833023 
7.665131853377 
8.380617016666 
8.378861783978 
7.845264938964 
8.476273493695 
9.922773882978 
10.632421578361 
8.199205413224 
8.116133119746 
9.209724893332 
8.084353432366 
7.508126701225 
6.391762661901 
6.703880184600 
7.606393435863 
8.138594274526 
7.507004595300 
7.485286080613 
7.927176571724 
10.355130684224 
9.320973585956 
7.061243626157 
6.944050319008 
6.885788601713 
7.059947846096 
7.807154609272 
6.879724255898 
8.647353024349 
8.910500475870 
9.340917209425 
8.538773387716 
8.929513592470 
8.078868131119 
10.646524341298 
10.217102698573 
9.480900010919 
6.964498855037 
10.034015882109 
8.360754005918 
8.368195428448 
6.168105447652 
7.436131174782 
13.582972332887 
11.473401884393 
9.293951552300 
8.564071343303 
8.410156698651 
10.092425400292 
7.141614541318 
7.325808446968 
7.957712771202 
7.552244528259 
10.302379162944 
7.719878944675 
8.774010747341 
7.164489136565 
9.117418126596 
9.784962342992 
8.342495878673 
8.593884685593 
8.516973816319 
8.007339539933 
10.025607698334 
11.136153586578 
7.950305782189 
8.251991199379 
7.769680076461 
6.830403406618 
6.773180728777 
8.000471298415 
8.291848382657 
9.650036267170 
10.167880377098 
15.187615360862 
7.988431580284 
8.147473707043 
9.037272725197 
7.932275813495 
8.039952227920 
9.965227472715 
8.187317500442 
8.345611629900 
7.593478459007 
8.547187253657 
8.383033829239 
8.011041084080 
7.348215722926 
9.639944751731 
8.524724409881 
8.979182322568 
9.569629974165 
10.766430561918 
9.362484933007 
8.154697648142 
8.435644029069 
8.523490344051 
7.026839267380 
10.771981940406 
11.301344801980 
6.856681007390 
8.018404518283 
7.991667884781 
8.494077720231 
7.465430080535 
7.641187473868 
7.619762492961 
8.984949951641 
8.479699271954 
7.818348099723 
10.268220735517 
6.096134991000 
6.238655345145 
9.732067866196 
8.523359745784 
9.071876962354 
10.466464017959 
9.385887827352 
8.901596200847 
8.002516185031 
7.958185375359 
9.134214673112 
8.254981950168 
8.278800019173 
7.328893416043 
8.063246597477 
8.358525058303 
12.392622336439 
8.921231085573 
8.606037460447 
9.197930345536 
8.547963011015 
7.324003320557 
8.348859891820 
8.852715722472 
8.207148894178 
8.028747107813 
7.758772905796 
6.996101896095 
10.335051596938 
9.759732630256 
8.458111820845 
8.578142540291 
9.186281405119 
9.378014475458 
11.780704511992 
10.969731490437 
9.960018839383 
9.754151384555 
8.754772367207 
9.504096583254 
7.378419267882 
8.160447688216 
8.779798585155 
7.999254818208 
8.563428838160 
9.016594253504 
7.540930345047 
7.885746535736 
8.068521735906 
8.468016934725 
9.211830968091 
7.987848188793 
7.317486789935 
8.116005632034 
7.661179006105 
9.610341700579 
7.975022119682 
9.536996689931 
8.191789912542 
8.823403683267 
9.594762384408 
9.537993905616 
10.868234815764 
9.801671130723 
8.860598277708 
9.046708589842 
9.885832359909 
8.001991788792 
8.300903008840 
7.582057620334 
8.193545557690 
9.252828693464 
10.995391793410 
8.894816190896 
8.058378713439 
9.121927111003 
9.866293033702 
7.577573093592 
8.314156376912 
8.873769374600 
7.354915092853 
8.515970204629 
8.459467435318 
9.068970535501 
8.381336900057 
7.351461824644 
9.859597650568 
9.856111217582 
7.277811267379 
7.557848618407 
7.366579541786 
8.641441513375 
13.198950696246 
8.589732250554 
9.116561319678 
10.192038623583 
10.839348048914 
9.935960547847 
9.503421060444 
8.972175195372 
7.210286663829 
6.797349565677 
7.798988446933 
7.720147705014 
6.419373189555 
6.741775384121 
9.397323904287 
8.464436959462 
10.954750811160 
9.827471710265 
9.751958201222 
8.313670018119 
7.563196908226 
9.351712329432 
10.869517846675 
9.064691661891 
8.481797427972 
9.150880924809 
9.917982817003 
7.936847888777 
8.750632669560 
8.272783913843 
10.343015863621 
8.023090168899 
8.324064521677 
8.714617043902 
7.668903858343 
8.039656824224 
9.147474361315 
9.002823496212 
9.282832649946 
8.287203408434 
7.527584844684 
8.766734320689 
7.442302792339 
7.429093622970 
7.194736203950 
10.187691922572 
9.560944843257 
7.870272356252 
9.585356310133 
9.276326455528 
8.077505737400 
8.574620060164 
7.047695486969 
9.617212488178 
8.959016969353 
7.760174629488 
10.693827078208 
8.887539617197 
9.859631701543 
8.503452545317 
9.610636372421 
9.341069034590 
9.853992477015 
10.478200764114 
9.329745388617 
9.300718999175 
8.134360899482 
7.685292294340 
9.077023823815 
7.156613748195 
8.566656250797 
7.985778296951 
7.638225227884 
8.492167185061 
8.315618021669 
7.200953238101 
9.749312585180 
7.198928773865 
7.673469203732 
11.178739976489 
10.179129076075 
10.314260373751 
7.006816826702 
7.953672635887 
8.750892556823 
9.327175052028 
10.588491666293 
8.251878051782 
7.362471361488 
7.185992682638 
9.709135922849 
8.891182948829 
7.803898044226 
6.319084809043 
7.764714862431 
5.835376882821 
6.872296015611 
8.265465302023 
8.624880730681 
9.893251736027 
8.467836400282 
7.299515806303 
8.650340847611 
7.852639418102 
8.222038704424 
7.318741505605 
9.108930905141 
10.517389378835 
7.432720134419 
7.109616859881 
9.838144774099 
8.169385364870 
8.789130925139 
10.506940705422 
7.679647570150 
9.129406259887 
12.918308320063 
8.022867502542 
7.416942798100 
7.625574387108 
10.464974268443 
11.603136412762 
8.883172400978 
11.018527040915 
11.867737290557 
9.106772031812 
12.557833127570 
10.092164893740 
9.924368450613 
11.987237161028 
10.244850746498 
8.321985433168 
9.017080558648 
8.235202776161 
9.570189961618 
6.450383524706 
7.515246659537 
8.852971542788 
9.498600816794 
9.708430857895 
7.889189049645 
8.752430921644 
8.682793234205 
8.741431495187 
7.965768661725 
12.200590232977 
6.999691348806 
9.799447163064 
11.495210723006 
9.525573822265 
9.372375107909 
7.659603385274 
9.175899164703 
9.001319001879 
7.907337698457 
8.733745521076 
8.422540564494 
10.484787561558 
8.675501629670 
8.620669391450 
10.734338228653 
8.396241463407 
9.104901965847 
10.276147127339 
10.015945061526 
8.038133788445 
7.844902072719 
7.640754951693 
8.545362120944 
8.838806006728 
8.725405083027 
8.527392702787 
9.286256726014 
10.170923508164 
9.524085909379 
7.503722334216 
7.530566249981 
8.928493541974 
8.959223980555 
8.044952450435 
9.572154591023 
8.994464073071 
8.331077996924 
9.529689096305 
9.361738631304 
7.620698795059 
8.534624030568 
6.918939054584 
8.074145244146 
6.971835228577 
5.795913602868 
8.980645976836 
8.319164531173 
10.657816807789 
10.307772956971 
8.746909769115 
9.079440233517 
9.384948294972 
9.386409463472 
14.571721216702 
9.356661733504 
9.077254757789 
9.485590113161 
8.223867950772 
12.183954688502 
10.310805734090 
8.099281857332 
8.574333310181 
10.183070908640 
7.135296087121 
9.511913275407 
10.763751526575 
10.046450229435 
10.925399860235 
8.498190846403 
8.003824251176 
7.947018370226 
8.233505802776 
9.859374570781 
7.933408718406 
9.015030126460 
8.172523652465 
10.983721352660 
8.349395981534 
8.123166530930 
8.543361357074 
7.230648582375 
7.392829462232 
8.365047442774 
7.981227417248 
7.412528900479 
6.408061287440 
7.685970086761 
9.473349552478 
7.839376402063 
6.622891359104 
7.363420362369 
10.182661239956 
9.169276019423 
7.388065740182 
7.665207317498 
9.287899410253 
10.421562323868 
9.008580887228 
10.330940070515 
6.755725891539 
9.152433122531 
10.450964666095 
11.073112461449 
10.146446451142 
7.338413032019 
8.347629114365 
10.926790587457 
9.260378757180 
9.855565395562 
7.927442795129 
7.867778710243 
10.282308202336 
10.278976172695 
7.890415177867 
8.853033399125 
12.855869878985 
11.426878363957 
6.769709647369 
8.339186470461 
9.382303151038 
8.781240357548 
8.860633552445 
11.345776843497 
8.145171496764 
7.113770504193 
8.149105323113 
7.405260968298 
8.761696819856 
7.931081292732 
8.629364581658 
7.827260742810 
11.249245019236 
7.154934993715 
8.272251636402 
4.996003005735 
8.395609780010 
9.712254594471 
6.483109936336 
9.353691088025 
7.459939920415 
10.190835751446 
10.497775405592 
7.757374334789 
8.124661922435 
8.297631208237 
7.750546615027 
6.825704854779 
10.671309222626 
7.964039864458 
8.022403744192 
9.279085972087 
7.586189839796 
9.016622004571 
9.193400711275 
9.292965845975 
11.598395642519 
7.609547250121 
7.394816902162 
8.245120655387 
8.222953423130 
10.209127955412 
9.008097402240 
8.576225967817 
6.356919635215 
7.828860710393 
9.485362393272 
9.778697745746 
8.414181605875 
7.714033249343 
7.581833284683 
9.638320023372 
9.077940885448 
7.809033736909 
8.729175293581 
6.988308581258 
8.129260294904 
7.578834746875 
8.767007036267 
9.257153792828 
10.588971595133 
6.758338323469 
7.078904584121 
8.017666500202 
8.284951232127 
8.377313935123 
8.284489969558 
9.424254214516 
8.426011691313 
9.440164926594 
7.450315728019 
7.941649697839 
6.549118581695 
8.366137025905 
7.262475011829 
8.955836604473 
10.691979193683 
10.089318179481 
10.302096590342 
9.565318138681 
5.953801157714 
8.125488109645 
8.538420809063 
9.384970791139 
7.389821404711 
8.374874289717 
9.100055045952 
10.694521056786 
9.936174271156 
7.383055582449 
9.760626974024 
8.418575595121 
7.587974402102 
8.193023596514 
9.223530899291 
10.461113855891 
6.033159293812 
8.386009458249 
8.048704103045 
7.783321520744 
10.335579579500 
8.457016651165 
6.669667532815 
7.040870470903 
10.449906553059 
8.594982764810 
11.635315788643 
11.384596487002 
7.220545118009 
7.877704303386 
7.112721226060 
6.921276336059 
6.094963536899 
7.213815745183 
8.205122082585 
8.917458633142 
8.398237731174 
8.031597033725 
8.161322103985 
11.047151428245 
8.476025331440 
7.965758422280 
9.898682094105 
9.916155477603 
11.328781617483 
11.912034469838 
11.789683124371 
9.485427497049 
8.962387687290 
8.843640429898 
11.107340414186 
8.363173899194 
7.288905865113 
10.074190093364 
6.991843786048 
8.349886792887 
6.735871752700 
7.703407553365 
7.506475778783 
7.635465170864 
7.473847447664 
9.375815451173 
8.102888409156 
9.892364003676 
7.965514483248 
9.226088742999 
8.227770155554 
10.264903875366 
9.145587752576 
6.020138136476 
9.778601993459 
7.452430726245 
6.875401226183 
10.225549547273 
8.780725317974 
9.078903272791 
7.486346501174 
6.168460039725 
8.524947646496 
5.947365854406 
8.268452571227 
10.289403850175 
7.517435530617 
7.257361245203 
9.296191482446 
7.788963706480 
8.052595984356 
6.519776648031 
6.865080896765 
9.420258346510 
12.360029823990 
11.332902883184 
10.208113014860 
8.728192924295 
6.795673540891 
8.388811843860 
7.065879659041 
9.574843414192 
9.709387491371 
10.177825519234 
8.006654647163 
9.355660832484 
8.600345112695 
9.097830845373 
9.891250162157 
7.055422734960 
8.984688319463 
7.371333226138 
7.502468807272 
6.743135825272 
7.114807696791 
8.883555214397 
7.902189163309 
8.615361765580 
8.699438946896 
9.686683353847 
7.018114237653 
8.499253818404 
8.538939210258 
9.844807672002 
9.929602215512 
8.605483538200 
9.214301915393 
7.414466595283 
9.557471755406 
9.448082704281 
7.439936483914 
8.161636748986 
9.096419393407 
9.272549686873 
10.016021484230 
8.853770515088 
6.828116078734 
7.136519329701 
8.338683480086 
7.249763094066 
9.575707000451 
9.370734179362 
9.600380797285 
9.324091426598 
8.120485316401 
7.749604452329 
7.821462630793 
8.935906656830 
8.239218969757 
7.779194883304 
10.497939720768 
10.421918468613 
10.213176672624 
8.752242510026 
8.818204836528 
8.781233432228 
7.968354415933 
8.588338750580 
10.480849546595 
9.189789697301 
8.480580564490 
6.852717419283 
8.018300516552 
7.835148138891 
7.080733326169 
7.331198708046 
9.669255505548 
9.154003956420 
7.435771177300 
8.621294269280 
6.913632905473 
7.735657478234 
10.054522769001 
11.369681665494 
8.565490739423 
7.511958486865 
7.853348622584 
7.929951019412 
7.428339388313 
10.958945988884 
10.361390549809 
10.935278710564 
8.773230631068 
7.289470027105 
7.434650648779 
7.378102727889 
8.095401896902 
7.788772455357 
8.604661634209 
9.033415232458 
9.375987393450 
8.639070381285 
8.059420081956 
5.863409791560 
9.779980695685 
7.838308461812 
7.671780127443 
6.773652603103 
9.808563450131 
6.844388366956 
7.051292815249 
8.566330212995 
9.356929363007 
8.533503467166 
8.822775980158 
9.044305878329 
9.520950184052 
7.425679256946 
8.005758632156 
8.973444772880 
9.762870910484 
8.529869177377 
7.898301627128 
8.690161112656 
7.736028877936 
7.532077131740 
8.034393713895 
8.700041808934 
10.925049908213 
8.823244994723 
8.077866192942 
9.753022575235 
9.175066465238 
7.945877137207 
9.579859182013 
10.374386425200 
9.900113155561 
6.577258081465 
8.881130498139 
9.240031307048 
9.107833258811 
7.961902564667 
7.428437175742 
9.176520010185 
9.309573893367 
6.626397530731 
8.037957427514 
9.616533094020 
9.495194228820 
8.569444860245 
8.223458459259 
8.219835097159 
9.359875006744 
8.160434362722 
8.673200332700 
10.217709838937 
7.755594930106 
7.267205602937 
6.957310390717 
10.859277636742 
7.984325241116 
6.822964164892 
8.727906039162 
7.957213758073 
8.487741392788 
7.410254595566 
8.208507801867 
7.907549958554 
8.940750440307 
8.327182009765 
6.767585846721 
8.891891053269 
8.637390772589 
7.657512937354 
7.546410631691 
9.291719937817 
9.545512533301 
9.122835165756 
7.665329594750 
10.674048154095 
8.793130066136 
8.848024619126 
8.408655993332 
9.002552067857 
8.958226148164 
7.957814967370 
8.789119690031 
8.426102811984 
9.088114379283 
9.782630054387 
9.722314203899 
10.691276468562 
9.737001947075 
10.413594124826 
10.634276970021 
9.757216759489 
8.591573042945 
7.042600744794 
7.567190421163 
9.649827374333 
11.168311046076 
10.827351662008 
12.206021967229 
9.400632602862 
10.252303822668 
8.971545995707 
8.483813215146 
8.409253662717 
8.272193851898 
8.486876549264 
9.353091839217 
9.234170049885 
9.612798291716 
10.627148380142 
8.212633304146 
6.671667811335 
8.236136513376 
8.658527102226 
8.975076276812 
8.462554395116 
6.322546250079 
7.150672381018 
9.134305575637 
10.027198439867 
6.672433552324 
9.762803628073 
10.025641138862 
8.635776926709 
7.636074742370 
12.075462459630 
9.307257198663 
8.268904742693 
9.862760620157 
11.006469083508 
10.061033655736 
14.964487323040 
9.195356158775 
8.038853903090 
8.133290384608 
7.446377138686 
9.514192440015 
8.704152308008 
9.674026391066 
9.350597090106 
9.594230043485 
11.648085729999 
9.307162349045 
8.337473479037 
7.722864964632 
7.644077501410 
10.818676280141 
8.857470507959 
9.351936558824 
8.311657527559 
7.680535892602 
7.986705830932 
7.357596659861 
7.154832165879 
8.219926220716 
7.901677801414 
10.184288456080 
9.817339598795 
9.100630172760 
10.521794666430 
10.291931127359 
10.469133170961 
7.058119162740 
6.660574343424 
8.327349861220 
9.819819027118 
9.899948582997 
7.747001001816 
8.201343757316 
7.308332713191 
7.955591834779 
7.142909342232 
9.762616064382 
8.819071419291 
8.733884679468 
8.096655125074 
8.626015778138 
9.404448291362 
9.371826734452 
8.308519007779 
8.386777799295 
8.601182738765 
9.027551698735 
7.183572685086 
9.168507466087 
10.590475221598 
9.665726589679 
7.751008167128 
9.890585393081 
7.862496951764 
9.809683328978 
8.825271131140 
10.175356350111 
6.562319750948 
7.583164573290 
8.824033587279 
9.585650165800 
9.189204602062 
10.948502148246 
8.713758211964 
10.007771530877 
8.286467846459 
8.565075823549 
11.006196609930 
7.040941729812 
10.418096842022 
8.641722150427 
10.702190379490 
8.000643658841 
8.892427698048 
8.457114065060 
9.846790420790 
8.227596403749 
7.656260996634 
7.363849674963 
7.914654564732 
7.246042648213 
4.393727524289 
6.560238943965 
8.752813084540 
10.610277729886 
11.275177565523 
8.294687254295 
9.186377448719 
8.046636022584 
6.217109644125 
8.740160353535 
9.450352528870 
9.790602004487 
11.080676827143 
14.082362748996 
12.339872379819 
8.797274644624 
9.073388322108 
9.840037021617 
7.251096967553 
7.147119598131 
7.382206777241 
6.964480737400 
7.499387361230 
8.984774801319 
8.547134827498 
8.310478366282 
8.804362585839 
9.209519477768 
7.127653390043 
6.449520171938 
7.654698309215 
8.024142727424 
9.689176133176 
11.189239904011 
9.053087354142 
9.753459172152 
8.701209343240 
7.820928655771 
8.567824548199 
8.650753325912 
11.578680442945 
9.874467717796 
10.293905890606 
7.955328554283 
8.502931049038 
7.528123444331 
9.451221180624 
10.783254368688 
8.051393781357 
9.506223014553 
7.666948235895 
6.956950906662 
10.940876584518 
7.707683847738 
8.707538832652 
8.317102935455 
6.901824694318 
9.141945306036 
7.294827004306 
6.165857613706 
9.927629395307 
9.959740712954 
7.397365711634 
9.329613090376 
11.548943209108 
7.985724588650 
10.440911469331 
9.440869729388 
8.329821313082 
7.428635638548 
5.356645053730 
7.671940450236 
7.905206894298 
8.867792081708 
8.369226567887 
7.024135339253 
9.039210858371 
7.485867681857 
9.768629824654 
6.862615221296 
6.639642041030 
6.724983723157 
9.084794965879 
8.095626679875 
8.608935705278 
10.202403736422 
9.744210227518 
8.875543216021 
6.677475134007 
11.620759896908 
7.818530336508 
6.801713633000 
9.835235980030 
9.985278513354 
6.778988569274 
7.249612616466 
8.740743765520 
8.690225687047 
8.077007923836 
10.455140283693 
7.969726937556 
10.034614955399 
9.028790085289 
9.029861838344 
7.114536164889 
10.746305466950 
10.286846290951 
7.893422407005 
7.695000155429 
6.971182884026 
9.317648615485 
10.499518862521 
10.329582094242 
9.246851824109 
10.225758660570 
8.038913402363 
8.444010789032 
9.358231794914 
7.895281985746 
8.419687135102 
9.170285766549 
7.170984635364 
6.361761613928 
6.137555422362 
7.715269799290 
8.678312276840 
8.345405579062 
9.163725298128 
10.360080930417 
8.975383134416 
10.428623850449 
11.535134376562 
9.629901280080 
8.877603008859 
8.228077439998 
7.650272049893 
8.258428469355 
7.352090696753 
8.272757243320 
9.485752207967 
8.480560227545 
8.523401507667 
7.424449085341 
10.821612485680 
10.168671076791 
10.061165565353 
10.018837399290 
9.380818220477 
9.455888920384 
7.646422798776 
7.998293064621 
7.049636761483 
9.166798278432 
8.854158014126 
10.121863986205 
8.634277521100 
8.281161369181 
8.003885877252 
8.284756840499 
8.102254388989 
8.352373902479 
7.908427052973 
8.645722071812 
10.030143274543 
7.013822704473 
10.591114803875 
10.823860899808 
10.069241050472 
7.804698641299 
9.654368549419 
7.833142223375 
7.514567174818 
7.162561698143 
8.217710072863 
7.543857609595 
8.252872056687 
8.482962495204 
10.070318002782 
9.850635065999 
9.500977392541 
8.708721331059 
9.256194297133 
10.101489725317 
7.958917687607 
8.177477720204 
8.266813779057 
8.090228343281 
7.790357971782 
9.990992963949 
5.663116897603 
6.535219176373 
10.820228919532 
9.280877070376 
9.129634166433 
8.085389166085 
9.162759510376 
9.331425895627 
7.999084090124 
7.297746594408 
7.573242499105 
7.281610590690 
8.918883399026 
8.472277754596 
7.586556108350 
6.720819713500 
8.006931140474 
7.657159995067 
10.642753708506 
7.976962154345 
8.811705575037 
9.774691502952 
9.392859611725 
10.797662318147 
9.620420646452 
10.875035794680 
6.069939532642 
8.740004945302 
10.015953394825 
11.192261266383 
7.393841085928 
8.500541991446 
6.892663760386 
7.819258973062 
6.962643303911 
9.202240226840 
9.904988141606 
11.745467027019 
9.424313534466 
8.729988433516 
7.678317463020 
7.459150115409 
11.882850658103 
9.804986274455 
10.226501554009 
9.780613076676 
7.986451619110 
8.262192615527 
9.338922589422 
10.255988332462 
10.473545691172 
7.739423678793 
6.778551633751 
8.009914451719 
7.210992743583 
9.900693768339 
8.381058527867 
8.187566412271 
8.120272590090 
7.190495434468 
7.892707805678 
7.162691588328 
8.173662037189 
10.481827666595 
7.122347618295 
8.428038685319 
8.249656287059 
9.039545908622 
9.923279239423 
10.938305376497 
5.806714892205 
8.050796418492 
7.383694975286 
7.347042794379 
7.933476132165 
8.752777252469 
8.780755776987 
5.654974421085 
7.089346587540 
8.005867126300 
12.442162447758 
9.366098588392 
6.909962841567 
10.673282175343 
9.768338582377 
9.443592336318 
8.770872537100 
6.196403532217 
9.405788432620 
9.002877957594 
7.793375187440 
6.994835595275 
6.590563654929 
8.350929125912 
8.439231172747 
6.302853275313 
6.763545197750 
7.156506351920 
7.719517008317 
10.141632331658 
8.604536877076 
7.495165382049 
8.516714774529 
8.517140411751 
6.349269635508 
10.776468099535 
10.376367028574 
9.794486758711 
9.853892972186 
8.640519074303 
8.069468541975 
9.270320691884 
8.267451057883 
7.661648002154 
7.520494880109 
11.249338718730 
9.255061158022 
10.791239813396 
8.450031981439 
7.042405041417 
8.726552649636 
8.116548734996 
7.439848755089 
8.587363464630 
8.399909858108 
9.326056695732 
9.299679269952 
11.358605807331 
10.501251601441 
9.987447051891 
6.933913559013 
9.207096301489 
8.801293663362 
8.509100088820 
9.750204695220 
8.693874720612 
8.343917625062 
7.273673280278 
10.423444836869 
10.358572896140 
9.058066455092 
8.664011862847 
8.594539772792 
9.724105014012 
9.354198160502 
11.904906723608 
10.335269548424 
8.293077853644 
7.118014271105 
8.814956480802 
9.825118089176 
7.833279903240 
8.754200225348 
7.924676465399 
6.594130211565 
7.697540585847 
8.010072648544 
10.188956232704 
6.588143802257 
7.435044965748 
5.688105087761 
8.754890457495 
9.069772230910 
7.066133500682 
8.044715962901 
7.067576036893 
9.049845939606 
8.507048877858 
7.932848656830 
9.513139258794 
9.135162037376 
9.567399817982 
9.907446551348 
9.780273864394 
9.020357506748 
10.212948519555 
11.693197312037 
7.852669755091 
7.911858089634 
7.878080368004 
13.323988895358 
8.525325349660 
8.374331970109 
6.229356447452 
11.167874847439 
8.864847223210 
7.533451722519 
10.807603499599 
8.583771639261 
7.655582847630 
8.089018203226 
7.939736308490 
7.404440845683 
6.562701460227 
8.632828473318 
8.994122944165 
8.571652757734 
8.927062825651 
9.027223396721 
7.697137605575 
8.360589977153 
7.661464468692 
8.133411230815 
9.407025713620 
7.325075942691 
7.635995685514 
7.604872445617 
9.538768509230 
7.370207071528 
6.267606666506 
9.937728021783 
9.523726784336 
6.774096666797 
9.433240561362 
9.942951448413 
10.611358682395 
9.330336374652 
10.249001933617 
7.720843099248 
7.640423478142 
9.540564973711 
8.583009399365 
7.532196227024 
6.278416127065 
6.406322225600 
8.385633366798 
7.319466661793 
11.427728725569 
8.611317567912 
7.421357439316 
9.667749918367 
8.612937102861 
10.908711155853 
9.308965695949 
10.314556942280 
10.344523546563 
8.748770692372 
9.871458717616 
9.083363402570 
10.056454923748 
9.313347656461 
8.521852233211 
7.570974453223 
7.800972289519 
8.581951690242 
8.473627909534 
8.546835303849 
9.242246578630 
8.027922771707 
7.640737671401 
8.955928226051 
8.611963445715 
9.900859778673 
8.254714452732 
6.365334851574 
9.170312881294 
9.412937526789 
8.711222327484 
8.014186339248 
8.004783734312 
6.757650071019 
11.581106671429 
9.540703904859 
7.436271725623 
7.373474627771 
7.264917394375 
8.142629807327 
8.100730879380 
9.977096607058 
8.982954995081 
8.885981097967 
6.621380980000 
8.532435749021 
6.921877876385 
9.299428869030 
7.074165900885 
5.945640652756 
7.832369845372 
8.476591624242 
8.837570294992 
11.769766386023 
7.333661032799 
7.611091377571 
8.263325308149 
10.712861760418 
8.498730517252 
8.958708468055 
7.254564389604 
11.200304001724 
9.182883107823 
11.689636117821 
12.889578794574 
10.945100220512 
8.526086559915 
8.873901264834 
7.895437802509 
9.139524350088 
7.404665086972 
9.014090642498 
8.226289946182 
8.634153452063 
8.377401547959 
8.774377801920 
12.553555451913 
10.605365325901 
8.714685457160 
8.665262654292 
9.457698917852 
8.464873105028 
7.456346407294 
7.326629590400 
9.676030348942 
7.520934245835 
10.809284993978 
10.478577207180 
9.872554812427 
8.289382636160 
9.104283510148 
10.462432798537 
11.062924704703 
9.175335743085 
9.426661919464 
8.855235599923 
10.067482458907 
12.161687033002 
10.386922310411 
7.851059378278 
9.208437213184 
9.777992879305 
5.576695117946 
6.041842944934 
9.370654140924 
8.677359329273 
7.944298929923 
6.827489717301 
8.250315156235 
7.386134986175 
9.930755248508 
12.210450419905 
9.475287374467 
8.737212526703 
7.666493281830 
9.894499893372 
9.833025961737 
8.081572068626 
8.815777693066 
10.749346070451 
7.589468440139 
6.907365742586 
8.280403536518 
7.950550155122 
10.840789607086 
8.929859362842 
7.495364285494 
7.185167729064 
8.561641135360 
7.460728145770 
7.582723634690 
8.669237989605 
8.594198230990 
7.425917461652 
8.313222230490 
8.549820622123 
7.313072319848 
10.455467652980 
9.113868754261 
9.039193045067 
10.068351228799 
7.819588742162 
7.297896979591 
8.449699682252 
7.965489433640 
8.273100220367 
12.320637467294 
8.666987966376 
8.107927371583 
7.369568343245 
8.299158224823 
8.632110146407 
7.285205498149 
9.312936440836 
8.298414302493 
7.372060531119 
7.689732223971 
13.806954863392 
10.789241268115 
9.347465814056 
8.035954888984 
6.405503079902 
6.825539233312 
8.963660136383 
9.888579078309 
10.070618300755 
9.644855881391 
7.807880851174 
9.961969379133 
8.106235244692 
7.429323299028 
6.641086782937 
7.169560273096 
7.495864699845 
10.130480087767 
11.951334921877 
7.941149044764 
7.877928318649 
8.529558835260 
8.580528028068 
9.701443332387 
10.628887234307 
11.866450793798 
10.576118569002 
12.527636618608 
9.057303386645 
8.540060167435 
9.690594852352 
6.232065517196 
7.034345555138 
7.752124244343 
9.071967171236 
7.428984388658 
8.131886139033 
9.329829220379 
8.714169539178 
6.645139793381 
9.028070679664 
10.190547610140 
9.295034465218 
11.058742262295 
11.150464509534 
8.797313837484 
10.037216311492 
9.947858854444 
8.100040323403 
11.768466954384 
7.955836632764 
7.974737496449 
6.387192236686 
7.487909823712 
9.495898315005 
9.138926338140 
6.635503176391 
7.958623504887 
7.564973007065 
8.713128626903 
8.060683995367 
7.672830615853 
7.701744658076 
7.938402243197 
10.303426431043 
7.633295132228 
8.605278784915 
9.550703861294 
10.943920419035 
9.862235904792 
6.141087089178 
7.784788752702 
7.713418461076 
6.938669774047 
9.070670177550 
8.763289897827 
7.701622701351 
10.220886697958 
9.116109259057 
9.632692193569 
10.295154264201 
11.113659547798 
7.805754118367 
7.704640653138 
9.216662260115 
7.202367584737 
7.171386952047 
9.762082382968 
8.869025197450 
9.127004565155 
11.383672741065 
10.273123596232 
6.956710617254 
8.181736171003 
8.687177952866 
11.381817850249 
11.511101516869 
7.307696997332 
7.023064078093 
7.360140372503 
9.423089128167 
9.652444121889 
8.512913321498 
7.481693726300 
8.493959440144 
9.456401274137 
8.374270890973 
9.314641284631 
9.764867734119 
6.879140921840 
8.389001340224 
9.286312158756 
9.154396870540 
9.058305432265 
10.561118277303 
8.013315708345 
6.432506608132 
9.500418899224 
5.935770949844 
6.464787469080 
5.730835307051 
8.876778360243 
8.858036902680 
9.978225054262 
8.868449883421 
8.840593594691 
8.590752851440 
8.922082272108 
8.197546986942 
8.671053275560 
8.321290324579 
8.166103342768 
9.149022802797 
10.137698716363 
9.873341279053 
7.916437759182 
7.250389123304 
7.018526545064 
7.686135363262 
8.754061670074 
8.144892868146 
7.424458181319 
8.141985869634 
7.956618393365 
8.715737439587 
7.721252673258 
8.782239968824 
9.361259009654 
10.101485761166 
9.114132941401 
10.117477717048 
9.327750745986 
10.362708211502 
9.373062947393 
6.984822189741 
8.739260618121 
8.481492234155 
9.442015403190 
7.950184766206 
9.516011508806 
7.123692586542 
6.408721704829 
11.425368656539 
8.144898279608 
7.659175910445 
10.339108645730 
9.049567496284 
8.259694910273 
6.447721634159 
8.288668030252 
6.829436490271 
9.901905110863 
11.139231788485 
9.851668997825 
7.185079471905 
8.480965314843 
10.430887095931 
9.793151581855 
8.747830945249 
8.071872928274 
7.271039500353 
8.267930453507 
8.320782775224 
8.616964458654 
8.839323169307 
8.848963705483 
9.226915276551 
7.550751614973 
7.337349621723 
11.296982718724 
7.502316285862 
6.894991627395 
9.275905754942 
8.454156179394 
8.122672663932 
7.214292005378 
9.226672789703 
8.678415120310 
8.461445905364 
7.689155820996 
8.317085192619 
7.859413632246 
11.217365025983 
9.588994417150 
8.661140327859 
8.599132011015 
8.765791138272 
8.772742371869 
11.967076336007 
7.262507560163 
9.989806925487 
7.538945648117 
7.991837084318 
8.770045480525 
10.151516110883 
8.390526570469 
7.367240295871 
6.793548992259 
9.115722542649 
7.575588344916 
9.998033027197 
10.256586172981 
8.862875965928 
8.834987086405 
8.534270301070 
9.372519778782 
9.338809680961 
9.337182127836 
6.042489648352 
8.171277433919 
9.278695101354 
7.834637949434 
10.222657722230 
8.976994030772 
8.001926960619 
9.066577058273 
7.838929426407 
7.964495216443 
8.518529048400 
7.868695468039 
8.498936394498 
8.525539054343 
7.666996051814 
10.309688552351 
7.139729884018 
9.068392409179 
6.988290266788 
7.662363256213 
8.319440880554 
9.532136198120 
8.195402478847 
7.703969856104 
8.287449151914 
7.819406496790 
5.780450533680 
8.750398284474 
11.307425685722 
7.210460969047 
8.868701104607 
7.939037079906 
8.823178860294 
8.452525344965 
11.067791914683 
10.141488862496 
9.342473167860 
8.580848210884 
12.137519010660 
9.260846687672 
9.190739770012 
9.494769509739 
8.727697314136 
10.453005153588 
8.318134499869 
9.419208202516 
6.942803614091 
8.183697043049 
6.621043412463 
10.462371631919 
10.338562102268 
8.384534628301 
7.643937248299 
7.663715295554 
10.534525545577 
9.371613950511 
6.621728573509 
8.516749865194 
7.068950992831 
8.822937774671 
8.072142567210 
7.250877635103 
9.838071469376 
8.290660589192 
9.214187100009 
8.773928011235 
8.693471322395 
9.498095829455 
8.472512032584 
8.644720863875 
8.169295442645 
10.930153153660 
8.464675804889 
8.938202344616 
7.667705383435 
10.795890486900 
8.295756855570 
7.267021999768 
10.397339343893 
9.676385625516 
9.186378597352 
10.456836763586 
9.990726046943 
9.462317237282 
11.077406146538 
7.625261604224 
7.074671969567 
9.749173690720 
12.921787914159 
12.210017344960 
9.634074955208 
7.863213954842 
7.174759489158 
10.281380791189 
6.821199070327 
8.408040168048 
7.223340114598 
7.945773598627 
9.305921622017 
8.812372621183 
8.759253551206 
9.336580457922 
8.407400390320 
8.189771737713 
7.353727613490 
9.023267282306 
6.875409136589 
7.387551118708 
7.404612263786 
7.190005962142 
8.154733165461 
8.820400734774 
9.792776051151 
9.439495954879 
7.645320740599 
9.308330622819 
7.202827928661 
11.459893823488 
8.922748281537 
10.098638443922 
7.817680406154 
7.860328324289 
8.629680195594 
8.765959964158 
6.712979406854 
8.936807229997 
7.349250786871 
8.368528163907 
7.316126133065 
8.181610836537 
8.394914983464 
8.319391751936 
7.142441929255 
9.944088849048 
7.237798573876 
9.886547225514 
12.339297256045 
9.391775165940 
8.909634639191 
8.393970387754 
7.479607640485 
9.337296165408 
9.247667513457 
8.331266669897 
9.667811929216 
10.542831394670 
10.689731439249 
6.028704606020 
5.488809699916 
8.078368829315 
6.521289597428 
8.341312672316 
9.012313582856 
9.022933872370 
8.266839427568 
9.202139186466 
7.860614306305 
8.175159738456 
8.417618334058 
11.842811257373 
9.920046526867 
8.069850104789 
8.929960514369 
7.294158134174 
6.795409005582 
7.029512844304 
7.381699339970 
11.146892917836 
7.198589846142 
9.634795933824 
8.071912905282 
9.638278760781 
8.377143177044 
11.015534409187 
7.781858297268 
9.871079554765 
12.949705648600 
6.616081832619 
9.895674289175 
10.076460315966 
6.823981635345 
8.258991193297 
6.374984164286 
6.492466295176 
7.577003003490 
6.522271971421 
8.644682883282 
9.817497717820 
7.853654736149 
7.338812397786 
9.020230629658 
7.932301560400 
7.618728943098 
9.778962922230 
8.785849305469 
7.065283561118 
8.149733386391 
8.148257934873 
9.776085883246 
9.216855810143 
8.793936314333 
7.980213312561 
7.992297765918 
10.308872395819 
7.445136462572 
8.816718912461 
10.539066340040 
7.580252029785 
7.391743759737 
7.467852948576 
7.671094479932 
9.107382907195 
9.204313628773 
10.200891587780 
8.797746640461 
9.272973588458 
7.825085182546 
8.186651538986 
9.365007679882 
8.133666411330 
7.152334570768 
7.581292282749 
7.589685176601 
8.767988917565 
9.139923805255 
8.356974360053 
8.387380936672 
7.829458715283 
9.591281425095 
9.318969887584 
8.671612189769 
9.040876228744 
9.387455131435 
9.258837545398 
10.884884325570 
13.110852852360 
9.493073235016 
8.071869150566 
7.042820083799 
6.642692850354 
10.527652473887 
10.224290377989 
11.853427013173 
7.168602642907 
10.999578575619 
8.852431595237 
6.687383142299 
11.780565804936 
8.239261627353 
8.214160528255 
9.159405285550 
7.774310691664 
9.369395865182 
8.667318762907 
7.585387760093 
7.661905123850 
9.629125383882 
7.937662553987 
11.673158839049 
8.227327008888 
8.085193775102 
8.174185977211 
9.211438477797 
9.689130409749 
7.440510482683 
7.322543338518 
10.155752509954 
9.783739691860 
8.533401861709 
8.153292066556 
11.321455497399 
9.224222505705 
8.182822571444 
7.091835589780 
7.895161371115 
6.441504437276 
8.779082773820 
9.990164465361 
7.616200532923 
8.380330407973 
7.643963891221 
10.950917611827 
10.542487562234 
8.309813049889 
9.366659171831 
8.770495653749 
9.795623901219 
10.362939156544 
10.686346978311 
9.476849834937 
10.549649768369 
10.821497785752 
10.690556730140 
9.763550235085 
9.535455493534 
8.741610881114 
10.476045256027 
9.747353945868 
11.384111139521 
8.373425341594 
8.865326713718 
7.993169176792 
8.160760838948 
9.327113048878 
8.371196741591 
8.664118363785 
9.196904803342 
7.391003499127 
8.591714775374 
7.938902525856 
9.741516216111 
10.743781038863 
7.313302216705 
8.008199918843 
8.358515764062 
8.747620173175 
8.030292385874 
7.275437411929 
8.901321853253 
8.395211224258 
7.477142057340 
7.950791790705 
6.517578086796 
7.420313653699 
7.605014385184 
9.191439216643 
8.008096224148 
7.230730262173 
7.482441920275 
7.325951853670 
6.021654288510 
5.882485578169 
8.998472864421 
7.006258591582 
8.255922319296 
7.501235248438 
7.978836951389 
9.933378423739 
8.477752684789 
6.731023589762 
7.500486266177 
9.440259526272 
7.302247734958 
9.743020164550 
10.274825436590 
10.639458796501 
9.574215293074 
8.503217712544 
9.641253858992 
8.453988570927 
9.745260640961 
12.006764903316 
10.480908905839 
6.884054879542 
9.309416869796 
8.307975061719 
8.124909318169 
7.258857932814 
8.712657908297 
7.441091049614 
12.018367866423 
7.628015725151 
9.576530515151 
7.520126494231 
10.085211650542 
9.962295825650 
8.236742826743 
10.661490143013 
8.868631796104 
10.764751077228 
8.143091017851 
7.485549375895 
9.492169526635 
7.717584546387 
9.818708214522 
8.968977037725 
7.698746240962 
8.243439693154 
9.638453358634 
10.362788026170 
9.622241767331 
7.359329231361 
7.142910116190 
9.546970223114 
10.885910035758 
12.260186326502 
10.077650577774 
10.669429014863 
7.357387231763 
8.212791085213 
7.417104542061 
8.910641085264 
6.511815839284 
8.445341700261 
9.215368612449 
5.715856315838 
9.672096818587 
13.474258427356 
5.677565410469 
8.031386871897 
8.572232041737 
7.016588502725 
8.699488186655 
7.039724740881 
8.008419139417 
8.891733644114 
8.017098663688 
9.817785606147 
9.860227008015 
9.968968700051 
7.536658218811 
6.658442198787 
10.537021642162 
7.677158085604 
10.315961418682 
8.065344171502 
8.743189300681 
10.594792219909 
6.678070842437 
7.707459731712 
8.761898735727 
7.509022589558 
9.298240367771 
9.636491570240 
9.591163581450 
7.552862949292 
8.983833169072 
8.424031060942 
8.286230120898 
9.825493075918 
9.502395158209 
8.981388066398 
8.286747168303 
7.379995112930 
8.527969914586 
10.894459711145 
8.215733492190 
10.582265399270 
9.402500035494 
7.523524808228 
7.930928699238 
7.558132648030 
7.747453044959 
11.398487197572 
8.884448230704 
7.248178925117 
9.209345448607 
9.893647234467 
9.789165885330 
8.428273517461 
10.301648410663 
11.297401565778 
5.655133263304 
10.744066013616 
9.663486288610 
7.443753616407 
6.998126175289 
9.868039120637 
6.815878146130 
6.557020117575 
8.860498745247 
9.514833247539 
10.918320237672 
9.612565555590 
9.114911347627 
8.124371792250 
6.459098467171 
9.514623069657 
6.060291722154 
7.213072526597 
8.161435313893 
9.837629558651 
9.228041286656 
10.050887948410 
10.259363124579 
11.725629431965 
8.988000794864 
8.342354171559 
8.091099415193 
8.186919315734 
7.823207797259 
7.376929122763 
9.718583958639 
8.520120603494 
7.496380209809 
6.662487060276 
10.371293002995 
8.570235649924 
9.407670680847 
7.484245632448 
9.578875564401 
8.530039111311 
6.320312922921 
9.537201066155 
8.393431146592 
8.385636189116 
9.839675288953 
9.143424132322 
7.576610672911 
6.514792770499 
7.436751648251 
9.149643380042 
10.715911166179 
9.612882623030 
8.687144871337 
7.114217361686 
7.958190373246 
8.432074843003 
7.529441135872 
6.030061468093 
9.120891831911 
8.143459584319 
9.834998313974 
9.161899874891 
12.709505282058 
8.940291436508 
8.663601456088 
8.775229190145 
8.498920958769 
8.896568785479 
11.914993674705 
8.573126595765 
7.718919709632 
9.108321758237 
9.600573903438 
8.136290562642 
7.528749462164 
9.943751752688 
8.819856831953 
8.917212304127 
8.424890734209 
6.517633675066 
8.409777964142 
9.285588424541 
9.147342413526 
8.942854143184 
7.424160183340 
8.526307840371 
8.531797140256 
6.383388686219 
6.153337412014 
6.970653067109 
10.846188720531 
9.076468456722 
6.939867890272 
6.127027688148 
9.408426454226 
7.154345577931 
7.626095423141 
10.744882055432 
9.787278628996 
9.417467530915 
7.888547774563 
6.719443845993 
8.601154373710 
10.324950519891 
8.449678004585 
6.413653258915 
8.211703974513 
8.168093172406 
8.440008368213 
7.081001360160 
8.108214243140 
8.062066197371 
9.717223598217 
6.334674063167 
7.790696924283 
7.196811343055 
8.234455922892 
11.823861492954 
7.388142223791 
8.881904361563 
8.473263439655 
10.149177196904 
9.320943813642 
8.587926809220 
10.804560409896 
11.070256012079 
10.002824347796 
7.370120009495 
7.421430829866 
5.632115732209 
7.465284932388 
7.033051675986 
11.895117614646 
7.523800375861 
7.514174760353 
7.276898182722 
10.787229344989 
8.104337037411 
8.194630579797 
8.811798531267 
9.884728975226 
7.796114332010 
10.359125486636 
11.196043146010 
9.423295636621 
10.334533695217 
9.579204141601 
7.560569447733 
7.363166138074 
8.234685436799 
9.418036127974 
10.708426349882 
6.696283704277 
7.155360048376 
9.770012091602 
8.712626108416 
5.938749770797 
7.098562255468 
10.197059768371 
8.255845797223 
7.117668129906 
9.726676113585 
10.571686183040 
9.898597322508 
7.308709079688 
8.666327728873 
11.831704216503 
9.528966735653 
7.703814160668 
8.791536740275 
7.428737848154 
6.079409262480 
8.498575792373 
11.698897110691 
9.670323429123 
9.107685835194 
8.217165692778 
7.822369935796 
11.591491164054 
6.874600690163 
8.497177729786 
8.657879025239 
9.528759033403 
8.910781500589 
9.478908580207 
10.716971816098 
9.532406197538 
8.794356371399 
9.847388733249 
7.351616529590 
8.615291226708 
7.974474298193 
8.704580982103 
10.111709255303 
9.363902162604 
9.863474664141 
10.044144723446 
8.374401293179 
10.488034075156 
7.416551867854 
7.743456161859 
10.057446284032 
9.564206361346 
10.071937345402 
9.115392931548 
7.771466967249 
9.782002461815 
6.992548894065 
7.419485847075 
6.474775433098 
6.980408071442 
8.653623847466 
8.646763082507 
7.472602179686 
10.912698211718 
7.341506639106 
10.638803792049 
6.609364658016 
8.459653946905 
8.315701702050 
8.270627302748 
8.685728018355 
8.314478354973 
7.606485396590 
7.978065541342 
10.388551066267 
6.823450525858 
9.450773690320 
9.537214957034 
7.289228465875 
9.554956196617 
8.847690886659 
6.861404102107 
8.573023247793 
11.159184015328 
12.559112038579 
9.878072586436 
11.050663766561 
8.358007955281 
8.032874170265 
10.088911261992 
7.681289905855 
8.215880021804 
8.344566636099 
7.455370523763 
9.233931127758 
8.166677900914 
9.012122691439 
8.245988966477 
9.588212509863 
8.127145103405 
8.981719111059 
7.952506481078 
10.314813289750 
8.167674852999 
6.307607851005 
8.986382319394 
12.041436890540 
11.108747639022 
9.098664358221 
8.264901986721 
8.369768905683 
8.432048804148 
10.065307835483 
7.833371464311 
9.639002338282 
8.907920063558 
6.618236013916 
8.333912495614 
10.322988283016 
9.299165032033 
8.260187774977 
8.615608911118 
8.086994587316 
9.615499067584 
9.390377643293 
9.534832713157 
7.970521338704 
8.469068363696 
7.337706361264 
6.736230115063 
6.278292908735 
7.760112880657 
9.287067747503 
7.695043246121 
8.266716030047 
8.042460693401 
8.284297759976 
8.904735204634 
8.576594702353 
11.819394961288 
8.403833296402 
10.057590863786 
8.725770793925 
7.441319544217 
7.831873758476 
8.961605413794 
8.776387098924 
8.421280755033 
8.266046325217 
7.308969144066 
7.318837666485 
11.736251987374 
9.985036477356 
7.177148292368 
8.540745474696 
8.482820711553 
7.619232455874 
9.326143303134 
8.837054220854 
9.269655536412 
9.026133397195 
6.986878311504 
9.373582183070 
9.466477111597 
7.645545220479 
9.142726840964 
10.170319457975 
8.557536320186 
10.618569002988 
10.899263585268 
10.158079993613 
10.261498471420 
8.243227405018 
8.807043912901 
9.672980312966 
6.988429349695 
7.444849901751 
8.098173220995 
8.079111060057 
7.578252091767 
8.773550880141 
8.492246017285 
7.517570458149 
6.666170905229 
9.361389597771 
9.144254728115 
9.252949636064 
7.507740102747 
9.176168508963 
11.497288831940 
10.660741285253 
8.931429077694 
7.227635056981 
8.199416201804 
7.913896176970 
11.102221299565 
10.950242960961 
10.493926981364 
6.969826149233 
8.856054049370 
7.736542837276 
9.965264245953 
7.309846295668 
7.255999708761 
10.400046685282 
9.280395355746 
9.356056079343 
9.318540164849 
9.412182119428 
11.374679058165 
10.503753266516 
12.230958829883 
9.191621583814 
8.776507979342 
9.121677576067 
10.424933429148 
11.987187157365 
11.576227033922 
11.469763132086 
9.015825951353 
9.793362179264 
9.794798194667 
8.541700158400 
8.487333173017 
6.759683888521 
8.709926077495 
6.983906811210 
8.372961980541 
9.266527364101 
8.478818469303 
7.198876059712 
6.528113912558 
8.709634433260 
9.903329685595 
6.208860358612 
9.237202530073 
8.664348538877 
10.353529416408 
11.103753344395 
8.040329920544 
8.096948312501 
10.479159832720 
9.684195299086 
10.124585779085 
9.813424766245 
10.284058769364 
9.923722293729 
9.858340600158 
7.311146153749 
7.252838023641 
9.460579710713 
5.417571555366 
10.291709388448 
7.830847119843 
8.702749848311 
11.096378136227 
10.916501741121 
10.745843045171 
9.235395202380 
8.059401993901 
10.294054637360 
8.087920524176 
9.484149540006 
7.801416120635 
8.192622000294 
6.839788066844 
7.140927142121 
7.631995218623 
8.150093461383 
8.924324113954 
9.360083836420 
8.289288735094 
9.300745002210 
9.099565715198 
9.093384010883 
9.297623835917 
8.748255063036 
8.127433525858 
10.223043014731 
10.246475135882 
7.605478730265 
9.895370117454 
6.828878419027 
8.185555768865 
7.923079149431 
10.225734302787 
8.637180753792 
7.712125350883 
6.421803354900 
7.985228092498 
9.395403784164 
8.778087108367 
7.693789696757 
7.310826387518 
8.790128503314 
10.825151943865 
9.168377384137 
10.781604266354 
9.190487008237 
9.325854428752 
6.486685002605 
6.943290576913 
8.501542111388 
7.001427338394 
7.199319683545 
8.371898284072 
8.039694316118 
6.611894767281 
8.665578488917 
9.090969106612 
9.706392208962 
8.455598597557 
7.254088077016 
7.474342019171 
8.318835227856 
9.477392199865 
11.478639709693 
8.487949104509 
9.094249121113 
9.288923512788 
9.276428709096 
9.541200039822 
9.762159116850 
10.766291654099 
7.648749174878 
6.280194381049 
8.121977467638 
8.221384399872 
10.052690211540 
6.511161460971 
8.013139651374 
8.076785876716 
6.540925096944 
9.059761084564 
6.483073325309 
9.836037976424 
9.351764382669 
9.785486641333 
8.592331872480 
11.371280615751 
8.685543996623 
10.537261815741 
6.992881163155 
8.173306822520 
10.627381114856 
7.325268114731 
8.882683138880 
8.664091440092 
7.602094537144 
6.848772176909 
7.846156207230 
7.558698447519 
9.304543462559 
6.875368960853 
7.155963436833 
8.767935130380 
7.873728893846 
8.903671033258 
12.101366492472 
8.598351312126 
10.383191730255 
6.254092334231 
8.979715156492 
10.050640369981 
7.769485503106 
7.722944936521 
8.883909006481 
8.868766109216 
10.230892951132 
9.170635729165 
7.948775102276 
7.148448715252 
9.822427447079 
10.025940997102 
10.889659823980 
9.579977136070 
10.506034065359 
9.095754009062 
8.573052643974 
9.009214161077 
8.261270393981 
8.374484686724 
5.848809473262 
7.782682565915 
9.910560323882 
11.634839665083 
9.080321972299 
7.281440970787 
8.336883668131 
9.881262813308 
10.442117737385 
7.839917396495 
7.817292784251 
9.148179034864 
10.043639428451 
7.705388815729 
7.836368832091 
7.998812747793 
8.391356254447 
7.682882117584 
11.081510990803 
9.007191080150 
7.951149997156 
8.112567993540 
8.935520776994 
8.966883998687 
9.150469352463 
7.452674142523 
6.726417278371 
6.137125043510 
8.836135734243 
9.349795650612 
10.226944971063 
8.715599622675 
8.361205542884 
9.205685974813 
8.995584011881 
7.828309043271 
8.592949326284 
8.254902760328 
8.159232079582 
9.059694580660 
9.274053564134 
8.373177647994 
8.460693124829 
8.109179494910 
9.895965182717 
8.408206480543 
10.327426983786 
8.345087531151 
8.882267620979 
7.247299665355 
7.290863881263 
10.316631361322 
9.247200675415 
8.651324780642 
8.093296585717 
7.491958371148 
7.929155983191 
11.240461153866 
8.596260834772 
10.156869851251 
8.961651795517 
9.834339062718 
7.998873394579 
8.140310367124 
8.962662868113 
7.749414801918 
9.253458415544 
8.700544696102 
8.466962361899 
6.827323215569 
7.929246159502 
8.043177522273 
8.996820910334 
8.011537052183 
6.846130936582 
8.423175330339 
9.005337928760 
9.812626843473 
9.520928721342 
8.082146642376 
6.147928842072 
6.941581431431 
7.501681787180 
6.901151554976 
8.743970984623 
10.042755642377 
8.632098028909 
10.001673335878 
9.344112397801 
9.080249179653 
10.395989168490 
11.624201808317 
