-2272.767211069947 
-2273.900330438544 
-2273.987170891512 
-2274.756758977473 
-2274.895460982037 
-2275.608512633724 
-2273.710879630460 
-2273.608864468227 
-2271.349979669189 
-2273.846981188171 
-2273.026486762256 
-2272.325820892349 
-2274.030903192374 
-2274.467910279855 
-2274.225375532556 
-2274.954149740175 
-2271.896541371181 
-2273.455884860203 
-2271.848540304874 
-2276.862778238267 
-2274.569647073185 
-2272.649414844818 
-2271.294057063665 
-2273.697350085393 
-2276.559563865856 
-2274.156273757810 
-2272.132866002005 
-2274.231684116118 
-2275.011648387112 
-2273.080368877287 
-2274.395940260169 
-2272.552332134528 
-2272.684616581834 
-2274.098143669247 
-2276.191597789953 
-2275.529255653313 
-2275.572962818677 
-2274.628568866749 
-2272.274676719369 
-2272.196472111962 
-2273.547445293467 
-2272.004193816721 
-2274.167995595848 
-2274.414969412569 
-2274.943109903154 
-2275.021519193511 
-2276.613361086486 
-2272.873137046590 
-2273.077534729627 
-2274.020256121460 
-2272.142966555264 
-2274.091845123599 
-2272.908941351338 
-2275.054869424386 
-2273.824369542408 
-2273.539192247983 
-2273.171122747663 
-2274.441281706148 
-2273.460405902979 
-2273.016849756734 
-2274.734024492493 
-2277.257444883560 
-2272.541125771247 
-2273.083917586953 
-2274.757836261419 
-2273.972617276300 
-2272.291643694852 
-2274.490085934257 
-2277.218127543403 
-2272.844116283482 
-2273.552784086590 
-2273.660295930007 
-2269.101044942899 
-2272.977226573163 
-2274.268941397902 
-2274.621538354245 
-2272.058935228089 
-2276.775958113968 
-2277.768064056443 
-2274.833774669613 
-2270.042188118033 
-2272.238232130159 
-2270.745965716214 
-2272.303486078495 
-2272.379148755480 
-2274.705418766679 
-2271.749338215268 
-2273.613210793322 
-2274.553948852451 
-2274.360352261845 
-2274.534042331314 
-2275.530160793723 
-2277.421658258937 
-2275.244674184247 
-2273.115782872042 
-2271.167878697920 
-2271.475149614717 
-2273.311374875271 
-2273.059097794777 
-2272.180652191118 
-2269.893448624168 
-2272.281949912371 
-2271.421239498878 
-2273.041995245813 
-2276.913766824502 
-2271.150189810772 
-2270.439272913644 
-2272.647091385532 
-2269.968752374997 
-2273.113388965747 
-2273.501314400633 
-2273.716288520531 
-2277.129652708498 
-2271.724298522322 
-2270.973439615505 
-2272.626432158633 
-2274.310229939633 
-2273.230356491808 
-2273.292954875447 
-2273.196234262495 
-2275.022348815814 
-2272.630978517057 
-2273.312934951871 
-2273.317358007500 
-2272.974509225396 
-2270.486242064687 
-2274.012401318612 
-2274.403019276601 
-2274.310206364903 
-2273.942911637161 
-2272.293999852191 
-2269.878721059434 
-2271.860453185463 
-2272.959489299117 
-2272.310361119874 
-2271.050382157273 
-2271.938178665569 
-2271.975397466661 
-2274.234706791314 
-2275.282210238968 
-2272.856558249484 
-2272.016062235889 
-2271.289082934620 
-2275.639467570089 
-2277.578471080084 
-2272.040677026292 
-2272.579324306946 
-2271.270495743425 
-2274.926538648253 
-2279.488489334105 
-2271.861146964099 
-2273.791652418548 
-2274.276997227025 
-2272.500638563562 
-2274.427487458155 
-2275.117753342440 
-2274.365974548186 
-2274.327829020567 
-2272.197318544679 
-2273.468024898783 
-2273.161451259935 
-2273.374220674741 
-2273.348766182663 
-2274.061009634122 
-2274.788812974262 
-2273.484893187384 
-2272.851899982755 
-2272.365099876427 
-2273.534059573064 
-2273.211793954727 
-2272.794712431362 
-2272.339848157132 
-2274.218066574731 
-2272.352124495713 
-2274.857157159186 
-2275.036183304771 
-2272.984312467841 
-2273.271345942120 
-2271.004909240580 
-2272.846952124399 
-2274.192023259948 
-2278.133602015142 
-2273.445322037993 
-2275.387222835601 
-2273.500795465494 
-2273.839406652910 
-2274.357928748822 
-2272.940965547061 
-2272.744541707241 
-2269.674054213161 
-2272.057447325391 
-2273.260061429785 
-2273.023738125233 
-2273.606592775776 
-2275.745727195810 
-2274.633680711336 
-2275.576607481411 
-2274.330351140156 
-2275.141386942479 
-2271.694359257372 
-2273.484295262090 
-2274.398886917315 
-2271.671824389044 
-2273.097970347480 
-2274.461075866186 
-2273.863708415699 
-2274.569825057966 
-2273.175505478152 
-2271.818772194484 
-2272.946712453021 
-2273.898426155102 
-2272.165778505852 
-2274.189661517309 
-2273.250136652581 
-2275.348495279680 
-2275.021361805703 
-2271.191965740807 
-2275.971747639319 
-2273.046208730623 
-2272.068618171409 
-2272.320587616213 
-2273.422119674239 
-2273.160221596760 
-2276.142152779288 
-2274.721805026936 
-2274.252286566590 
-2272.131498126785 
-2273.451717998539 
-2274.623302850626 
-2277.700555173665 
-2272.467480589801 
-2273.295526156165 
-2273.452130118480 
-2271.384853587987 
-2275.848688941021 
-2274.291663479167 
-2274.574389606821 
-2274.227076228231 
-2272.646582836747 
-2272.070353047698 
-2274.389119950508 
-2274.567987862803 
-2274.125760196684 
-2275.388653797855 
-2274.740751133252 
-2273.871624773155 
-2275.645637762026 
-2273.552693300698 
-2272.304333371969 
-2274.390664070727 
-2271.309943349119 
-2275.233821138007 
-2273.707882489543 
-2276.055650029775 
-2274.614632411066 
-2272.086419728102 
-2273.387703461404 
-2272.952300084936 
-2271.751148605914 
-2274.285461272677 
-2274.910021963661 
-2274.453149814764 
-2275.422610517208 
-2273.516517804758 
-2270.548994868858 
-2272.216483588369 
-2273.505515926728 
-2275.690719980376 
-2273.308716008919 
-2274.301392263167 
-2274.011332377012 
-2275.387332655997 
-2272.460709179862 
-2275.572289534789 
-2271.092363705456 
-2275.597099795593 
-2277.172595833922 
-2272.220393942291 
-2272.818304698750 
-2271.648597715201 
-2274.672846131745 
-2276.248932284025 
-2273.362176002078 
-2274.641480790119 
-2272.969145022452 
-2273.846256298676 
-2276.718681862425 
-2271.836569781690 
-2272.936346182940 
-2274.076199220661 
-2274.136788386939 
-2275.660302811603 
-2274.835494269696 
-2272.233958163186 
-2271.953564600446 
-2272.656487065596 
-2271.068772178748 
-2273.088583331285 
-2275.965272962239 
-2272.536816336050 
-2274.542049971197 
-2273.717996504666 
-2272.014548149376 
-2273.411861593974 
-2274.966375610833 
-2276.841641627195 
-2274.304488152444 
-2274.535179974836 
-2274.398110142225 
-2272.122129558524 
-2275.253908929399 
-2271.371538963281 
-2272.127684827404 
-2274.113272045523 
-2273.975506827810 
-2273.509517153154 
-2273.117571041164 
-2275.620999616306 
-2274.863906603711 
-2274.639076691172 
-2274.675491704018 
-2272.183099267907 
-2274.131763882486 
-2275.212255159967 
-2275.507969671960 
-2273.145836119765 
-2273.253134267598 
-2272.492536169464 
-2273.617179915812 
-2272.645833629282 
-2273.311647981370 
-2275.495498902373 
-2272.781858086235 
-2273.943790080712 
-2271.947929614669 
-2273.197708855679 
-2274.085909485392 
-2273.441604775026 
-2274.455607784473 
-2274.477406429689 
-2273.041743742647 
-2274.836259307045 
-2273.851865787259 
-2271.712308209343 
-2272.058095110262 
-2272.553263388827 
-2271.193758160002 
-2272.608059503297 
-2271.312897058452 
-2272.839161157061 
-2273.262306976355 
-2273.364468730928 
-2273.023183613965 
-2272.495386092258 
-2273.540941824730 
-2273.941235193342 
-2274.617249120035 
-2274.162035628112 
-2274.826616663091 
-2272.066141294072 
-2274.156858090500 
-2275.658887582733 
-2273.057571435464 
-2274.215143750476 
-2275.383608186886 
-2275.082335469914 
-2276.258254832552 
-2273.924569602058 
-2272.234326436935 
-2273.584760558725 
-2273.699217271281 
-2275.708691439312 
-2274.841685586263 
-2272.326346846457 
-2273.079256674572 
-2273.498620273384 
-2272.071916416846 
-2273.122322283376 
-2274.238485662585 
-2277.118100819587 
-2273.709508085552 
-2274.674195528707 
-2273.022215287139 
-2273.827905412049 
-2273.988915425500 
-2272.729774785317 
-2274.157622224571 
-2273.967244447667 
-2274.207493106334 
-2273.358036663135 
-2272.561011971810 
-2270.542365890547 
-2276.812151281830 
-2274.188716406823 
-2273.245139977654 
-2271.913835075776 
-2272.484782053601 
-2272.718581390462 
-2273.833407120923 
-2271.985067945478 
-2273.291560747697 
-2274.567032750287 
-2274.131041987274 
-2274.992626897210 
-2274.625391320737 
-2275.503212848193 
-2275.744535614819 
-2273.678492397437 
-2271.834424787252 
-2273.377052562360 
-2273.955527324546 
-2277.263008886605 
-2276.995269190177 
-2272.055128657739 
-2273.220774616534 
-2271.853617554101 
-2270.438548903026 
-2273.655960542327 
-2274.192045433674 
-2273.622185834045 
-2273.756403618811 
-2272.823884229207 
-2273.848673586236 
-2272.601382532725 
-2274.354317197817 
-2273.333585602152 
-2273.783503052260 
-2275.747199925360 
-2274.387545991622 
-2272.041266969091 
-2274.479055862430 
-2273.053623675054 
-2273.821606713460 
-2272.137718239941 
-2272.799010961099 
-2271.452685016927 
-2274.546204695375 
-2271.625289449909 
-2273.853738642430 
-2273.957452357835 
-2273.260396030445 
-2273.245622265785 
-2274.799985365713 
-2272.946669456842 
-2275.390086639530 
-2276.716747919906 
-2275.451920174878 
-2275.406480683675 
-2271.601529632450 
-2273.270186666126 
-2272.904943127559 
-2272.469609125069 
-2273.818815321583 
-2272.381659933523 
-2273.833176378263 
-2272.359639963225 
-2271.834264666145 
-2275.631727812336 
-2273.410495322121 
-2274.630775546185 
-2275.229909522358 
-2273.366697844511 
-2273.569641610924 
-2276.051288144797 
-2276.979881539336 
-2277.186650310703 
-2277.162504282951 
-2272.288067163045 
-2272.440430281866 
-2272.371757846114 
-2272.038504260804 
-2274.743901531920 
-2272.958746634735 
-2272.517504577047 
-2272.196015000073 
-2272.699772367796 
-2274.483974956556 
-2274.908038366509 
-2272.200201886808 
-2274.719582267454 
-2271.320753833091 
-2271.667798648300 
-2272.656909701946 
-2272.998465573496 
-2270.765580273629 
-2275.213447281583 
-2275.067673672901 
-2270.367980786801 
-2270.237449003762 
-2270.234441381839 
-2270.450610230448 
-2276.168904242476 
-2275.699634064550 
-2274.666751202109 
-2275.499164959260 
-2273.896183420212 
-2275.068247565061 
-2273.963685686604 
-2273.602296329952 
-2274.958794636092 
-2272.649316218451 
-2271.294846165898 
-2270.164378056946 
-2275.836007867001 
-2273.745111468652 
-2273.501153877893 
-2274.574420446846 
-2272.322220207672 
-2275.557541105934 
-2274.227939630902 
-2273.120073724781 
-2274.702227612269 
-2275.521208713754 
-2272.656884461046 
-2272.287871368981 
-2277.735496323839 
-2274.216314457133 
-2275.454447244234 
-2274.176273327038 
-2274.399434605813 
-2271.646327334152 
-2271.917082953038 
-2273.689488128397 
-2270.476108858929 
-2273.520350008783 
-2274.916968850832 
-2273.043156058394 
-2274.792001070377 
-2271.897964906980 
-2270.479350214603 
-2271.240306034133 
-2273.189766002366 
-2277.061342644263 
-2271.801677734749 
-2274.306752289103 
-2272.460631541319 
-2272.879278515789 
-2270.464916248616 
-2272.869138188717 
-2275.237499165073 
-2276.068136177950 
-2273.137165826605 
-2273.494101820874 
-2270.888873205726 
-2270.798979769731 
-2273.887329285637 
-2271.295104688851 
-2274.178196421047 
-2272.376973168206 
-2269.246776949363 
-2272.542727053205 
-2276.035689405173 
-2272.461743929086 
-2273.669926177510 
-2274.864609954715 
-2273.645982360500 
-2271.733389510637 
-2273.128285450182 
-2275.645117887376 
-2271.561924098487 
-2274.199629143117 
-2271.644493047409 
-2271.759995915687 
-2273.160447959892 
-2275.510657496350 
-2274.546663812643 
-2274.286829719767 
-2274.807956576592 
-2269.060905463613 
-2274.352158377346 
-2273.747450708718 
-2273.251986318599 
-2270.873462899282 
-2269.682929760147 
-2273.125082930573 
-2272.628404547107 
-2272.946940209507 
-2272.746384903108 
-2274.558194635104 
-2271.528507203982 
-2272.418103574407 
-2273.927327570993 
-2274.278256389412 
-2272.455294225392 
-2271.672531608802 
-2272.321981069248 
-2274.387318511974 
-2275.782738548420 
-2272.132733510074 
-2268.820945044421 
-2274.193912079651 
-2273.432632021517 
-2274.793081672495 
-2272.399816488586 
-2271.979981868197 
-2275.104939391518 
-2270.179310317841 
-2269.437563123242 
-2273.432957884101 
-2272.240007063124 
-2276.436128549782 
-2277.731916202316 
-2273.850816524411 
-2273.790241882129 
-2275.035398110889 
-2271.365695450471 
-2275.954210564841 
-2273.274641316979 
-2274.755669676117 
-2275.672491146554 
-2273.660882379403 
-2275.466000819232 
-2274.301266857688 
-2272.880798776618 
-2269.804309020632 
-2270.022323420930 
-2269.704857749553 
-2274.117764297035 
-2272.868497549573 
-2272.998451505161 
-2273.384973155523 
-2272.234499017991 
-2275.825770941323 
-2273.449041682328 
-2273.400448930641 
-2273.274554224464 
-2269.177762590665 
-2276.031281920944 
-2280.211267394517 
-2275.623159869670 
-2275.287030811145 
-2271.823133604828 
-2273.612645912282 
-2271.570651386206 
-2274.952316835213 
-2275.775200923173 
-2276.088079113067 
-2274.372335862299 
-2273.011348787777 
-2274.111706058626 
-2272.678498268173 
-2272.027216412095 
-2273.124375026722 
-2275.288492810897 
-2272.838073897169 
-2274.343869004331 
-2272.961213388735 
-2275.922734593401 
-2272.040555157021 
-2274.227704163740 
-2272.907361373401 
-2276.411333248907 
-2271.895472477205 
-2274.975713215274 
-2272.137175854420 
-2273.969185248493 
-2276.820445137450 
-2275.275298336261 
-2275.766078551527 
-2275.558494089184 
-2273.637771650212 
-2271.418380512020 
-2271.592268566973 
-2273.800661927035 
-2275.265439307983 
-2272.371720012980 
-2272.474180865653 
-2272.390154774130 
-2274.668653119615 
-2276.655622204348 
-2274.336853713140 
-2274.628554188275 
-2272.085091231042 
-2275.298130538997 
-2272.800910198146 
-2275.754795262282 
-2274.893019846378 
-2270.816125013222 
-2275.142490282811 
-2271.677904784208 
-2273.677819678386 
-2269.901498057648 
-2271.841771584676 
-2273.006539157192 
-2275.131603007169 
-2276.002289899663 
-2275.542530821566 
-2275.019538328652 
-2272.693420556854 
-2274.375895573547 
-2275.327731742429 
-2273.832063107848 
-2277.864658751745 
-2276.317997599323 
-2272.000250732787 
-2273.306577213295 
-2272.735017815854 
-2273.787245803430 
-2271.909515530980 
-2274.865911642580 
-2271.050293388550 
-2270.828930528417 
-2270.867249295058 
-2275.428764096553 
-2272.329282135592 
-2272.674102642204 
-2273.698132522826 
-2274.145058300778 
-2274.970480019758 
-2274.947293862247 
-2274.672757408038 
-2274.927935711125 
-2274.114483102861 
-2270.386795155057 
-2270.951405598817 
-2273.959073118812 
-2275.431370839219 
-2274.559231753038 
-2271.444788040167 
-2273.326627585478 
-2269.625604496827 
-2269.967740495686 
-2275.838658494142 
-2273.296836713452 
-2274.900354895702 
-2275.425668273024 
-2274.071074636875 
-2272.355568270286 
-2272.723889608196 
-2271.302695086223 
-2272.230791757754 
-2269.793329533689 
-2272.855434377905 
-2273.294049348202 
-2272.909983809666 
-2273.446909157425 
-2273.547494847348 
-2275.972506626046 
-2273.418725569177 
-2272.257364723933 
-2274.550075382939 
-2273.505951123471 
-2273.425108611852 
-2273.266305161630 
-2272.777742804477 
-2274.063434379814 
-2271.614420851535 
-2271.683855850628 
-2275.416942343111 
-2274.624514563049 
-2272.438854018740 
-2273.248481731322 
-2272.558323441158 
-2272.753879241490 
-2272.848366709796 
-2277.227369935515 
-2274.624253663900 
-2272.772525585232 
-2274.471949949223 
-2273.823810582713 
-2271.853275458394 
-2272.822149197752 
-2268.429862871832 
-2273.815775103249 
-2274.136656619949 
-2273.460347437607 
-2274.259325151887 
-2273.451012904675 
-2275.447035524949 
-2276.265990601697 
-2272.025931582500 
-2275.154244717587 
-2272.970319067556 
-2273.614730765751 
-2273.431679256475 
-2271.616456996433 
-2272.504213530416 
-2274.224131876493 
-2273.344793205785 
-2273.893197589567 
-2272.616830739218 
-2275.577030856030 
-2272.624447572949 
-2273.989416842855 
-2272.765209229348 
-2272.242941457886 
-2272.436094428839 
-2271.999863421637 
-2271.637691354751 
-2270.886573290953 
-2274.163161213459 
-2270.646635102840 
-2272.215149135555 
-2275.830267663440 
-2276.173466638059 
-2274.672067549418 
-2271.717077781453 
-2274.494073433958 
-2273.780999211468 
-2274.589113820848 
-2273.289323855273 
-2273.392237811116 
-2273.876296296545 
-2274.500448265480 
-2274.366814738236 
-2273.022703681498 
-2273.200588682796 
-2275.431018085550 
-2274.673891109268 
-2277.127005347813 
-2273.218517192810 
-2275.887837797164 
-2273.516309587620 
-2273.873378251697 
-2271.843444028992 
-2274.458117042618 
-2270.724038144891 
-2273.770379560433 
-2273.565546763303 
-2271.270993163303 
-2270.556572087794 
-2275.859995907403 
-2275.344292980726 
-2273.979129411105 
-2275.496427055061 
-2273.075166336363 
-2271.490890399773 
-2272.160160659982 
-2273.066284448600 
-2272.713377977547 
-2274.064685203607 
-2273.860475836057 
-2276.805065037378 
-2274.506261832472 
-2273.513758008862 
-2275.720363190081 
-2272.558853028298 
-2274.149929768321 
-2274.474394774458 
-2273.717601821266 
-2270.807374928931 
-2272.751261055583 
-2273.611491646815 
-2273.493479303273 
-2272.371929177791 
-2273.330492406752 
-2273.979083818823 
-2271.064623726998 
-2272.561257932185 
-2276.231087456430 
-2277.183169036327 
-2276.787641689753 
-2276.831461101830 
-2273.427933399440 
-2275.166333318646 
-2272.548782053648 
-2274.925485157743 
-2272.429319966592 
-2271.791997039080 
-2273.509662878075 
-2273.684657769078 
-2274.051916101229 
-2274.820561177522 
-2275.092964384486 
-2274.615345264540 
-2275.624512566139 
-2276.491941458489 
-2274.939209876075 
-2274.452140685228 
-2275.357986391490 
-2271.678031265717 
-2273.476122170752 
-2269.216148896844 
-2276.425244304926 
-2274.842853462122 
-2272.235891445867 
-2274.357683041061 
-2272.099692978209 
-2270.314285231187 
-2272.677200986005 
-2276.681904256731 
-2273.015301503944 
-2273.797023738599 
-2271.083553496512 
-2275.044252823172 
-2273.458649469966 
-2272.769015370602 
-2270.306233592992 
-2271.530278787928 
-2273.620645617953 
-2273.218810512866 
-2274.084125144435 
-2269.383812163670 
-2271.579174608692 
-2274.297980668790 
-2274.679036411640 
-2276.517786678137 
-2270.532623696138 
-2271.431362206013 
-2273.864288033009 
-2272.836492647374 
-2274.110969002199 
-2269.964023293792 
-2277.961771051904 
-2274.195255565555 
-2273.131753098425 
-2273.829863961047 
-2273.196484551941 
-2271.113826858323 
-2276.274753690496 
-2275.873678193915 
-2274.281067019950 
-2274.168362589559 
-2273.992231894975 
-2271.798287560596 
-2276.661927742118 
-2273.715041753914 
-2273.050041523235 
-2271.253926978260 
-2271.842658926402 
-2270.700756180524 
-2272.385115848306 
-2271.607713403816 
-2273.702312631337 
-2275.713337361673 
-2272.844502534214 
-2274.392915271751 
-2273.898326954581 
-2271.043276879951 
-2275.462362186543 
-2274.413870646294 
-2274.565477138193 
-2273.222517035191 
-2273.468919368192 
-2274.375289582401 
-2273.785497974583 
-2272.645395321910 
-2276.536069209800 
-2276.170422784845 
-2273.616463622846 
-2276.117787351004 
-2273.760963049835 
-2272.404429499833 
-2271.943957680587 
-2275.100044325141 
-2273.299368575808 
-2274.168497395418 
-2272.961690757313 
-2273.764543328657 
-2271.436364035835 
-2273.152429280742 
-2274.467708752099 
-2271.196531510795 
-2274.521249582390 
-2276.178979882437 
-2274.482341835843 
-2270.699556466627 
-2271.477549919473 
-2270.792747041343 
-2272.230943993592 
-2270.419722210172 
-2272.660279644282 
-2270.985653776743 
-2272.046777090930 
-2274.455079022822 
-2274.858833167245 
-2272.363488103682 
-2271.965932977692 
-2273.947437826667 
-2272.082759607379 
-2273.476987055647 
-2275.986129183510 
-2273.707296662353 
-2273.825325499855 
-2271.790363302802 
-2274.554073467440 
-2271.452179279483 
-2274.427246275484 
-2274.964540209551 
-2273.923298929987 
-2273.605159874136 
-2272.456518670637 
-2272.042311846361 
-2271.750071239753 
-2270.864030592564 
-2273.898748869534 
-2276.763451226857 
-2273.620178331941 
-2274.574801919260 
-2273.084745779328 
-2273.611191205371 
-2272.881061709169 
-2276.543670124247 
-2273.296703034532 
-2272.848598682290 
-2272.016636482030 
-2274.514471219377 
-2272.816804193471 
-2273.443192232856 
-2272.576209558768 
-2276.216968983471 
-2274.137626862352 
-2276.771559681483 
-2274.858134400209 
-2272.630120338610 
-2273.948384958655 
-2274.638066849353 
-2271.104715357410 
-2274.542129651083 
-2273.724258190622 
-2272.005169247757 
-2269.730040755291 
-2274.133838232641 
-2273.137089786874 
-2274.881221260428 
-2271.203699048704 
-2273.104128550051 
-2272.374128834284 
-2273.458907860771 
-2274.651071115264 
-2270.917523404789 
-2272.334445460541 
-2271.429082519775 
-2273.518675838864 
-2276.095100122467 
-2275.066214529564 
-2274.730553167820 
-2272.386460323172 
-2271.626294254782 
-2271.625126162236 
-2271.906818123683 
-2275.961322918642 
-2273.215890771301 
-2270.321173454125 
-2271.314537751428 
-2276.920983639088 
-2272.356376242290 
-2274.543011555839 
-2274.088726631390 
-2272.346734128338 
-2272.788824767752 
-2268.185320602101 
-2273.126652137889 
-2274.055784403643 
-2275.741455864773 
-2275.092434045030 
-2274.029697584587 
-2276.166295956823 
-2270.376883828792 
-2273.275593602038 
-2274.266463604595 
-2273.711146672204 
-2274.462137125951 
-2272.177447190582 
-2274.481336233172 
-2273.019732430271 
-2273.716679244595 
-2275.484574106397 
-2272.565924823893 
-2274.634990489224 
-2276.219292986418 
-2272.455871169270 
-2273.456699358993 
-2272.126430433005 
-2273.137616894994 
-2269.811241304401 
-2273.313570012374 
-2272.081867650208 
-2272.749815558130 
-2274.083300111004 
-2274.268999682555 
-2276.615760162599 
-2273.591391563833 
-2271.992412736681 
-2274.772087485163 
-2276.319297673062 
-2269.765445234606 
-2272.931549923855 
-2272.801639331314 
-2274.801001572540 
-2277.448161045871 
-2273.879292162355 
-2274.434397214286 
-2273.106272471525 
-2272.235309572797 
-2272.611566511889 
-2270.493228367419 
-2272.342764294485 
-2273.221144492812 
-2271.840104757860 
-2274.615818093838 
-2274.480366833450 
-2275.775171951299 
-2274.750779925484 
-2271.975020810408 
-2272.909330270925 
-2270.658212014097 
-2274.157513991446 
-2274.012512843120 
-2274.323456251846 
-2272.696248044209 
-2271.205637701050 
-2271.238678402037 
-2271.402032770915 
-2274.562632148366 
-2274.110379128187 
-2272.702048153330 
-2275.176833154171 
-2273.668786328571 
-2271.719418175212 
-2271.627104312996 
-2273.855563979159 
-2272.210244619021 
-2273.327051691996 
-2272.979888680020 
-2274.361610933891 
-2277.068946612091 
-2277.148389161324 
-2273.911289492343 
-2271.950054524370 
-2271.136079858336 
-2274.650558584832 
-2276.877725448355 
-2273.243649709061 
-2275.280114355052 
-2277.052955513340 
-2274.768757437463 
-2276.664208716938 
-2273.195187135456 
-2274.017839227152 
-2274.443497724034 
-2272.506682921223 
-2273.877550729650 
-2276.561553057589 
-2276.160835273861 
-2275.182198651679 
-2271.553650171845 
-2273.098601171384 
-2272.291648310961 
-2272.338383902132 
-2271.489841573677 
-2272.107154260053 
-2270.495570616349 
-2275.692071982326 
-2276.669897169471 
-2277.090331276544 
-2274.103369015786 
-2272.395091119651 
-2272.465807239837 
-2274.940715820977 
-2274.179222316412 
-2272.666629355703 
-2276.393375084691 
-2274.824095537220 
-2271.935255974366 
-2272.029781649268 
-2273.897387457871 
-2273.226361764003 
-2273.281763139937 
-2273.001208154556 
-2268.098795599689 
-2273.605347940641 
-2272.435384559788 
-2275.372886019548 
-2273.607157620170 
-2276.904128821656 
-2273.403072494218 
-2274.167698543663 
-2272.451161076830 
-2276.467015696657 
-2271.242663173651 
-2275.320311153606 
-2272.616167778194 
-2273.206898832390 
-2274.584970676692 
-2273.279494987198 
-2272.962192927327 
-2274.431858472228 
-2271.162840346450 
-2271.064198453409 
-2270.167723298664 
-2273.662899423512 
-2274.304799982490 
-2272.539448401952 
-2271.721178087603 
-2273.296560052374 
-2274.665902099246 
-2273.244294362869 
-2274.840417096322 
-2276.073709499300 
-2273.334152665662 
-2273.421779280528 
-2274.468450446955 
-2274.370421808404 
-2273.055869539418 
-2270.616896578594 
-2271.405979618789 
-2273.262082237165 
-2275.296675827776 
-2276.736869174586 
-2273.057389857339 
-2270.741046764802 
-2270.833687301180 
-2272.923305306412 
-2271.111330851056 
-2274.389629783485 
-2272.939257601362 
-2273.984779429882 
-2275.362045305428 
-2274.361413431954 
-2271.956519653325 
-2270.739941899414 
-2272.707644229225 
-2273.174575947168 
-2274.726616485363 
-2273.688318448116 
-2272.186775288613 
-2273.747794019107 
-2273.876004755221 
-2274.007105850060 
-2275.243229728160 
-2271.764286358452 
-2272.305039410757 
-2272.269557577013 
-2275.189237177625 
-2274.280018357216 
-2274.186636658550 
-2276.512542456758 
-2274.445798223653 
-2275.406507684591 
-2272.927867260270 
-2273.652120156636 
-2271.573029696098 
-2275.319440338269 
-2274.874631411900 
-2273.194818359063 
-2273.042987601028 
-2273.603631847479 
-2273.506518244969 
-2273.922567913117 
-2273.798430642907 
-2273.670300005213 
-2274.242694060898 
-2271.884575643844 
-2269.337055997653 
-2274.176553436189 
-2272.514912868070 
-2271.661124575508 
-2273.198583454706 
-2273.614561716054 
-2271.345399626207 
-2273.254489503584 
-2274.077479907249 
-2275.380033722534 
-2274.866622417780 
-2273.526231343701 
-2273.192385582533 
-2275.073471611292 
-2272.288263198297 
-2273.424342546437 
-2273.636878639128 
-2273.411906915064 
-2273.995970529205 
-2273.104311010415 
-2275.553098228771 
-2273.756671766865 
-2271.721556638172 
-2272.143374996374 
-2275.794892822641 
-2272.407741910659 
-2271.346692394451 
-2273.043484830780 
-2273.727633983251 
-2273.134007385045 
-2273.422088651198 
-2273.251650887209 
-2273.874423697451 
-2274.049964020151 
-2272.471702231584 
-2273.925330846524 
-2274.693928960285 
-2274.714974001367 
-2275.402188933952 
-2275.432505913780 
-2276.559911191042 
-2276.280867464267 
-2275.460823601203 
-2274.247074345116 
-2273.427566812089 
-2273.634110954242 
-2273.414062255245 
-2276.359506749971 
-2274.290891610673 
-2274.151928659001 
-2272.030725078287 
-2273.033893337366 
-2272.052264835939 
-2272.253487872353 
-2272.565645132173 
-2272.423802798503 
-2270.230572524890 
-2274.320734316242 
-2274.632565732217 
-2275.330022804205 
-2276.187554906571 
-2276.256902242487 
-2272.728582127884 
-2273.651063211484 
-2273.036126318177 
-2272.380794563707 
-2273.706230837046 
-2272.169925812798 
-2275.336464237811 
-2275.071484700049 
-2274.259975409429 
-2271.374198298427 
-2269.060407598607 
-2272.859608970110 
-2273.199120752482 
-2271.905787013322 
-2272.891115627357 
-2272.185605576280 
-2270.534264649732 
-2274.750480439484 
-2273.388016931975 
-2273.516758151445 
-2271.210760622137 
-2273.018927490470 
-2274.604655241886 
-2273.257602126306 
-2272.979016968985 
-2274.113713837950 
-2275.365591577994 
-2273.577821229019 
-2273.690314412861 
-2274.841854292491 
-2273.316684613448 
-2274.518571713595 
-2271.694723372680 
-2273.278085467124 
-2273.692504583502 
-2271.112821130534 
-2272.452892143365 
-2271.921619621371 
-2272.590068633749 
-2274.710601538100 
-2275.927900086859 
-2274.170189300052 
-2271.689191835009 
-2272.647502979674 
-2274.341642386384 
-2273.564970055244 
-2273.848779486716 
-2274.241809592475 
-2272.952826096965 
-2272.117177265533 
-2272.866968246940 
-2271.708370069837 
-2273.229860652705 
-2274.793937151540 
-2273.530464546719 
-2271.795094056416 
-2272.202499673981 
-2273.278980988017 
-2273.885052333486 
-2270.553489063064 
-2271.069943476551 
-2275.193424481127 
-2276.187458676259 
-2271.247514669449 
-2274.012441325428 
-2273.796887296183 
-2274.330357249034 
-2275.334224964561 
-2274.199650866640 
-2273.259611097073 
-2277.234956498339 
-2271.732546988268 
-2273.349664043308 
-2273.974350999320 
-2276.101478332687 
-2279.726150623881 
-2272.936205412192 
-2273.768185883039 
-2271.727133866586 
-2272.246986110692 
-2271.573548134636 
-2275.511890958070 
-2274.632615249961 
-2276.104619863805 
-2273.088898045602 
-2271.957768989386 
-2272.324934227328 
-2273.423824314294 
-2276.279282239876 
-2272.373479759136 
-2272.988351283927 
-2272.817867911229 
-2273.689164393294 
-2272.653416002822 
-2274.584669685586 
-2274.722434824414 
-2275.334559352435 
-2275.163342871342 
-2275.281099750603 
-2277.403847682644 
-2274.637173581684 
-2272.329637650114 
-2275.556762842799 
-2273.999571398044 
-2273.785082506503 
-2271.846145709366 
-2275.703723463133 
-2273.387600543045 
-2268.966417986268 
-2272.879042580912 
-2275.798480756380 
-2273.823577463072 
-2272.916757609022 
-2273.677653929614 
-2275.039118174738 
-2272.539888541889 
-2273.541827393543 
-2275.265197945330 
-2268.702656948602 
-2272.101102705803 
-2273.513567495503 
-2272.604372845364 
-2271.028502456723 
-2271.976827390949 
-2274.887855639925 
-2275.622455643993 
-2274.164914113996 
-2272.904996826935 
-2273.969808276958 
-2272.512802307137 
-2274.083123486504 
-2276.176631996676 
-2274.898264826234 
-2274.956410925524 
-2271.288797864892 
-2273.596677451839 
-2270.825765168480 
-2273.235773814559 
-2274.899079808198 
-2273.082996170776 
-2272.071422778915 
-2273.500954642281 
-2273.559440411774 
-2273.629906480080 
-2271.475908041878 
-2275.560470660996 
-2274.633429633504 
-2273.339302070084 
-2272.575650652307 
-2272.585700963523 
-2275.306827208933 
-2273.375682342940 
-2274.907380007362 
-2273.227229588522 
-2270.542505925581 
-2270.609134157471 
-2274.882634032744 
-2272.322690072610 
-2275.060071357084 
-2272.951757172473 
-2272.617176371873 
-2276.768388748518 
-2271.160326223118 
-2273.820984573026 
-2271.527287210915 
-2273.105741593112 
-2272.242139464214 
-2273.942928927080 
-2274.255688533915 
-2275.206665974722 
-2275.967776023063 
-2270.215904772746 
-2273.364489956842 
-2269.425086232690 
-2275.072479109755 
-2273.934396723274 
-2274.443630755006 
-2274.928268466212 
-2270.731784110835 
-2273.795024951737 
-2273.053832901949 
-2273.608091511674 
-2271.315549373991 
-2273.173139047089 
-2273.982588742785 
-2271.257709495432 
-2272.309826610604 
-2275.346104604027 
-2275.806978470233 
-2273.701451941847 
-2272.541060376870 
-2275.632746794981 
-2273.871724576604 
-2271.556279841059 
-2274.504269392190 
-2273.991248691922 
-2273.871374732678 
-2270.629204830178 
-2271.793854294293 
-2269.934927626201 
-2274.244859736968 
-2273.028084731107 
-2271.490269294502 
-2274.416731664402 
-2271.999310480822 
-2275.393842416724 
-2273.651012429445 
-2273.433122783442 
-2269.740019769639 
-2274.209621512861 
-2273.670554593385 
-2271.121542373299 
-2273.684219595134 
-2273.311026558488 
-2272.572487490026 
-2272.360841666758 
-2274.421565292043 
-2274.041534646057 
-2274.320309236174 
-2274.489015403116 
-2270.647235735646 
-2272.321588367988 
-2277.098961656156 
-2275.624140505998 
-2274.918277772555 
-2273.601516038958 
-2271.030696744348 
-2272.691658023335 
-2272.415591717895 
-2273.949660843199 
-2272.372881375695 
-2273.432968082002 
-2274.720622152622 
-2274.464525132655 
-2273.157464200006 
-2275.561508851287 
-2274.037469026975 
-2272.269292309672 
-2272.585979383433 
-2274.136894884777 
-2273.425946852516 
-2277.819730736112 
-2273.221973985909 
-2272.671306079174 
-2272.235231743936 
-2272.032150926618 
-2271.836108200295 
-2274.570663615787 
-2273.970014951763 
-2274.882346819062 
-2273.894844161807 
-2273.823168043089 
-2272.776067376504 
-2273.880389418891 
-2273.114317382069 
-2272.966994876430 
-2268.474945297242 
-2273.670079744677 
-2274.338286036659 
-2274.190613019178 
-2274.637488225715 
-2275.876508190558 
-2278.726526483395 
-2275.601857460495 
-2273.784869619130 
-2274.274472584864 
-2273.854382257550 
-2272.402019455319 
-2272.939669320363 
-2273.441247836601 
-2274.112148911638 
-2271.728077850305 
-2277.582151665852 
-2272.722940528189 
-2274.004335169499 
-2271.288432236643 
-2271.355001799368 
-2274.213309913275 
-2274.382415359818 
-2274.708970477348 
-2276.833975716161 
-2277.679150773947 
-2275.314354462438 
-2275.677363713785 
-2273.352643659910 
-2275.239440413685 
-2273.036434212270 
-2273.615698637128 
-2274.451495711814 
-2273.221993480227 
-2273.020898017105 
-2274.489612678840 
-2275.760243129896 
-2277.508710277485 
-2275.647522681866 
-2273.694754742012 
-2274.416143078640 
-2273.509474683879 
-2276.506819072481 
-2275.345542218209 
-2274.518267103893 
-2273.164656105980 
-2272.026012113729 
-2272.791973327695 
-2274.572194826673 
-2275.294878153763 
-2274.703595834379 
-2274.344923837766 
-2271.952807081935 
-2269.932270291266 
-2276.132869922287 
-2272.857954936058 
-2275.110199107098 
-2276.630289385351 
-2272.980098245331 
-2271.513611876896 
-2272.683588552411 
-2275.380128707196 
-2274.791461346171 
-2273.994660226721 
-2273.827512814242 
-2274.483866135800 
-2273.650338666185 
-2274.931725509492 
-2272.239845580881 
-2275.290830755868 
-2274.037263837283 
-2273.554255457921 
-2275.076808973690 
-2268.998463555506 
-2272.037364022450 
-2271.703515563866 
-2275.306697742841 
-2276.598967234310 
-2273.210183072342 
-2273.501961872299 
-2273.944705316389 
-2275.211938313510 
-2272.441615305547 
-2275.621321519413 
-2272.394511910301 
-2269.780221267596 
-2270.518951631521 
-2273.046978182147 
-2273.606210505180 
-2272.592570440665 
-2273.582917974232 
-2272.285284413427 
-2272.444410590558 
-2272.868401320458 
-2274.904731499531 
-2272.625532358755 
-2275.032758879463 
-2275.567632317691 
-2275.996740096944 
-2275.295330962532 
-2272.234804663855 
-2273.181195929927 
-2272.855895947273 
-2272.302674054513 
-2271.561338336619 
-2266.842218405461 
-2273.850431156558 
-2274.848712307343 
-2269.116904342378 
-2272.290372014937 
-2275.591404795188 
-2273.451735135342 
-2274.863597249580 
-2278.162746579221 
-2273.250156964960 
-2275.644880638916 
-2269.920317539771 
-2269.562238949096 
-2273.107240337443 
-2271.160683055517 
-2275.176873770110 
-2272.956755561157 
-2273.819148753370 
-2274.801602704007 
-2275.419603658405 
-2270.767671262101 
-2274.575032356895 
-2271.640547371163 
-2271.397899749993 
-2272.896805736027 
-2274.582820733590 
-2276.209802730837 
-2272.700475220025 
-2272.289145203813 
-2273.739493709806 
-2274.752618719912 
-2273.512134799751 
-2272.322765229904 
-2273.963550043673 
-2275.020064086884 
-2273.817050219317 
-2270.416693009442 
-2272.537795176728 
-2272.907187181282 
-2273.754488337506 
-2274.497970294300 
-2273.349242070462 
-2274.950553630121 
-2273.761862569932 
-2271.704408186132 
-2272.058861661395 
-2274.946591604498 
-2274.326228848761 
-2273.578474849442 
-2269.601882594456 
-2273.917268284777 
-2273.706805254688 
-2275.668637068836 
-2274.032757788988 
-2273.155246467838 
-2274.138452175179 
-2278.445462716524 
-2275.639391654657 
-2275.057006585708 
-2276.651609451797 
-2274.696003832490 
-2275.909780853661 
-2273.536275074647 
-2274.661383402471 
-2274.923768565104 
-2274.002092364578 
-2270.691291173028 
-2272.828805686214 
-2273.219799465231 
-2270.880811052542 
-2271.319085396857 
-2271.880040167658 
-2273.690925043628 
-2274.440270714269 
-2271.355260416207 
-2270.188218914663 
-2272.383804857758 
-2273.022380546083 
-2272.656110499780 
-2273.448060914390 
-2273.040772577506 
-2272.488439042825 
-2273.272771972758 
-2274.284290119924 
-2272.684724618133 
-2274.600655301147 
-2276.619116600641 
-2275.033684880719 
-2276.822387038096 
-2275.065708680993 
-2272.221058664533 
-2274.490403124090 
-2277.406120822307 
-2274.639524353378 
-2273.338164214287 
-2273.238378563157 
-2272.854141310420 
-2275.185108507286 
-2274.623102202647 
-2275.663591609050 
-2274.285978635234 
-2275.936856930637 
-2271.154127933011 
-2271.834508571338 
-2271.710866608856 
-2273.548770369228 
-2274.221781833365 
-2274.889741058299 
-2273.915447328442 
-2273.933122813942 
-2274.701693022037 
-2272.495160637633 
-2273.578738025534 
-2275.281219127725 
-2275.978620284549 
-2274.177857677619 
-2276.413668874647 
-2272.860914221922 
-2271.243929843958 
-2275.150159712861 
-2273.720678551476 
-2276.690043382025 
-2274.667310383387 
-2273.070126596087 
-2277.079894941032 
-2272.558954030801 
-2273.926762316519 
-2275.622097291772 
-2273.463518134578 
-2276.083462026536 
-2275.251569553962 
-2270.992938245713 
-2275.817957938365 
-2272.423450127461 
-2272.866377625275 
-2272.923131040667 
-2272.623409490479 
-2273.168107756147 
-2277.297536256308 
-2274.430894534629 
-2275.597565936234 
-2274.902225685214 
-2272.072901807692 
-2271.116301749429 
-2273.007249848174 
-2274.407696872182 
-2272.561558801496 
-2272.518458493271 
-2272.017867226715 
-2272.640218567601 
-2272.254725600196 
-2273.429992632186 
-2274.323227753339 
-2275.060258313706 
-2275.812379126442 
-2273.259969982632 
-2272.019008792498 
-2272.287636815450 
-2273.136115202392 
-2271.630074859986 
-2276.012936395985 
-2276.861143682577 
-2274.929325355768 
-2274.856178080049 
-2274.107146876999 
-2268.507355160091 
-2272.513415008641 
-2276.068623662763 
-2276.612396878734 
-2276.197298653091 
-2273.745634703859 
-2272.967423212161 
-2272.291114762865 
-2273.619218612018 
-2274.525263858706 
-2274.099971961126 
-2272.203138901920 
-2273.146421073014 
-2274.092877624045 
-2270.550986308026 
-2273.277530931591 
-2272.838502482543 
-2274.928519672393 
-2269.994309185799 
-2274.444477903670 
-2272.731210739854 
-2269.839774644698 
-2274.774705241929 
-2274.916361804434 
-2274.540788582672 
-2274.582064371951 
-2273.096979313733 
-2269.741019692502 
-2275.101204584780 
-2274.143414910060 
-2271.413803146134 
-2271.192790405335 
-2272.490413248411 
-2271.646764357242 
-2272.139143894021 
-2271.918567526790 
-2273.777625169063 
-2275.335830993000 
-2275.323396514936 
-2274.456810226994 
-2272.431672885474 
-2271.245944050872 
-2273.482331619064 
-2273.530638718306 
-2272.690058538208 
-2273.942366766046 
-2274.482687245270 
-2273.635068808033 
-2276.499233556598 
-2276.994543230879 
-2272.883552160872 
-2273.518359119243 
-2273.947568830255 
-2273.768756231125 
-2276.033768606571 
-2273.651572973708 
-2273.037221136752 
-2273.807762609444 
-2272.782470298668 
-2275.454081515247 
-2272.637407064919 
-2273.534342347879 
-2272.955967649128 
-2274.881618174400 
-2272.689278791023 
-2272.168629369731 
-2272.883516252085 
-2274.685807081287 
-2272.594323958054 
-2274.340916933952 
-2276.852186184930 
-2273.793120726275 
-2271.053908918032 
-2272.582038593082 
-2274.038564331109 
-2272.619519427935 
-2273.465434611931 
-2274.136611130388 
-2272.042192200389 
-2273.587687535772 
-2275.538108719092 
-2273.693302794060 
-2275.534430935194 
-2274.171078829565 
-2273.309039529817 
-2273.457188780671 
-2274.596829967153 
-2274.375484523739 
-2277.829451080648 
-2275.182004090696 
-2272.588049096340 
-2271.791296424098 
-2275.970206904296 
-2274.119197812208 
-2275.660728334764 
-2277.804324458759 
-2276.004490182358 
-2273.930669259347 
-2274.105449052763 
-2275.822126901321 
-2275.019414303569 
-2271.067843193630 
-2273.971075264521 
-2272.504431620524 
-2272.287332198503 
-2274.195667766448 
-2274.809476065802 
-2271.427358472366 
-2272.506841684183 
-2274.103466212052 
-2275.541830667489 
-2274.940965695951 
-2271.166170858254 
-2272.348140260561 
-2276.568614072918 
-2274.965077544246 
-2274.907728091168 
-2272.396192491786 
-2273.592874009361 
-2273.643032313484 
-2271.666976655075 
-2275.439025874437 
-2275.122637178416 
-2274.240483677317 
-2274.349244066977 
-2274.838331431235 
-2273.587094036151 
-2271.649598413191 
-2272.894065932166 
-2271.362946346984 
-2274.888643704200 
-2274.311130392441 
-2273.861592064540 
-2272.875174193212 
-2274.085700157788 
-2275.835762051741 
-2273.280848475362 
-2271.200635308445 
-2274.157363200092 
-2275.650318178379 
-2276.413853825219 
-2273.861001359865 
-2275.382524453375 
-2274.103249122586 
-2273.577789428718 
-2275.077365529231 
-2274.698754620150 
-2275.413439831586 
-2274.621695960862 
-2271.902211452955 
-2274.046870895598 
-2273.161684586796 
-2272.683250184545 
-2274.127016473885 
-2272.289655288384 
-2271.327186425220 
-2273.866556582767 
-2270.322351853682 
-2271.651621848333 
-2272.298207790161 
-2273.217826670222 
-2272.913670266087 
-2272.081815215035 
-2271.600207748526 
-2274.485077049129 
-2273.078237481950 
-2278.221400068007 
-2275.023103177055 
-2274.183762440507 
-2273.847950305778 
-2271.165977991680 
-2272.953643204985 
-2274.335909938806 
-2275.569171192181 
-2276.303377424575 
-2277.148794440364 
-2277.649121653429 
-2271.634486204185 
-2273.384507030729 
-2272.560755312208 
-2273.864646934609 
-2271.805946203082 
-2276.538472335409 
-2275.333741167063 
-2268.339133098522 
-2271.815599277378 
-2272.733367750252 
-2269.961039683024 
-2276.090529114676 
-2275.770635588439 
-2274.539034436330 
-2275.613295703505 
-2272.782280766082 
-2274.912005793140 
-2272.353825112794 
-2275.022858595194 
-2278.398893039019 
-2273.727848551331 
-2273.073814628257 
-2273.078872642967 
-2274.665894677598 
-2274.277588775186 
-2274.391396230515 
-2275.521653366695 
-2272.001445369975 
-2274.268449108392 
-2275.244415343395 
-2275.232035994422 
-2274.076363311184 
-2276.221116706182 
-2273.610335815958 
-2272.900173634755 
-2273.013530076224 
-2274.131057336539 
-2275.064633625222 
-2274.372637089877 
-2275.710877381081 
-2274.836068949454 
-2273.848506923513 
-2274.081230295637 
-2274.039373303329 
-2272.861043731243 
-2274.622274092938 
-2272.493740850919 
-2273.706971071873 
-2274.996968515421 
-2273.038805112903 
-2272.032120643124 
-2274.066535765464 
-2273.178721476128 
-2271.330307661792 
-2274.139159583409 
-2270.928738890354 
-2272.608223314688 
-2274.265832894131 
-2273.813161691029 
-2271.263710348620 
-2270.948129332894 
-2275.935785688570 
-2274.452059413341 
-2272.685200656943 
-2273.354028109928 
-2272.441826168954 
-2271.949825719832 
-2271.158195365303 
-2269.278920093286 
-2274.147907401992 
-2272.502407032960 
-2273.113391637847 
-2276.388175494405 
-2273.532671807322 
-2272.631025504366 
-2273.038309928602 
-2270.918738664919 
-2270.745073476226 
-2274.677470186055 
-2270.771850074068 
-2273.099791749111 
-2272.415466235881 
-2275.089956740694 
-2275.684645796130 
-2275.790847960935 
-2272.389431970716 
-2274.563455225659 
-2274.164666548849 
-2273.072903690576 
-2273.593912038766 
-2276.824207921683 
-2271.985596987779 
-2274.427941182045 
-2271.097536656541 
-2273.444963156709 
-2273.702210569915 
-2276.470971160779 
-2274.195004154630 
-2273.934330374469 
-2277.033577718739 
-2272.156924181468 
-2271.553477963880 
-2272.572358461919 
-2273.751303022713 
-2273.010441961547 
-2273.345748260625 
-2270.904413711976 
-2272.805315552349 
-2269.971009156668 
-2272.388915540927 
-2273.052975815499 
-2277.320435068247 
-2274.264283299757 
-2274.002363467463 
-2273.343158346820 
-2274.671743153311 
-2272.309714312301 
-2273.608597565877 
-2270.912877049023 
-2271.948476837866 
-2273.296365675693 
-2276.358423915794 
-2273.613776111630 
-2273.496238861252 
-2273.479265037845 
-2274.020765706115 
-2272.608039030088 
-2273.236750156660 
-2274.305099186126 
-2272.630206917554 
-2273.352389292118 
-2275.072082324669 
-2273.399953802937 
-2274.840536976518 
-2275.476163354381 
-2273.099909688210 
-2272.201613595597 
-2274.849948467617 
-2272.212674406856 
-2271.964302674470 
-2273.378707850989 
-2272.463791781749 
-2274.453032763598 
-2273.752792955550 
-2272.421794206548 
-2271.865476694210 
-2273.140907375337 
-2269.836908399074 
-2275.137144792689 
-2275.384771509438 
-2276.552124670730 
-2272.356214901879 
-2276.868736441118 
-2275.455459732671 
-2273.247742477957 
-2271.487417252557 
-2272.257246661101 
-2274.901945721136 
-2275.285308692481 
-2275.544683795349 
-2275.252108413749 
-2273.599555806693 
-2272.791954762216 
-2272.890596664347 
-2274.321296081347 
-2274.650873855143 
-2273.063767672405 
-2272.072454552048 
-2273.160332626448 
-2273.818997371782 
-2272.144012285172 
-2274.511467540162 
-2274.136830375355 
-2276.100598665470 
-2273.558832477168 
-2275.000243504177 
-2274.180147717295 
-2271.771964389271 
-2272.485608504956 
-2275.868072034467 
-2274.841655798398 
-2274.621828911734 
-2274.669922467331 
-2273.104648059892 
-2273.485224629387 
-2273.095096002620 
-2272.338644891493 
-2274.433382048450 
-2272.466274170762 
-2273.613210257778 
-2272.405928660277 
-2273.340498697115 
-2275.546498930427 
-2272.774385841839 
-2275.927644582596 
-2272.630750241474 
-2276.297114966348 
-2274.541153383197 
-2275.243773926293 
-2273.318949537593 
-2271.856176237510 
-2274.901944095176 
-2274.946485091716 
-2272.780331240972 
-2272.722770912520 
-2274.719472381005 
-2273.189148640603 
-2277.385449164159 
-2273.674127875467 
-2271.019629317008 
-2270.683285807532 
-2272.771630801466 
-2274.438626954892 
-2274.494004235239 
-2272.926619207775 
-2275.860648745831 
-2273.339508395029 
-2275.680470736239 
-2273.174322587181 
-2275.748979343955 
-2272.748405145634 
-2272.557816702972 
-2273.791484522654 
-2273.542178006010 
-2271.236921754712 
-2273.362788604059 
-2272.393584402216 
-2273.934512803159 
-2273.838152054183 
-2272.103251425034 
-2277.655146567357 
-2275.618009219224 
-2274.164568226419 
-2275.527259207469 
-2276.232818131724 
-2272.243777504971 
-2271.239331477621 
-2272.467884356838 
-2271.743882373863 
-2270.848502261596 
-2270.460430797139 
-2274.312748158143 
-2273.986376294642 
-2272.966941796334 
-2274.252627443576 
-2273.455155713679 
-2273.138772823610 
-2271.181478243911 
-2272.769712495980 
-2273.632015418519 
-2274.675116725748 
-2276.153331447728 
-2274.593679071944 
-2272.669725439586 
-2270.587737432922 
-2270.284856298385 
-2273.724030003383 
-2271.625412009550 
-2272.144352352476 
-2273.818014133353 
-2272.878400704479 
-2270.386926138161 
-2274.808491874203 
-2273.911637590323 
-2274.453131488031 
-2272.554296871444 
-2269.706396953418 
-2273.379338042791 
-2274.671673015448 
-2275.919046530463 
-2274.182021497526 
-2276.281470731513 
-2275.915674116191 
-2273.497452015916 
-2274.677582390355 
-2272.269763491222 
-2274.250173809724 
-2276.092976447890 
-2272.898647809795 
-2273.301089578817 
-2277.087591543860 
-2275.544029379322 
-2271.494543738295 
-2274.259611519924 
-2273.307264854976 
-2271.545957031752 
-2274.100018886306 
-2274.178722020635 
-2274.270448925307 
-2273.578134225002 
-2276.155328118721 
-2272.123353762928 
-2273.419975079307 
-2272.397011395503 
-2269.195118864802 
-2274.135915736564 
-2273.188812820294 
-2272.378644422359 
-2273.298287316045 
-2274.036464876290 
-2275.059830728027 
-2275.681195627707 
-2272.262322881784 
-2273.303182484516 
-2271.919072166163 
-2274.074604309936 
-2274.606663950544 
-2270.108742486790 
-2272.143303395119 
-2275.531974722103 
-2274.209536836623 
-2271.229077437818 
-2272.386552936736 
-2274.517185875367 
-2275.396768306037 
-2275.589010122864 
-2273.270997635856 
-2275.340040264301 
-2273.900690535211 
-2272.882302065189 
-2279.230285997287 
-2273.821921922412 
-2272.382224082955 
-2271.963334033037 
-2272.991002692626 
-2271.949167992602 
-2270.211916132489 
-2272.839005759576 
-2276.068856140696 
-2274.313858854469 
-2272.318242126622 
-2272.230971815080 
-2274.897840744930 
-2275.354005493810 
-2273.746770035209 
-2270.961838396674 
-2273.474991081574 
-2274.979592262625 
-2274.422643912071 
-2272.739798657049 
-2271.601631707000 
-2273.775393564154 
-2272.463759802277 
-2273.701061953544 
-2273.137120841793 
-2273.129629482910 
-2273.508281369825 
-2276.264369242666 
-2275.473821461414 
-2271.872862555356 
-2274.252020865121 
-2274.041069133205 
-2273.624681257965 
-2272.883709679395 
-2274.367397849391 
-2275.874779985884 
-2272.339292880124 
-2270.041281067410 
-2274.328704551806 
-2275.831110503676 
-2275.350181335839 
-2274.475504705581 
-2277.370976922462 
-2273.942200488900 
-2279.905612938813 
-2271.772712315980 
-2274.498229779393 
-2271.240612607757 
-2270.380646714914 
-2274.546893008725 
-2275.135129311986 
-2273.081718167711 
-2272.931192485687 
-2273.908451703937 
-2272.002875781532 
-2270.222260452210 
-2272.765062181712 
-2273.702217400049 
-2274.089839744332 
-2273.533654692064 
-2275.251759144867 
-2275.122152413065 
-2272.841755810104 
-2274.111711962003 
-2271.097346512729 
-2274.839163659800 
-2272.606095711304 
-2272.599084054546 
-2273.448277138888 
-2273.051066365902 
-2269.717255473169 
-2273.113849967059 
-2273.838022540473 
-2270.994807265216 
-2273.636415802509 
-2274.423628567081 
-2274.358996938493 
-2275.071038419050 
-2274.790128247199 
-2272.490069822712 
-2275.679631535506 
-2274.570931179455 
-2275.054132949902 
-2272.109703063605 
-2273.543511169793 
-2274.989936113142 
-2274.726298737165 
-2272.529740051426 
-2274.857661051352 
-2272.626219377653 
-2272.477596857268 
-2272.857385338355 
-2275.439588201813 
-2269.067990339106 
-2270.650684210682 
-2273.035889879942 
-2274.592733136679 
-2273.291497057760 
-2272.885682089383 
-2271.923498569383 
-2275.433124348542 
-2273.177449348059 
-2274.645010986349 
-2274.954933429350 
-2273.047879430646 
-2275.377022988895 
-2271.166284198532 
-2273.242486020395 
-2274.498945414648 
-2271.367918739520 
-2270.519188435132 
-2269.437131569432 
-2272.778870323480 
-2275.361909203371 
-2273.683729540997 
-2271.599424675087 
-2273.543859488753 
-2273.172625083884 
-2273.745740662939 
-2273.985179359807 
-2272.044260048487 
-2272.495468385459 
-2273.146502882884 
-2269.326179997343 
-2273.650981085026 
-2274.899379124143 
-2272.435199720225 
-2275.408650342585 
-2275.186026284429 
-2271.752529958768 
-2276.326319086107 
-2276.130517571358 
-2274.577186209609 
-2271.645028233825 
-2272.199195932695 
-2273.134931989824 
-2273.984485890554 
-2273.377694470760 
-2272.823253474360 
-2271.538174726064 
-2273.312600244595 
-2276.886444843881 
-2272.959113639189 
-2275.760273533092 
-2276.135030929657 
-2272.542161172594 
-2275.444732004867 
-2273.747072012587 
-2272.098314654751 
-2272.537417162930 
-2276.591824642231 
-2273.064898258407 
-2273.041138665943 
-2274.297717349669 
-2276.222407974017 
-2272.204503937738 
-2273.395183167337 
-2274.468952791150 
-2271.497140309559 
-2272.285008807730 
-2273.007274143876 
-2273.249147746507 
-2273.658969875865 
-2273.822692964253 
-2273.967126987814 
-2274.412213467925 
-2275.317593608941 
-2274.307079905611 
-2275.915013463058 
-2273.899149281448 
-2274.729692248849 
-2273.542807473935 
-2272.312825101027 
-2273.246436944056 
-2275.065977514640 
-2275.330283789906 
-2273.525704595412 
-2274.418328880874 
-2275.064525088297 
-2272.775074669461 
-2275.372754472151 
-2274.091662532718 
-2273.525554242513 
-2274.637096143730 
-2273.615512092789 
-2275.443115315150 
-2275.567144007696 
-2273.937285965735 
-2274.558773231400 
-2272.985688668759 
-2276.730941930117 
-2272.821223380034 
-2273.181312639309 
-2274.002240310016 
-2272.250950797977 
-2273.125986505436 
-2271.198480479159 
-2271.019740749791 
-2272.904605262636 
-2273.819285028909 
-2274.146262583890 
-2272.262885306894 
-2273.198526828717 
-2270.819035651922 
-2271.445431127846 
-2270.443588449288 
-2271.769520683463 
-2272.955389038834 
-2273.356010955010 
-2271.932009575945 
-2271.345547394094 
-2274.124918179478 
-2270.555227050224 
-2274.227354815729 
-2273.022979659282 
-2271.569313833779 
-2272.818746310200 
-2273.456151098480 
-2273.021305970847 
-2272.871805820113 
-2273.507143176247 
-2276.283499434093 
-2272.465115662344 
-2271.571668993520 
-2272.299566470355 
-2271.736646719396 
-2274.090606292655 
-2274.015777007133 
-2271.609675308287 
-2272.604693987536 
-2272.095326870345 
-2272.691566790771 
-2273.093887070532 
-2273.953796293461 
-2274.668304173848 
-2269.740964594407 
-2274.230031024276 
-2274.864728269616 
-2270.887377541724 
-2272.662783616728 
-2276.688423063421 
-2274.201566415303 
-2272.550886642580 
-2271.672990052294 
-2274.534883254968 
-2272.482113857953 
-2272.197613659651 
-2268.597951586743 
-2273.072930117523 
-2276.317142987861 
-2273.236342698761 
-2273.019072566380 
-2272.388599935109 
-2271.955032124150 
-2273.936886794201 
-2271.850420281644 
-2274.437892264167 
-2275.152738450799 
-2270.677588914778 
-2270.810642830382 
-2272.828568569284 
-2275.771829404962 
-2276.432298542381 
-2275.381456074724 
-2275.494680168904 
-2275.181108793465 
-2273.177250273939 
-2272.966439919831 
-2273.700156203108 
-2274.980063153593 
-2273.322037376504 
-2274.641553875602 
-2272.721786030871 
-2270.418638759375 
-2277.182804802840 
-2273.002651300349 
-2271.199918154360 
-2273.135796067490 
-2273.074521029098 
-2273.132868834297 
-2274.173906131446 
-2274.964372519451 
-2276.185437095534 
-2272.062320793619 
-2271.721456026281 
-2274.897567667503 
-2273.521177491444 
-2271.793271301514 
-2273.721248671264 
-2274.269358758924 
-2274.980682685486 
-2272.973426384330 
-2276.854579929155 
-2274.008167420066 
-2274.844057076250 
-2273.060691109750 
-2276.178637617600 
-2275.613250649104 
-2274.710270786620 
-2275.663394741848 
-2275.613718396850 
-2274.819214923072 
-2270.121660478091 
-2272.099485603568 
-2274.779033528100 
-2273.474451520075 
-2273.346625881190 
-2274.635445989445 
-2272.330964624359 
-2275.036738752235 
-2273.410351707435 
-2273.712200270303 
-2271.602634499525 
-2272.373348981656 
-2274.903894654178 
-2274.458908645290 
-2274.634929059086 
-2272.019802395874 
-2272.687496529924 
-2275.644447106853 
-2274.362102136216 
-2275.014938100430 
-2276.740507313703 
-2276.134645969490 
-2273.634030058590 
-2273.914192469188 
-2273.108364785011 
-2277.341511030661 
-2277.500161300750 
-2278.244242141383 
-2274.155138415942 
-2273.391415472676 
-2272.736437254570 
-2274.248382171221 
-2273.082223502913 
-2272.572701569359 
-2273.894916540184 
-2271.687061908156 
-2272.326777230276 
-2271.558164241657 
-2273.389996273599 
-2271.246461847534 
-2272.245875559219 
-2271.640451119480 
-2272.333769912517 
-2272.121140299853 
-2273.244194106666 
-2270.877419009990 
-2272.013118964518 
-2273.996228448821 
-2273.571590864743 
-2273.256894240666 
-2271.847750865694 
-2273.193145291171 
-2270.796812070483 
-2273.675455909534 
-2274.077282923830 
-2272.666754061432 
-2276.055345588066 
-2272.571701689409 
-2273.999146458027 
-2272.414798652891 
-2271.551727603333 
-2273.565490011256 
-2272.382662525495 
-2273.883821230142 
-2276.010020125384 
-2272.300395726240 
-2274.395346694138 
-2271.737668498935 
-2272.634946731853 
-2274.434616613232 
-2271.582715542116 
-2271.871329810590 
-2272.984601931886 
-2272.121563488394 
-2272.911048387775 
-2273.939913695914 
-2271.012063111902 
-2271.815569633911 
-2273.652866543132 
-2275.818831788190 
-2271.947438724218 
-2274.301240240562 
-2274.394851968884 
-2275.140197207273 
-2273.266738930538 
-2274.697787964781 
-2272.843302038018 
-2273.990012455803 
-2274.130649446602 
-2272.421945700819 
-2274.640378423861 
-2272.605668421532 
-2273.168092514258 
-2274.642802899428 
-2275.240801925856 
-2270.606789835545 
-2274.679849007870 
-2272.502817899527 
-2270.715469429531 
-2275.315331089870 
-2274.305255609501 
-2275.320204840934 
-2273.351212140392 
-2274.177098392455 
-2271.815769537326 
-2275.217274193940 
-2274.433643656067 
-2271.498691920807 
-2273.110396285059 
-2272.992866225065 
-2273.164527258905 
-2271.363585450901 
-2273.458977314077 
-2272.855808857966 
-2274.140352252109 
-2272.893386584346 
-2274.127154978645 
-2271.140267065198 
-2271.420609208108 
-2273.435358172022 
-2272.970264854974 
-2273.714253678120 
-2274.863111763254 
-2275.513781874247 
-2275.065652178999 
-2273.607235709622 
-2275.400677370836 
-2272.782353403827 
-2274.062861672237 
-2273.849839723010 
-2273.680373356463 
-2279.444716012305 
-2271.683247084306 
-2272.294885466042 
-2275.822213496829 
-2276.498756146832 
-2275.099786922049 
-2274.411768889305 
-2276.452538106313 
-2276.636187190909 
-2276.272192475088 
-2272.646519698664 
-2271.935678432566 
-2277.060857386869 
-2277.358135415196 
-2276.333111968924 
-2272.994537544791 
-2274.221563463826 
-2273.776625248154 
-2273.394247892212 
-2276.003574908369 
-2275.525819288554 
-2276.328382752062 
-2277.805393438552 
-2276.905713049834 
-2274.541901070701 
-2272.931509609490 
-2273.359437410753 
-2275.221962440226 
-2275.755063690426 
-2275.048972650039 
-2274.239901966237 
-2278.788114198626 
-2275.580442517105 
-2279.803823114888 
-2274.396208683550 
-2271.653183476375 
-2273.916912693952 
-2273.370840869627 
-2275.507973940267 
-2273.714407300659 
-2271.985576765822 
-2270.893297616286 
-2271.045036952651 
-2271.973448546077 
-2273.090829827309 
-2274.057979245087 
-2274.903341086190 
-2275.756029712890 
-2273.307972212406 
-2270.879138399774 
-2273.219017816652 
-2271.755164942238 
-2272.352995528205 
-2272.981690662160 
-2270.334632870566 
-2272.736566059605 
-2270.452867287721 
-2275.143797646655 
-2274.475250438467 
-2272.663106329827 
-2275.004311518605 
-2272.816735624632 
-2277.525955202027 
-2272.933511829468 
-2273.776106025600 
-2272.357693804924 
-2274.485309278706 
-2273.497163885648 
-2270.499489302520 
-2272.957072527615 
-2272.136852357206 
-2275.804138160937 
-2273.814955662200 
-2274.408489632128 
-2272.029093802073 
-2273.761560181803 
-2271.616066652374 
-2268.795494164737 
-2273.050912263026 
-2275.370484463822 
-2275.795854339231 
-2276.660825997330 
-2274.854322073120 
-2275.105385297097 
-2272.809515296661 
-2273.061948913679 
-2272.283073510093 
-2274.988352339083 
-2272.996053583683 
-2272.401054245240 
-2273.020923886561 
-2273.243179668493 
-2274.755566041331 
-2270.549285191596 
-2274.242949751599 
-2274.613708815035 
-2275.261473548679 
-2274.139186916210 
-2275.478142679498 
-2272.256142443270 
-2272.970238238191 
-2274.246437771818 
-2273.742195229010 
-2274.984709668812 
-2273.321831716433 
-2271.872622652794 
-2272.520552027762 
-2276.097981735268 
-2272.331443233007 
-2271.067126727683 
-2271.694089338871 
-2273.257886165871 
-2271.792002509350 
-2272.803908773393 
-2275.399650982110 
-2275.335908186116 
-2275.465784296714 
-2275.136408357402 
-2275.798262214005 
-2271.481560558487 
-2270.701263844969 
-2273.964104316168 
-2273.383634999904 
-2275.799782146996 
-2272.942405788385 
-2275.710255836909 
-2274.981466865252 
-2273.735355505053 
-2273.588765597156 
-2272.837803416000 
-2271.031258613100 
-2273.442661941343 
-2274.802764317787 
-2274.674104697458 
-2273.973675087623 
-2273.143560305127 
-2272.194555139257 
-2273.755493924965 
-2274.967349210281 
-2274.222379169957 
-2274.168065016343 
-2274.757689091291 
-2276.137942566090 
-2271.812143122415 
-2273.828123194548 
-2272.813062899992 
-2275.904362115582 
-2276.000057726852 
-2271.089966373564 
-2271.755985839528 
-2271.397735911527 
-2273.354084783633 
-2275.152311398273 
-2273.168607058861 
-2274.874270652890 
-2274.350194520504 
-2274.918617835333 
-2276.654653233604 
-2273.703367857760 
-2271.236099904078 
-2270.465676222401 
-2271.753626533138 
-2269.561974105126 
-2273.505441722111 
-2275.109938525489 
-2274.075201737123 
-2275.957554734401 
-2273.182238979030 
-2272.416747633965 
-2276.538136039975 
-2274.196839474496 
-2274.640179138884 
-2274.974394571216 
-2274.424779562768 
-2272.404070610216 
-2274.782908725846 
-2273.244507294000 
-2273.823627147116 
-2274.556683211266 
-2272.869663947871 
-2274.789381589072 
-2273.716962615773 
-2273.616360707224 
-2276.847432160236 
-2271.133843564226 
-2272.416253794473 
-2273.463633784741 
-2274.743644705119 
-2276.723482048199 
-2273.673002501788 
-2273.209831991650 
-2272.774203372555 
-2274.451262405198 
-2272.737174720807 
-2273.585022217761 
-2275.970331115708 
-2274.654331138770 
-2274.246923126228 
-2277.878970710317 
-2271.842878942370 
-2272.586918414000 
-2274.607868009250 
-2274.295181766187 
-2274.905422108278 
-2275.466027014797 
-2272.978479511017 
-2274.849402908538 
-2274.346468928474 
-2274.365974021586 
-2272.545300840161 
-2276.047131713362 
-2273.627738144154 
-2273.389046603975 
-2272.544608259959 
-2274.292894095052 
-2275.556455004322 
-2274.863878275932 
-2276.299814947353 
-2274.259113523982 
-2271.502808256183 
-2271.714201699116 
-2275.434126270307 
-2271.788235613215 
-2275.144053750889 
-2272.740470085545 
-2273.644715533383 
-2271.957560861251 
-2273.383210398648 
-2274.823012242959 
-2274.021667849350 
-2272.361772376329 
-2272.787953974741 
-2274.285979900027 
-2272.726834879978 
-2271.675112616386 
-2272.142091837897 
-2275.398684052018 
-2275.817438957624 
-2273.345788086157 
-2271.601866095287 
-2271.610522692254 
-2273.876758020941 
-2276.443163001915 
-2273.984639366900 
-2274.849761339624 
-2271.457869816513 
-2275.729948730100 
-2272.706868992546 
-2272.141405259390 
-2271.656101679665 
-2272.443705516306 
-2273.401608517624 
-2269.657929876727 
-2273.597769128830 
-2274.914555430852 
-2274.342827957207 
-2274.565597478494 
-2276.114309136444 
-2272.879894311478 
-2272.230848547258 
-2274.055565435518 
-2270.404843556209 
-2271.011169648860 
-2272.805616452525 
-2273.544511369506 
-2273.877638787792 
-2272.143206663788 
-2269.010983666235 
-2270.288500007391 
-2272.642053183587 
-2272.432567060681 
-2275.037421419701 
-2274.061801685100 
-2276.521617455923 
-2273.109076636564 
-2275.369506848129 
-2273.080149937113 
-2273.716489623433 
-2276.689368918156 
-2272.269200890333 
-2272.956498292658 
-2273.810858585910 
-2273.372115062068 
-2277.240260791568 
-2275.274042969853 
-2276.924632834415 
-2271.420764846538 
-2276.243282552813 
-2272.176789828764 
-2273.342164978234 
-2272.299858516070 
-2270.942172444972 
-2273.528929322221 
-2273.798972755217 
-2272.097202787061 
-2273.775618376491 
-2272.936843215992 
-2273.393946887251 
-2273.291450543380 
-2274.620309713573 
-2273.313741695044 
-2275.399562422770 
-2274.387658796162 
-2274.187828958206 
-2277.081609887494 
-2271.534791646994 
-2274.510281030089 
-2274.325111857960 
-2271.484281910721 
-2270.786459476275 
-2271.814341625745 
-2272.906695587262 
-2273.415889611265 
-2274.802239254196 
-2273.673482745757 
-2273.514413263103 
-2274.128404672784 
-2275.056613119380 
-2272.045268658127 
-2273.111497366810 
-2276.367229718129 
-2275.555207394317 
-2274.284032212465 
-2270.454989356824 
-2273.513567687809 
-2271.596064435728 
-2270.703531362858 
-2272.479931922635 
-2273.141934428087 
-2274.050981300380 
-2274.477186439597 
-2274.267687678080 
-2274.108978458190 
-2270.413417812897 
-2274.818943222031 
-2271.747429618771 
-2274.751610217987 
-2272.828928812433 
-2274.022115883132 
-2271.430936859446 
-2273.260107440496 
-2275.537823379812 
-2274.881943797530 
-2276.705535069492 
-2273.811480790412 
-2271.563668543644 
-2274.713024653595 
-2275.050533235099 
-2274.248315453242 
-2273.835039761711 
-2273.840715353632 
-2274.599017505278 
-2275.117134859100 
-2273.532185077641 
-2271.091146026401 
-2272.516735698485 
-2273.217969540842 
-2274.827290392612 
-2273.006611636266 
-2272.702523148154 
-2273.768034083961 
-2274.060924856005 
-2270.025811840081 
-2273.208441822436 
-2274.120257886663 
-2271.653844438885 
-2270.865908678304 
-2275.048892611975 
-2273.526407762338 
-2273.998133974773 
-2275.086954620843 
-2272.094889582864 
-2273.478729065593 
-2274.694069778740 
-2271.302217092011 
-2272.786583712464 
-2272.039761200602 
-2273.597272514977 
-2275.983041244631 
-2275.552265653454 
-2273.968442947882 
-2273.937430943325 
-2274.640262933320 
-2273.247740306978 
-2273.616257446219 
-2274.974546305090 
-2276.187878179424 
-2271.571484763172 
-2272.931086584765 
-2273.559502015822 
-2273.803253980936 
-2273.417405203387 
-2273.937272805498 
-2272.118854624510 
-2273.217150593104 
-2271.164531593550 
-2272.079458026515 
-2273.989599988960 
-2273.260679011649 
-2272.348051270040 
-2272.974559624507 
-2273.088556816228 
-2273.576363698397 
-2274.775183773023 
-2272.664854799218 
-2272.373604349357 
-2273.285409395077 
-2269.400439067706 
-2269.788178259056 
-2273.398621175205 
-2271.453550481996 
-2274.453798481528 
-2272.260568119334 
-2275.474250127765 
-2273.813339500984 
-2276.609352304720 
-2276.879476687520 
-2274.536935069207 
-2273.395769014641 
-2273.856929040812 
-2272.743348245467 
-2273.927452315345 
-2271.574339314123 
-2274.615088510153 
-2272.615211802316 
-2273.799652363691 
-2272.504422318202 
-2272.652748862786 
-2275.988603342381 
-2273.388775523191 
-2271.943052719728 
-2274.567529505096 
-2271.546614822371 
-2274.913724100768 
-2271.237138564935 
-2273.770937744948 
-2273.755716975332 
-2272.631302571745 
-2270.705889179208 
-2273.204559906883 
-2271.758886802301 
-2273.048367218167 
-2272.210996816192 
-2272.262048694618 
-2271.531208891017 
-2273.758548508275 
-2272.656613407281 
-2273.955129430208 
-2274.333279709324 
-2271.691469481545 
-2275.184560175379 
-2275.316462001813 
-2272.278171043569 
-2273.348610022002 
-2273.967953727819 
-2275.222140371876 
-2273.501653670392 
-2273.636090358774 
-2275.895985456638 
-2274.608824380557 
-2274.061627874082 
-2275.051507134727 
-2272.046603599727 
-2273.742948925671 
-2275.154276753903 
-2273.807853074511 
-2273.553246216657 
-2272.119417652655 
-2273.157186303700 
-2272.597842001753 
-2271.421928408367 
-2268.803441161451 
-2271.804132298094 
-2272.875042375545 
-2273.210593227944 
-2273.476159713073 
-2270.773446990875 
-2272.923979925045 
-2270.767871519656 
-2273.391169753933 
-2273.257551017542 
-2272.823041184047 
-2273.081994480508 
-2272.496868464701 
-2272.857599662871 
-2274.651366317835 
-2275.532014564405 
-2273.304422638046 
-2275.410743388732 
-2277.790522630444 
-2276.599188440267 
-2274.786969848435 
-2272.036681574341 
-2272.820141899969 
-2271.676094292307 
-2271.974208521340 
-2272.433973096354 
-2273.663990475201 
-2272.883447819016 
-2274.455560323973 
-2279.019352783604 
-2275.732845377216 
-2277.959438285656 
-2275.587708300799 
-2275.143038860213 
-2272.886487714415 
-2273.497726614994 
-2275.319058047105 
-2274.369656222083 
-2273.686706086875 
-2273.705215167532 
-2274.525576427229 
-2272.074319742191 
-2273.945943207509 
-2276.704320090130 
-2272.458368905871 
-2270.582315884170 
-2270.826599863556 
-2272.343383523491 
-2274.663064246084 
-2274.489389200952 
-2277.060473111728 
-2271.761572433276 
-2275.443259102555 
-2271.948184607515 
-2276.861641106532 
-2272.404817757449 
-2271.517710489167 
-2273.427395428755 
-2277.966786070092 
-2273.280996431130 
-2272.836413985501 
-2271.473995098150 
-2276.486042598424 
-2275.784522053254 
-2276.599522967039 
-2272.394880697068 
-2273.477704479691 
-2271.269268608251 
-2271.665825786231 
-2274.190220363621 
-2274.883975011186 
-2274.706926980410 
-2273.156784208053 
-2273.229284824580 
-2274.508593436141 
-2276.547130305512 
-2272.499118822789 
-2273.003398118195 
-2272.618623214563 
-2272.358923056892 
-2275.230264684483 
-2275.766928827643 
-2277.539994716902 
-2273.902685029208 
-2271.455027974725 
-2274.101224009977 
-2276.061097142803 
-2273.382913920883 
-2274.126506073465 
-2272.380491000665 
-2274.855437418727 
-2273.407559342133 
-2274.246279646004 
-2271.491773773468 
-2273.282796042093 
-2274.446574433210 
-2274.551324304512 
-2274.768812956122 
-2275.049371510361 
-2276.337974930368 
-2272.438333199646 
-2273.579892213624 
-2272.827530520410 
-2272.457412059099 
-2276.563764928957 
-2271.987143269781 
-2271.556191986582 
-2271.762910310333 
-2270.160948259810 
-2274.877079303648 
-2271.484778470758 
-2276.823258488957 
-2275.593765227350 
-2275.444248655165 
-2273.628123821116 
-2272.196690037832 
-2277.071748025206 
-2273.746042439991 
-2270.634518360549 
-2271.025420353813 
-2270.640234051262 
-2270.265337386871 
-2273.172537630158 
-2274.127201525317 
-2270.001248526851 
-2274.417526394804 
-2275.201921820260 
-2276.312004538105 
-2274.366700982640 
-2274.524017017895 
-2274.043214244329 
-2273.054960511427 
-2268.769767815725 
-2273.566862269177 
-2275.570155395640 
-2271.861204300378 
-2274.517315552252 
-2272.804257202663 
-2271.496953655355 
-2274.497029899308 
-2272.085048351729 
-2273.805164770203 
-2274.195206800378 
-2273.951537388657 
-2273.555032330939 
-2271.224845170507 
-2274.185795499193 
-2273.515060004455 
-2275.509507876866 
-2274.138211415279 
-2274.814073646332 
-2273.895688546527 
-2271.497267903541 
-2270.980499935523 
-2272.645449849017 
-2271.346638670741 
-2273.899832737653 
-2272.771780271231 
-2275.749631140745 
-2272.005058214668 
-2273.301789007006 
-2270.985138491143 
-2274.649763056691 
-2274.652631007630 
-2272.644207245904 
-2274.882236515051 
-2271.208149185079 
-2275.330790240193 
-2274.174597931289 
-2272.030684168993 
-2273.225842230901 
-2274.322378896754 
-2274.929749739327 
-2273.325290948870 
-2272.432330773830 
-2273.827852026294 
-2273.231322286711 
-2271.804890077766 
-2273.823344158456 
-2272.480372370738 
-2273.474110340085 
-2276.524960210548 
-2272.672220698061 
-2274.394710204586 
-2272.288751727464 
-2272.268399152920 
-2274.823394648331 
-2273.322520518327 
-2271.738815198812 
-2272.591636792392 
-2273.184330407695 
-2271.977893974258 
-2272.899853510572 
-2273.441361262246 
-2273.214594036192 
-2272.484559818404 
-2274.568683784124 
-2276.254192466575 
-2274.261861495444 
-2273.108925101529 
-2275.590508069844 
-2272.810300986788 
-2273.623498229078 
-2272.196519461508 
-2275.512400044488 
-2270.046897690248 
-2274.286951600964 
-2273.550794181867 
-2273.897865719910 
-2273.625878215123 
-2273.551416862874 
-2273.607602241565 
-2273.544123381446 
-2272.480489422827 
-2274.151945343877 
-2272.963334085559 
-2272.808590176687 
-2272.100570624614 
-2270.806310948863 
-2271.922368377637 
-2274.149256730450 
-2272.641556218970 
-2274.286436950058 
-2271.931033621908 
-2272.838232155024 
-2276.814398546093 
-2273.541092446789 
-2272.997740149365 
-2274.621059657151 
-2273.822269375527 
-2274.441722773654 
-2275.197112681740 
-2275.589387217441 
-2273.968805547476 
-2272.454686350303 
-2275.419781448265 
-2272.875205898905 
-2274.489347571599 
-2273.876280523126 
-2272.742296791896 
-2274.410253707412 
-2275.064727537354 
-2274.621809561806 
-2275.117743565578 
-2272.407372627478 
-2271.670078127937 
-2271.757737026183 
-2271.350206726382 
-2272.815429317661 
-2272.384422262638 
-2273.600367106268 
-2275.227887447834 
-2274.345768892547 
-2273.367555076999 
-2274.923278141352 
-2272.394506653511 
-2275.014420343482 
-2273.736198378341 
-2272.162034446184 
-2273.958641318568 
-2273.802016888733 
-2274.776140305230 
-2273.035070226254 
-2275.871747396333 
-2271.827274998659 
-2273.014620529859 
-2274.646691086816 
-2271.693604607918 
-2274.771246201576 
-2273.490132843199 
-2273.922653663189 
-2272.302425741492 
-2274.589872588683 
-2271.508353660802 
-2274.863573033886 
-2272.963362939247 
-2271.260739314172 
-2272.467429457796 
-2270.999978951072 
-2274.226180789123 
-2276.218719099164 
-2278.821213033245 
-2276.689604337477 
-2275.151876787439 
-2272.186661080789 
-2272.680109005556 
-2272.137282228796 
-2274.531646020794 
-2272.858692048896 
-2273.384432084863 
-2274.705780720953 
-2274.417290205240 
-2271.713331354421 
-2272.714239548003 
-2275.726139956751 
-2272.075234933249 
-2272.956980341997 
-2273.835950660477 
-2274.099797016240 
-2272.896129844142 
-2275.734903174712 
-2269.953522231515 
-2273.235105268102 
-2275.831878034903 
-2275.005065487117 
-2275.654207005751 
-2274.858511309272 
-2273.679191438036 
-2276.740651550354 
-2274.536845540326 
-2272.490381359473 
-2272.178688402809 
-2275.800884556655 
-2275.414557072104 
-2271.838179361522 
-2275.415631774500 
-2273.573988513722 
-2274.243399704493 
-2272.915286130580 
-2274.236827890740 
-2273.918663183534 
-2274.765876749660 
-2275.819431664670 
-2274.561623654604 
-2273.697798275410 
-2272.465235590500 
-2270.556097813673 
-2273.374090714914 
-2271.272820035042 
-2276.810378002080 
-2271.755515273191 
-2273.541059521334 
-2274.319161075261 
-2274.842160982628 
-2272.887336113807 
-2273.158503654996 
-2273.934360064499 
-2275.846775135194 
-2274.134530255694 
-2273.547602346934 
-2270.886401015795 
-2275.054811748003 
-2274.270133159309 
-2273.937165941541 
-2273.995782324895 
-2274.779353381575 
-2274.080190397566 
-2271.638208228762 
-2273.942624208394 
-2272.101899569944 
-2271.625331677350 
-2273.519152306763 
-2273.080135542170 
-2273.863295757036 
-2275.233262433304 
-2273.479335180167 
-2273.065614323853 
-2275.369362017188 
-2271.620947243214 
-2271.972328666055 
-2272.247469505463 
-2275.465719996483 
-2275.690781700359 
-2273.548141888848 
-2271.163293139150 
-2272.922529498656 
-2275.958594574724 
