# epoch Tc_folded Tref_folded model 
2453644.820098 -0.105571 0.152213     0.000000
2453644.820217 -0.105452 0.152267     0.000000
2453644.820336 -0.105333 0.152320     0.000000
2453644.820455 -0.105215 0.152374     0.000000
2453644.820573 -0.105096 0.152427     0.000000
2453644.820692 -0.104977 0.152481     0.000000
2453644.820811 -0.104858 0.152534     0.000000
2453644.820930 -0.104740 0.152588     0.000000
2453644.821048 -0.104621 0.152641     0.000000
2453644.821167 -0.104502 0.152695     0.000000
2453644.821286 -0.104384 0.152748     0.000000
2453644.821404 -0.104265 0.152802     0.000000
2453644.821523 -0.104146 0.152855     0.000000
2453644.821642 -0.104027 0.152909     0.000000
2453644.821761 -0.103909 0.152962     0.000000
2453644.821879 -0.103790 0.153016     0.000000
2453644.821998 -0.103671 0.153069     0.000000
2453644.822117 -0.103552 0.153123     0.000000
2453644.822236 -0.103434 0.153176     0.000000
2453644.822354 -0.103315 0.153230     0.000000
2453644.822473 -0.103196 0.153283     0.000000
2453644.822592 -0.103078 0.153337     0.000000
2453644.822710 -0.102959 0.153390     0.000000
2453644.822829 -0.102840 0.153444     0.000000
2453644.822948 -0.102721 0.153497     0.000000
2453644.823067 -0.102603 0.153551     0.000000
2453644.823185 -0.102484 0.153604     0.000000
2453644.823304 -0.102365 0.153658     0.000000
2453644.823423 -0.102246 0.153711     0.000000
2453644.823541 -0.102128 0.153765     0.000000
2453644.823660 -0.102009 0.153818     0.000000
2453644.823779 -0.101890 0.153872     0.000000
2453644.823898 -0.101772 0.153925     0.000000
2453644.824016 -0.101653 0.153979     0.000000
2453644.824135 -0.101534 0.154032     0.000000
2453644.824254 -0.101415 0.154086     0.000000
2453644.824373 -0.101297 0.154140     0.000000
2453644.824491 -0.101178 0.154193     0.000000
2453644.824610 -0.101059 0.154247     0.000000
2453644.824729 -0.100941 0.154300     0.000000
2453644.824847 -0.100822 0.154354     0.000000
2453644.824966 -0.100703 0.154407     0.000000
2453644.825085 -0.100584 0.154461     0.000000
2453644.825204 -0.100466 0.154514     0.000000
2453644.825322 -0.100347 0.154568     0.000000
2453644.825441 -0.100228 0.154621     0.000000
2453644.825560 -0.100109 0.154675     0.000000
2453644.825679 -0.099991 0.154728     0.000000
2453644.825797 -0.099872 0.154782     0.000000
2453644.825916 -0.099753 0.154835     0.000000
2453644.826035 -0.099635 0.154889     0.000000
2453644.826153 -0.099516 0.154942     0.000000
2453644.826272 -0.099397 0.154996     0.000000
2453644.826391 -0.099278 0.155049     0.000000
2453644.826510 -0.099160 0.155103     0.000000
2453644.826628 -0.099041 0.155156     0.000000
2453644.826747 -0.098922 0.155210     0.000000
2453644.826866 -0.098803 0.155263     0.000000
2453644.826984 -0.098685 0.155317     0.000000
2453644.827103 -0.098566 0.155370     0.000000
2453644.827222 -0.098447 0.155424     0.000000
2453644.827341 -0.098329 0.155477     0.000000
2453644.827459 -0.098210 0.155531     0.000000
2453644.827578 -0.098091 0.155584     0.000000
2453644.827697 -0.097972 0.155638     0.000000
2453644.827816 -0.097854 0.155691     0.000000
2453644.827934 -0.097735 0.155745     0.000000
2453644.828053 -0.097616 0.155798     0.000000
2453644.828172 -0.097498 0.155852     0.000000
2453644.828290 -0.097379 0.155905     0.000000
2453644.828409 -0.097260 0.155959     0.000000
2453644.828528 -0.097141 0.156013     0.000000
2453644.828647 -0.097023 0.156066     0.000000
2453644.828765 -0.096904 0.156120     0.000000
2453644.828884 -0.096785 0.156173     0.000000
2453644.829003 -0.096666 0.156227     0.000000
2453644.829122 -0.096548 0.156280     0.000000
2453644.829240 -0.096429 0.156334     0.000000
2453644.829359 -0.096310 0.156387     0.000000
2453644.829478 -0.096192 0.156441     0.000000
2453644.829596 -0.096073 0.156494     0.000000
2453644.829715 -0.095954 0.156548     0.000000
2453644.829834 -0.095835 0.156601     0.000000
2453644.829953 -0.095717 0.156655     0.000000
2453644.830071 -0.095598 0.156708     0.000000
2453644.830190 -0.095479 0.156762     0.000000
2453644.830309 -0.095360 0.156815     0.000000
2453644.830427 -0.095242 0.156869     0.000000
2453644.830546 -0.095123 0.156922     0.000000
2453644.830665 -0.095004 0.156976     0.000000
2453644.830784 -0.094886 0.157029     0.000000
2453644.830902 -0.094767 0.157083     0.000000
2453644.831021 -0.094648 0.157136     0.000000
2453644.831140 -0.094529 0.157190     0.000000
2453644.831259 -0.094411 0.157243     0.000000
2453644.831377 -0.094292 0.157297     0.000000
2453644.831496 -0.094173 0.157350     0.000000
2453644.831615 -0.094055 0.157404     0.000000
2453644.831733 -0.093936 0.157457     0.000000
2453644.831852 -0.093817 0.157511     0.000000
2453644.831971 -0.093698 0.157564     0.000000
2453644.832090 -0.093580 0.157618     0.000000
2453644.832208 -0.093461 0.157671     0.000000
2453644.832327 -0.093342 0.157725     0.000000
2453644.832446 -0.093223 0.157778     0.000000
2453644.832565 -0.093105 0.157832     0.000000
2453644.832683 -0.092986 0.157885     0.000000
2453644.832802 -0.092867 0.157939     0.000000
2453644.832921 -0.092749 0.157993     0.000000
2453644.833039 -0.092630 0.158046     0.000000
2453644.833158 -0.092511 0.158100     0.000000
2453644.833277 -0.092392 0.158153     0.000000
2453644.833396 -0.092274 0.158207     0.000000
2453644.833514 -0.092155 0.158260     0.000000
2453644.833633 -0.092036 0.158314     0.000000
2453644.833752 -0.091917 0.158367     0.000000
2453644.833870 -0.091799 0.158421     0.000000
2453644.833989 -0.091680 0.158474     0.000000
2453644.834108 -0.091561 0.158528     0.000000
2453644.834227 -0.091443 0.158581     0.000000
2453644.834345 -0.091324 0.158635     0.000000
2453644.834464 -0.091205 0.158688     0.000000
2453644.834583 -0.091086 0.158742     0.000000
2453644.834702 -0.090968 0.158795     0.000000
2453644.834820 -0.090849 0.158849     0.000000
2453644.834939 -0.090730 0.158902     0.000000
2453644.835058 -0.090612 0.158956     0.000000
2453644.835176 -0.090493 0.159009     0.000000
2453644.835295 -0.090374 0.159063     0.000000
2453644.835414 -0.090255 0.159116     0.000000
2453644.835533 -0.090137 0.159170     0.000000
2453644.835651 -0.090018 0.159223     0.000000
2453644.835770 -0.089899 0.159277     0.000000
2453644.835889 -0.089780 0.159330     0.000000
2453644.836008 -0.089662 0.159384     0.000000
2453644.836126 -0.089543 0.159437     0.000000
2453644.836245 -0.089424 0.159491     0.000000
2453644.836364 -0.089306 0.159544     0.000000
2453644.836482 -0.089187 0.159598     0.000000
2453644.836601 -0.089068 0.159651     0.000000
2453644.836720 -0.088949 0.159705     0.000000
2453644.836839 -0.088831 0.159758     0.000000
2453644.836957 -0.088712 0.159812     0.000000
2453644.837076 -0.088593 0.159865     0.000000
2453644.837195 -0.088474 0.159919     0.000000
2453644.837313 -0.088356 0.159973     0.000000
2453644.837432 -0.088237 0.160026     0.000000
2453644.837551 -0.088118 0.160080     0.000000
2453644.837670 -0.088000 0.160133     0.000000
2453644.837788 -0.087881 0.160187     0.000000
2453644.837907 -0.087762 0.160240     0.000000
2453644.838026 -0.087643 0.160294     0.000000
2453644.838145 -0.087525 0.160347     0.000000
2453644.838263 -0.087406 0.160401     0.000000
2453644.838382 -0.087287 0.160454     0.000000
2453644.838501 -0.087169 0.160508     0.000000
2453644.838619 -0.087050 0.160561     0.000000
2453644.838738 -0.086931 0.160615     0.000000
2453644.838857 -0.086812 0.160668     0.000000
2453644.838976 -0.086694 0.160722     0.000000
2453644.839094 -0.086575 0.160775     0.000000
2453644.839213 -0.086456 0.160829     0.000000
2453644.839332 -0.086337 0.160882     0.000000
2453644.839451 -0.086219 0.160936     0.000000
2453644.839569 -0.086100 0.160989     0.000000
2453644.839688 -0.085981 0.161043     0.000000
2453644.839807 -0.085863 0.161096     0.000000
2453644.839925 -0.085744 0.161150     0.000000
2453644.840044 -0.085625 0.161203     0.000000
2453644.840163 -0.085506 0.161257     0.000000
2453644.840282 -0.085388 0.161310     0.000000
2453644.840400 -0.085269 0.161364     0.000000
2453644.840519 -0.085150 0.161417     0.000000
2453644.840638 -0.085031 0.161471     0.000000
2453644.840756 -0.084913 0.161524     0.000000
2453644.840875 -0.084794 0.161578     0.000000
2453644.840994 -0.084675 0.161631     0.000000
2453644.841113 -0.084557 0.161685     0.000000
2453644.841231 -0.084438 0.161738     0.000000
2453644.841350 -0.084319 0.161792     0.000000
2453644.841469 -0.084200 0.161845     0.000000
2453644.841588 -0.084082 0.161899     0.000000
2453644.841706 -0.083963 0.161953     0.000000
2453644.841825 -0.083844 0.162006     0.000000
2453644.841944 -0.083726 0.162060     0.000000
2453644.842062 -0.083607 0.162113     0.000000
2453644.842181 -0.083488 0.162167     0.000000
2453644.842300 -0.083369 0.162220     0.000000
2453644.842419 -0.083251 0.162274     0.000000
2453644.842537 -0.083132 0.162327     0.000000
2453644.842656 -0.083013 0.162381     0.000000
2453644.842775 -0.082894 0.162434     0.000000
2453644.842894 -0.082776 0.162488     0.000000
2453644.843012 -0.082657 0.162541     0.000000
2453644.843131 -0.082538 0.162595     0.000000
2453644.843250 -0.082420 0.162648     0.000000
2453644.843368 -0.082301 0.162702     0.000000
2453644.843487 -0.082182 0.162755     0.000000
2453644.843606 -0.082063 0.162809     0.000000
2453644.843725 -0.081945 0.162862     0.000000
2453644.843843 -0.081826 0.162916     0.000000
2453644.843962 -0.081707 0.162969     0.000000
2453644.844081 -0.081588 0.163023     0.000000
2453644.844199 -0.081470 0.163076     0.000000
2453644.844318 -0.081351 0.163130     0.000000
2453644.844437 -0.081232 0.163183     0.000000
2453644.844556 -0.081114 0.163237     0.000000
2453644.844674 -0.080995 0.163290     0.000000
2453644.844793 -0.080876 0.163344     0.000000
2453644.844912 -0.080757 0.163397     0.000000
2453644.845031 -0.080639 0.163451     0.000000
2453644.845149 -0.080520 0.163504     0.000000
2453644.845268 -0.080401 0.163558     0.000000
2453644.845387 -0.080283 0.163611     0.000000
2453644.845505 -0.080164 0.163665     0.000000
2453644.845624 -0.080045 0.163718     0.000000
2453644.845743 -0.079926 0.163772     0.000000
2453644.845862 -0.079808 0.163825     0.000000
2453644.845980 -0.079689 0.163879     0.000000
2453644.846099 -0.079570 0.163933     0.000000
2453644.846218 -0.079451 0.163986     0.000000
2453644.846337 -0.079333 0.164040     0.000000
2453644.846455 -0.079214 0.164093     0.000000
2453644.846574 -0.079095 0.164147     0.000000
2453644.846693 -0.078977 0.164200     0.000000
2453644.846811 -0.078858 0.164254     0.000000
2453644.846930 -0.078739 0.164307     0.000000
2453644.847049 -0.078620 0.164361     0.000000
2453644.847168 -0.078502 0.164414     0.000000
2453644.847286 -0.078383 0.164468     0.000000
2453644.847405 -0.078264 0.164521     0.000000
2453644.847524 -0.078145 0.164575     0.000000
2453644.847642 -0.078027 0.164628     0.000000
2453644.847761 -0.077908 0.164682     0.000000
2453644.847880 -0.077789 0.164735     0.000000
2453644.847999 -0.077671 0.164789     0.000000
2453644.848117 -0.077552 0.164842     0.000000
2453644.848236 -0.077433 0.164896     0.000000
2453644.848355 -0.077314 0.164949     0.000000
2453644.848474 -0.077196 0.165003     0.000000
2453644.848592 -0.077077 0.165056     0.000000
2453644.848711 -0.076958 0.165110     0.000000
2453644.848830 -0.076840 0.165163     0.000000
2453644.848948 -0.076721 0.165217     0.000000
2453644.849067 -0.076602 0.165270     0.000000
2453644.849186 -0.076483 0.165324     0.000000
2453644.849305 -0.076365 0.165377     0.000000
2453644.849423 -0.076246 0.165431     0.000000
2453644.849542 -0.076127 0.165484     0.000000
2453644.849661 -0.076008 0.165538     0.000000
2453644.849780 -0.075890 0.165591     0.000000
2453644.849898 -0.075771 0.165645     0.000000
2453644.850017 -0.075652 0.165698     0.000000
2453644.850136 -0.075534 0.165752     0.000000
2453644.850254 -0.075415 0.165806     0.000000
2453644.850373 -0.075296 0.165859     0.000000
2453644.850492 -0.075177 0.165913     0.000000
2453644.850611 -0.075059 0.165966     0.000000
2453644.850729 -0.074940 0.166020     0.000000
2453644.850848 -0.074821 0.166073     0.000000
2453644.850967 -0.074703 0.166127     0.000000
2453644.851085 -0.074584 0.166180     0.000000
2453644.851204 -0.074465 0.166234     0.000000
2453644.851323 -0.074346 0.166287     0.000000
2453644.851442 -0.074228 0.166341     0.000000
2453644.851560 -0.074109 0.166394     0.000000
2453644.851679 -0.073990 0.166448     0.000000
2453644.851798 -0.073871 0.166501     0.000000
2453644.851917 -0.073753 0.166555     0.000000
2453644.852035 -0.073634 0.166608     0.000000
2453644.852154 -0.073515 0.166662     0.000000
2453644.852273 -0.073397 0.166715     0.000000
2453644.852391 -0.073278 0.166769     0.000000
2453644.852510 -0.073159 0.166822     0.000000
2453644.852629 -0.073040 0.166876     0.000000
2453644.852748 -0.072922 0.166929     0.000000
2453644.852866 -0.072803 0.166983     0.000000
2453644.852985 -0.072684 0.167036     0.000000
2453644.853104 -0.072565 0.167090     0.000000
2453644.853223 -0.072447 0.167143     0.000000
2453644.853341 -0.072328 0.167197     0.000000
2453644.853460 -0.072209 0.167250     0.000000
2453644.853579 -0.072091 0.167304     0.000000
2453644.853697 -0.071972 0.167357     0.000000
2453644.853816 -0.071853 0.167411     0.000000
2453644.853935 -0.071734 0.167464     0.000000
2453644.854054 -0.071616 0.167518     0.000000
2453644.854172 -0.071497 0.167571     0.000000
2453644.854291 -0.071378 0.167625     0.000000
2453644.854410 -0.071260 0.167678     0.000000
2453644.854528 -0.071141 0.167732     0.000000
2453644.854647 -0.071022 0.167786     0.000000
2453644.854766 -0.070903 0.167839     0.000000
2453644.854885 -0.070785 0.167893     0.000000
2453644.855003 -0.070666 0.167946     0.000000
2453644.855122 -0.070547 0.168000     0.000000
2453644.855241 -0.070428 0.168053     0.000000
2453644.855360 -0.070310 0.168107     0.000000
2453644.855478 -0.070191 0.168160     0.000000
2453644.855597 -0.070072 0.168214     0.000000
2453644.855716 -0.069954 0.168267     0.000000
2453644.855834 -0.069835 0.168321     0.000000
2453644.855953 -0.069716 0.168374     0.000000
2453644.856072 -0.069597 0.168428     0.000000
2453644.856191 -0.069479 0.168481     0.000000
2453644.856309 -0.069360 0.168535     0.000000
2453644.856428 -0.069241 0.168588     0.000000
2453644.856547 -0.069122 0.168642     0.000000
2453644.856666 -0.069004 0.168695     0.000000
2453644.856784 -0.068885 0.168749     0.000000
2453644.856903 -0.068766 0.168802     0.000000
2453644.857022 -0.068648 0.168856     0.000000
2453644.857140 -0.068529 0.168909     0.000000
2453644.857259 -0.068410 0.168963     0.000000
2453644.857378 -0.068291 0.169016     0.000000
2453644.857497 -0.068173 0.169070     0.000000
2453644.857615 -0.068054 0.169123     0.000000
2453644.857734 -0.067935 0.169177     0.000000
2453644.857853 -0.067817 0.169230     0.000000
2453644.857971 -0.067698 0.169284     0.000000
2453644.858090 -0.067579 0.169337     0.000000
2453644.858209 -0.067460 0.169391     0.000000
2453644.858328 -0.067342 0.169444     0.000000
2453644.858446 -0.067223 0.169498     0.000000
2453644.858565 -0.067104 0.169551     0.000000
2453644.858684 -0.066985 0.169605     0.000000
2453644.858803 -0.066867 0.169658     0.000000
2453644.858921 -0.066748 0.169712     0.000000
2453644.859040 -0.066629 0.169766     0.000000
2453644.859159 -0.066511 0.169819     0.000000
2453644.859277 -0.066392 0.169873     0.000000
2453644.859396 -0.066273 0.169926     0.000000
2453644.859515 -0.066154 0.169980     0.000000
2453644.859634 -0.066036 0.170033     0.000000
2453644.859752 -0.065917 0.170087     0.000000
2453644.859871 -0.065798 0.170140     0.000000
2453644.859990 -0.065679 0.170194     0.000000
2453644.860109 -0.065561 0.170247     0.000000
2453644.860227 -0.065442 0.170301     0.000000
2453644.860346 -0.065323 0.170354     0.000000
2453644.860465 -0.065205 0.170408     0.000000
2453644.860583 -0.065086 0.170461     0.000000
2453644.860702 -0.064967 0.170515     0.000000
2453644.860821 -0.064848 0.170568     0.000000
2453644.860940 -0.064730 0.170622     0.000000
2453644.861058 -0.064611 0.170675     0.000000
2453644.861177 -0.064492 0.170729     0.000000
2453644.861296 -0.064374 0.170782     0.000000
2453644.861414 -0.064255 0.170836     0.000000
2453644.861533 -0.064136 0.170889     0.000000
2453644.861652 -0.064017 0.170943     0.000000
2453644.861771 -0.063899 0.170996     0.000000
2453644.861889 -0.063780 0.171050     0.000000
2453644.862008 -0.063661 0.171103     0.000000
2453644.862127 -0.063542 0.171157     0.000000
2453644.862246 -0.063424 0.171210     0.000000
2453644.862364 -0.063305 0.171264     0.000000
2453644.862483 -0.063186 0.171317     0.000000
2453644.862602 -0.063068 0.171371     0.000000
2453644.862720 -0.062949 0.171424     0.000000
2453644.862839 -0.062830 0.171478     0.000000
2453644.862958 -0.062711 0.171531     0.000000
2453644.863077 -0.062593 0.171585     0.000000
2453644.863195 -0.062474 0.171638     0.000000
2453644.863314 -0.062355 0.171692     0.000000
2453644.863433 -0.062236 0.171746     0.000000
2453644.863552 -0.062118 0.171799     0.000000
2453644.863670 -0.061999 0.171853     0.000000
2453644.863789 -0.061880 0.171906     0.000000
2453644.863908 -0.061762 0.171960     0.000000
2453644.864026 -0.061643 0.172013     0.000000
2453644.864145 -0.061524 0.172067     0.000000
2453644.864264 -0.061405 0.172120     0.000000
2453644.864383 -0.061287 0.172174     0.000000
2453644.864501 -0.061168 0.172227     0.000000
2453644.864620 -0.061049 0.172281     0.000000
2453644.864739 -0.060931 0.172334     0.000000
2453644.864857 -0.060812 0.172388     0.000000
2453644.864976 -0.060693 0.172441     0.000000
2453644.865095 -0.060574 0.172495     0.000000
2453644.865214 -0.060456 0.172548     0.000000
2453644.865332 -0.060337 0.172602     0.000000
2453644.865451 -0.060218 0.172655     0.000000
2453644.865570 -0.060099 0.172709     0.000000
2453644.865689 -0.059981 0.172762     0.000000
2453644.865807 -0.059862 0.172816     0.000000
2453644.865926 -0.059743 0.172869     0.000000
2453644.866045 -0.059625 0.172923     0.000000
2453644.866163 -0.059506 0.172976     0.000000
2453644.866282 -0.059387 0.173030     0.000000
2453644.866401 -0.059268 0.173083     0.000000
2453644.866520 -0.059150 0.173137     0.000000
2453644.866638 -0.059031 0.173190     0.000000
2453644.866757 -0.058912 0.173244     0.000000
2453644.866876 -0.058793 0.173297     0.000000
2453644.866995 -0.058675 0.173351     0.000000
2453644.867113 -0.058556 0.173404     0.000000
2453644.867232 -0.058437 0.173458     0.000000
2453644.867351 -0.058319 0.173511     0.000000
2453644.867469 -0.058200 0.173565     0.000000
2453644.867588 -0.058081 0.173618     0.000000
2453644.867707 -0.057962 0.173672     0.000000
2453644.867826 -0.057844 0.173726     0.000000
2453644.867944 -0.057725 0.173779     0.000000
2453644.868063 -0.057606 0.173833     0.000000
2453644.868182 -0.057488 0.173886     0.000000
2453644.868300 -0.057369 0.173940     0.000000
2453644.868419 -0.057250 0.173993     0.000000
2453644.868538 -0.057131 0.174047     0.000000
2453644.868657 -0.057013 0.174100     0.000000
2453644.868775 -0.056894 0.174154     0.000000
2453644.868894 -0.056775 0.174207     0.000000
2453644.869013 -0.056656 0.174261     0.000000
2453644.869132 -0.056538 0.174314     0.000000
2453644.869250 -0.056419 0.174368     0.000000
2453644.869369 -0.056300 0.174421     0.000000
2453644.869488 -0.056182 0.174475     0.000000
2453644.869606 -0.056063 0.174528     0.000000
2453644.869725 -0.055944 0.174582     0.000000
2453644.869844 -0.055825 0.174635     0.000000
2453644.869963 -0.055707 0.174689     0.000000
2453644.870081 -0.055588 0.174742     0.000000
2453644.870200 -0.055469 0.174796     0.000000
2453644.870319 -0.055350 0.174849     0.000000
2453644.870438 -0.055232 0.174903     0.000000
2453644.870556 -0.055113 0.174956     0.000000
2453644.870675 -0.054994 0.175010     0.000000
2453644.870794 -0.054876 0.175063     0.000000
2453644.870912 -0.054757 0.175117     0.000000
2453644.871031 -0.054638 0.175170     0.000000
2453644.871150 -0.054519 0.175224     0.000000
2453644.871269 -0.054401 0.175277     0.000000
2453644.871387 -0.054282 0.175331     0.000000
2453644.871506 -0.054163 0.175384     0.000000
2453644.871625 -0.054045 0.175438     0.000000
2453644.871743 -0.053926 0.175491     0.000000
2453644.871862 -0.053807 0.175545     0.000000
2453644.871981 -0.053688 0.175599     0.000000
2453644.872100 -0.053570 0.175652     0.000000
2453644.872218 -0.053451 0.175706     0.000000
2453644.872337 -0.053332 0.175759     0.000000
2453644.872456 -0.053213 0.175813     0.000000
2453644.872575 -0.053095 0.175866     0.000000
2453644.872693 -0.052976 0.175920     0.000000
2453644.872812 -0.052857 0.175973     0.000000
2453644.872931 -0.052739 0.176027     0.000000
2453644.873049 -0.052620 0.176080     0.000000
2453644.873168 -0.052501 0.176134     0.000000
2453644.873287 -0.052382 0.176187     0.000000
2453644.873406 -0.052264 0.176241     0.000000
2453644.873524 -0.052145 0.176294     0.000000
2453644.873643 -0.052026 0.176348     0.000000
2453644.873762 -0.051907 0.176401     0.000000
2453644.873881 -0.051789 0.176455     0.000000
2453644.873999 -0.051670 0.176508     0.000000
2453644.874118 -0.051551 0.176562     0.000000
2453644.874237 -0.051433 0.176615     0.000000
2453644.874355 -0.051314 0.176669     0.000000
2453644.874474 -0.051195 0.176722     0.000000
2453644.874593 -0.051076 0.176776     0.000000
2453644.874712 -0.050958 0.176829     0.000000
2453644.874830 -0.050839 0.176883     0.000000
2453644.874949 -0.050720 0.176936     0.000000
2453644.875068 -0.050602 0.176990     0.000000
2453644.875186 -0.050483 0.177043     0.000000
2453644.875305 -0.050364 0.177097     0.000000
2453644.875424 -0.050245 0.177150     0.000000
2453644.875543 -0.050127 0.177204     0.000000
2453644.875661 -0.050008 0.177257     0.000000
2453644.875780 -0.049889 0.177311     0.000000
2453644.875899 -0.049770 0.177364     0.000000
2453644.876018 -0.049652 0.177418     0.000000
2453644.876136 -0.049533 0.177471     0.000000
2453644.876255 -0.049414 0.177525     0.000000
2453644.876374 -0.049296 0.177579     0.000000
2453644.876492 -0.049177 0.177632     0.000000
2453644.876611 -0.049058 0.177686     0.000000
2453644.876730 -0.048939 0.177739     0.000000
2453644.876849 -0.048821 0.177793     0.000000
2453644.876967 -0.048702 0.177846     0.000000
2453644.877086 -0.048583 0.177900     0.000000
2453644.877205 -0.048464 0.177953     0.000000
2453644.877324 -0.048346 0.178007     0.000000
2453644.877442 -0.048227 0.178060     0.000000
2453644.877561 -0.048108 0.178114     0.000000
2453644.877680 -0.047990 0.178167     0.000000
2453644.877798 -0.047871 0.178221     0.000000
2453644.877917 -0.047752 0.178274     0.000000
2453644.878036 -0.047633 0.178328     0.000000
2453644.878155 -0.047515 0.178381     0.000000
2453644.878273 -0.047396 0.178435     0.000000
2453644.878392 -0.047277 0.178488     0.000000
2453644.878511 -0.047159 0.178542     0.000000
2453644.878629 -0.047040 0.178595     0.000000
2453644.878748 -0.046921 0.178649     0.000000
2453644.878867 -0.046802 0.178702     0.000000
2453644.878986 -0.046684 0.178756     0.000000
2453644.879104 -0.046565 0.178809     0.000000
2453644.879223 -0.046446 0.178863     0.000000
2453644.879342 -0.046327 0.178916     0.000000
2453644.879461 -0.046209 0.178970     0.000000
2453644.879579 -0.046090 0.179023     0.000000
2453644.879698 -0.045971 0.179077     0.000000
2453644.879817 -0.045853 0.179130     0.000000
2453644.879935 -0.045734 0.179184     0.000000
2453644.880054 -0.045615 0.179237    -0.000006
2453644.880173 -0.045496 0.179291    -0.000034
2453644.880292 -0.045378 0.179344    -0.000077
2453644.880410 -0.045259 0.179398    -0.000130
2453644.880529 -0.045140 0.179451    -0.000193
2453644.880648 -0.045021 0.179505    -0.000265
2453644.880766 -0.044903 0.179559    -0.000344
2453644.880885 -0.044784 0.179612    -0.000431
2453644.881004 -0.044665 0.179666    -0.000525
2453644.881123 -0.044547 0.179719    -0.000625
2453644.881241 -0.044428 0.179773    -0.000732
2453644.881360 -0.044309 0.179826    -0.000844
2453644.881479 -0.044190 0.179880    -0.000963
2453644.881598 -0.044072 0.179933    -0.001086
2453644.881716 -0.043953 0.179987    -0.001216
2453644.881835 -0.043834 0.180040    -0.001350
2453644.881954 -0.043716 0.180094    -0.001489
2453644.882072 -0.043597 0.180147    -0.001634
2453644.882191 -0.043478 0.180201    -0.001782
2453644.882310 -0.043359 0.180254    -0.001936
2453644.882429 -0.043241 0.180308    -0.002094
2453644.882547 -0.043122 0.180361    -0.002256
2453644.882666 -0.043003 0.180415    -0.002422
2453644.882785 -0.042884 0.180468    -0.002592
2453644.882904 -0.042766 0.180522    -0.002766
2453644.883022 -0.042647 0.180575    -0.002945
2453644.883141 -0.042528 0.180629    -0.003126
2453644.883260 -0.042410 0.180682    -0.003312
2453644.883378 -0.042291 0.180736    -0.003501
2453644.883497 -0.042172 0.180789    -0.003693
2453644.883616 -0.042053 0.180843    -0.003889
2453644.883735 -0.041935 0.180896    -0.004088
2453644.883853 -0.041816 0.180950    -0.004290
2453644.883972 -0.041697 0.181003    -0.004495
2453644.884091 -0.041578 0.181057    -0.004703
2453644.884209 -0.041460 0.181110    -0.004914
2453644.884328 -0.041341 0.181164    -0.005128
2453644.884447 -0.041222 0.181217    -0.005344
2453644.884566 -0.041104 0.181271    -0.005564
2453644.884684 -0.040985 0.181324    -0.005785
2453644.884803 -0.040866 0.181378    -0.006009
2453644.884922 -0.040747 0.181431    -0.006236
2453644.885041 -0.040629 0.181485    -0.006465
2453644.885159 -0.040510 0.181539    -0.006696
2453644.885278 -0.040391 0.181592    -0.006929
2453644.885397 -0.040273 0.181646    -0.007164
2453644.885515 -0.040154 0.181699    -0.007401
2453644.885634 -0.040035 0.181753    -0.007640
2453644.885753 -0.039916 0.181806    -0.007881
2453644.885872 -0.039798 0.181860    -0.008123
2453644.885990 -0.039679 0.181913    -0.008367
2453644.886109 -0.039560 0.181967    -0.008613
2453644.886228 -0.039441 0.182020    -0.008860
2453644.886347 -0.039323 0.182074    -0.009109
2453644.886465 -0.039204 0.182127    -0.009358
2453644.886584 -0.039085 0.182181    -0.009609
2453644.886703 -0.038967 0.182234    -0.009861
2453644.886821 -0.038848 0.182288    -0.010114
2453644.886940 -0.038729 0.182341    -0.010368
2453644.887059 -0.038610 0.182395    -0.010623
2453644.887178 -0.038492 0.182448    -0.010878
2453644.887296 -0.038373 0.182502    -0.011135
2453644.887415 -0.038254 0.182555    -0.011391
2453644.887534 -0.038135 0.182609    -0.011648
2453644.887652 -0.038017 0.182662    -0.011906
2453644.887771 -0.037898 0.182716    -0.012163
2453644.887890 -0.037779 0.182769    -0.012421
2453644.888009 -0.037661 0.182823    -0.012679
2453644.888127 -0.037542 0.182876    -0.012937
2453644.888246 -0.037423 0.182930    -0.013194
2453644.888365 -0.037304 0.182983    -0.013452
2453644.888484 -0.037186 0.183037    -0.013708
2453644.888602 -0.037067 0.183090    -0.013965
2453644.888721 -0.036948 0.183144    -0.014220
2453644.888840 -0.036830 0.183197    -0.014475
2453644.888958 -0.036711 0.183251    -0.014729
2453644.889077 -0.036592 0.183304    -0.014981
2453644.889196 -0.036473 0.183358    -0.015233
2453644.889315 -0.036355 0.183411    -0.015483
2453644.889433 -0.036236 0.183465    -0.015731
2453644.889552 -0.036117 0.183519    -0.015978
2453644.889671 -0.035998 0.183572    -0.016223
2453644.889790 -0.035880 0.183626    -0.016466
2453644.889908 -0.035761 0.183679    -0.016707
2453644.890027 -0.035642 0.183733    -0.016945
2453644.890146 -0.035524 0.183786    -0.017181
2453644.890264 -0.035405 0.183840    -0.017413
2453644.890383 -0.035286 0.183893    -0.017643
2453644.890502 -0.035167 0.183947    -0.017869
2453644.890621 -0.035049 0.184000    -0.018092
2453644.890739 -0.034930 0.184054    -0.018311
2453644.890858 -0.034811 0.184107    -0.018525
2453644.890977 -0.034692 0.184161    -0.018734
2453644.891095 -0.034574 0.184214    -0.018939
2453644.891214 -0.034455 0.184268    -0.019138
2453644.891333 -0.034336 0.184321    -0.019331
2453644.891452 -0.034218 0.184375    -0.019517
2453644.891570 -0.034099 0.184428    -0.019695
2453644.891689 -0.033980 0.184482    -0.019865
2453644.891808 -0.033861 0.184535    -0.020025
2453644.891927 -0.033743 0.184589    -0.020173
2453644.892045 -0.033624 0.184642    -0.020304
2453644.892164 -0.033505 0.184696    -0.020408
2453644.892283 -0.033387 0.184749    -0.020500
2453644.892401 -0.033268 0.184803    -0.020590
2453644.892520 -0.033149 0.184856    -0.020677
2453644.892639 -0.033030 0.184910    -0.020762
2453644.892758 -0.032912 0.184963    -0.020845
2453644.892876 -0.032793 0.185017    -0.020926
2453644.892995 -0.032674 0.185070    -0.021006
2453644.893114 -0.032555 0.185124    -0.021083
2453644.893233 -0.032437 0.185177    -0.021160
2453644.893351 -0.032318 0.185231    -0.021234
2453644.893470 -0.032199 0.185284    -0.021308
2453644.893589 -0.032081 0.185338    -0.021380
2453644.893707 -0.031962 0.185392    -0.021451
2453644.893826 -0.031843 0.185445    -0.021520
2453644.893945 -0.031724 0.185499    -0.021589
2453644.894064 -0.031606 0.185552    -0.021656
2453644.894182 -0.031487 0.185606    -0.021723
2453644.894301 -0.031368 0.185659    -0.021788
2453644.894420 -0.031249 0.185713    -0.021853
2453644.894538 -0.031131 0.185766    -0.021916
2453644.894657 -0.031012 0.185820    -0.021979
2453644.894776 -0.030893 0.185873    -0.022040
2453644.894895 -0.030775 0.185927    -0.022101
2453644.895013 -0.030656 0.185980    -0.022161
2453644.895132 -0.030537 0.186034    -0.022220
2453644.895251 -0.030418 0.186087    -0.022279
2453644.895370 -0.030300 0.186141    -0.022336
2453644.895488 -0.030181 0.186194    -0.022393
2453644.895607 -0.030062 0.186248    -0.022449
2453644.895726 -0.029944 0.186301    -0.022505
2453644.895844 -0.029825 0.186355    -0.022559
2453644.895963 -0.029706 0.186408    -0.022614
2453644.896082 -0.029587 0.186462    -0.022667
2453644.896201 -0.029469 0.186515    -0.022720
2453644.896319 -0.029350 0.186569    -0.022772
2453644.896438 -0.029231 0.186622    -0.022823
2453644.896557 -0.029112 0.186676    -0.022874
2453644.896676 -0.028994 0.186729    -0.022925
2453644.896794 -0.028875 0.186783    -0.022974
2453644.896913 -0.028756 0.186836    -0.023024
2453644.897032 -0.028638 0.186890    -0.023072
2453644.897150 -0.028519 0.186943    -0.023120
2453644.897269 -0.028400 0.186997    -0.023168
2453644.897388 -0.028281 0.187050    -0.023215
2453644.897507 -0.028163 0.187104    -0.023261
2453644.897625 -0.028044 0.187157    -0.023307
2453644.897744 -0.027925 0.187211    -0.023353
2453644.897863 -0.027806 0.187264    -0.023398
2453644.897981 -0.027688 0.187318    -0.023443
2453644.898100 -0.027569 0.187372    -0.023487
2453644.898219 -0.027450 0.187425    -0.023530
2453644.898338 -0.027332 0.187479    -0.023573
2453644.898456 -0.027213 0.187532    -0.023616
2453644.898575 -0.027094 0.187586    -0.023658
2453644.898694 -0.026975 0.187639    -0.023700
2453644.898813 -0.026857 0.187693    -0.023742
2453644.898931 -0.026738 0.187746    -0.023783
2453644.899050 -0.026619 0.187800    -0.023823
2453644.899169 -0.026501 0.187853    -0.023864
2453644.899287 -0.026382 0.187907    -0.023903
2453644.899406 -0.026263 0.187960    -0.023943
2453644.899525 -0.026144 0.188014    -0.023982
2453644.899644 -0.026026 0.188067    -0.024020
2453644.899762 -0.025907 0.188121    -0.024059
2453644.899881 -0.025788 0.188174    -0.024097
2453644.900000 -0.025669 0.188228    -0.024134
2453644.900119 -0.025551 0.188281    -0.024171
2453644.900237 -0.025432 0.188335    -0.024208
2453644.900356 -0.025313 0.188388    -0.024244
2453644.900475 -0.025195 0.188442    -0.024281
2453644.900593 -0.025076 0.188495    -0.024316
2453644.900712 -0.024957 0.188549    -0.024352
2453644.900831 -0.024838 0.188602    -0.024387
2453644.900950 -0.024720 0.188656    -0.024421
2453644.901068 -0.024601 0.188709    -0.024456
2453644.901187 -0.024482 0.188763    -0.024490
2453644.901306 -0.024363 0.188816    -0.024524
2453644.901424 -0.024245 0.188870    -0.024557
2453644.901543 -0.024126 0.188923    -0.024590
2453644.901662 -0.024007 0.188977    -0.024623
2453644.901781 -0.023889 0.189030    -0.024656
2453644.901899 -0.023770 0.189084    -0.024688
2453644.902018 -0.023651 0.189137    -0.024720
2453644.902137 -0.023532 0.189191    -0.024752
2453644.902256 -0.023414 0.189244    -0.024783
2453644.902374 -0.023295 0.189298    -0.024814
2453644.902493 -0.023176 0.189352    -0.024845
2453644.902612 -0.023058 0.189405    -0.024875
2453644.902730 -0.022939 0.189459    -0.024906
2453644.902849 -0.022820 0.189512    -0.024936
2453644.902968 -0.022701 0.189566    -0.024965
2453644.903087 -0.022583 0.189619    -0.024995
2453644.903205 -0.022464 0.189673    -0.025024
2453644.903324 -0.022345 0.189726    -0.025053
2453644.903443 -0.022226 0.189780    -0.025081
2453644.903562 -0.022108 0.189833    -0.025110
2453644.903680 -0.021989 0.189887    -0.025138
2453644.903799 -0.021870 0.189940    -0.025166
2453644.903918 -0.021752 0.189994    -0.025193
2453644.904036 -0.021633 0.190047    -0.025221
2453644.904155 -0.021514 0.190101    -0.025248
2453644.904274 -0.021395 0.190154    -0.025275
2453644.904393 -0.021277 0.190208    -0.025301
2453644.904511 -0.021158 0.190261    -0.025328
2453644.904630 -0.021039 0.190315    -0.025354
2453644.904749 -0.020920 0.190368    -0.025380
2453644.904867 -0.020802 0.190422    -0.025405
2453644.904986 -0.020683 0.190475    -0.025431
2453644.905105 -0.020564 0.190529    -0.025456
2453644.905224 -0.020446 0.190582    -0.025481
2453644.905342 -0.020327 0.190636    -0.025506
2453644.905461 -0.020208 0.190689    -0.025530
2453644.905580 -0.020089 0.190743    -0.025555
2453644.905699 -0.019971 0.190796    -0.025579
2453644.905817 -0.019852 0.190850    -0.025603
2453644.905936 -0.019733 0.190903    -0.025627
2453644.906055 -0.019615 0.190957    -0.025650
2453644.906173 -0.019496 0.191010    -0.025673
2453644.906292 -0.019377 0.191064    -0.025696
2453644.906411 -0.019258 0.191117    -0.025719
2453644.906530 -0.019140 0.191171    -0.025742
2453644.906648 -0.019021 0.191224    -0.025764
2453644.906767 -0.018902 0.191278    -0.025786
2453644.906886 -0.018783 0.191332    -0.025809
2453644.907005 -0.018665 0.191385    -0.025830
2453644.907123 -0.018546 0.191439    -0.025852
2453644.907242 -0.018427 0.191492    -0.025873
2453644.907361 -0.018309 0.191546    -0.025895
2453644.907479 -0.018190 0.191599    -0.025916
2453644.907598 -0.018071 0.191653    -0.025937
2453644.907717 -0.017952 0.191706    -0.025957
2453644.907836 -0.017834 0.191760    -0.025978
2453644.907954 -0.017715 0.191813    -0.025998
2453644.908073 -0.017596 0.191867    -0.026018
2453644.908192 -0.017477 0.191920    -0.026038
2453644.908310 -0.017359 0.191974    -0.026058
2453644.908429 -0.017240 0.192027    -0.026077
2453644.908548 -0.017121 0.192081    -0.026097
2453644.908667 -0.017003 0.192134    -0.026116
2453644.908785 -0.016884 0.192188    -0.026135
2453644.908904 -0.016765 0.192241    -0.026154
2453644.909023 -0.016646 0.192295    -0.026172
2453644.909142 -0.016528 0.192348    -0.026191
2453644.909260 -0.016409 0.192402    -0.026209
2453644.909379 -0.016290 0.192455    -0.026227
2453644.909498 -0.016172 0.192509    -0.026245
2453644.909616 -0.016053 0.192562    -0.026263
2453644.909735 -0.015934 0.192616    -0.026281
2453644.909854 -0.015815 0.192669    -0.026298
2453644.909973 -0.015697 0.192723    -0.026315
2453644.910091 -0.015578 0.192776    -0.026332
2453644.910210 -0.015459 0.192830    -0.026349
2453644.910329 -0.015340 0.192883    -0.026366
2453644.910448 -0.015222 0.192937    -0.026383
2453644.910566 -0.015103 0.192990    -0.026399
2453644.910685 -0.014984 0.193044    -0.026415
2453644.910804 -0.014866 0.193097    -0.026432
2453644.910922 -0.014747 0.193151    -0.026447
2453644.911041 -0.014628 0.193205    -0.026463
2453644.911160 -0.014509 0.193258    -0.026479
2453644.911279 -0.014391 0.193312    -0.026494
2453644.911397 -0.014272 0.193365    -0.026510
2453644.911516 -0.014153 0.193419    -0.026525
2453644.911635 -0.014035 0.193472    -0.026540
2453644.911753 -0.013916 0.193526    -0.026555
2453644.911872 -0.013797 0.193579    -0.026569
2453644.911991 -0.013678 0.193633    -0.026584
2453644.912110 -0.013560 0.193686    -0.026598
2453644.912228 -0.013441 0.193740    -0.026613
2453644.912347 -0.013322 0.193793    -0.026627
2453644.912466 -0.013203 0.193847    -0.026641
2453644.912585 -0.013085 0.193900    -0.026655
2453644.912703 -0.012966 0.193954    -0.026668
2453644.912822 -0.012847 0.194007    -0.026682
2453644.912941 -0.012729 0.194061    -0.026695
2453644.913059 -0.012610 0.194114    -0.026708
2453644.913178 -0.012491 0.194168    -0.026721
2453644.913297 -0.012372 0.194221    -0.026734
2453644.913416 -0.012254 0.194275    -0.026747
2453644.913534 -0.012135 0.194328    -0.026760
2453644.913653 -0.012016 0.194382    -0.026772
2453644.913772 -0.011897 0.194435    -0.026785
2453644.913891 -0.011779 0.194489    -0.026797
2453644.914009 -0.011660 0.194542    -0.026809
2453644.914128 -0.011541 0.194596    -0.026821
2453644.914247 -0.011423 0.194649    -0.026833
2453644.914365 -0.011304 0.194703    -0.026844
2453644.914484 -0.011185 0.194756    -0.026856
2453644.914603 -0.011066 0.194810    -0.026867
2453644.914722 -0.010948 0.194863    -0.026878
2453644.914840 -0.010829 0.194917    -0.026889
2453644.914959 -0.010710 0.194970    -0.026900
2453644.915078 -0.010592 0.195024    -0.026911
2453644.915196 -0.010473 0.195077    -0.026922
2453644.915315 -0.010354 0.195131    -0.026932
2453644.915434 -0.010235 0.195185    -0.026943
2453644.915553 -0.010117 0.195238    -0.026953
2453644.915671 -0.009998 0.195292    -0.026963
2453644.915790 -0.009879 0.195345    -0.026973
2453644.915909 -0.009760 0.195399    -0.026983
2453644.916028 -0.009642 0.195452    -0.026993
2453644.916146 -0.009523 0.195506    -0.027003
2453644.916265 -0.009404 0.195559    -0.027012
2453644.916384 -0.009286 0.195613    -0.027022
2453644.916502 -0.009167 0.195666    -0.027031
2453644.916621 -0.009048 0.195720    -0.027040
2453644.916740 -0.008929 0.195773    -0.027049
2453644.916859 -0.008811 0.195827    -0.027058
2453644.916977 -0.008692 0.195880    -0.027066
2453644.917096 -0.008573 0.195934    -0.027075
2453644.917215 -0.008454 0.195987    -0.027084
2453644.917334 -0.008336 0.196041    -0.027092
2453644.917452 -0.008217 0.196094    -0.027100
2453644.917571 -0.008098 0.196148    -0.027108
2453644.917690 -0.007980 0.196201    -0.027116
2453644.917808 -0.007861 0.196255    -0.027124
2453644.917927 -0.007742 0.196308    -0.027132
2453644.918046 -0.007623 0.196362    -0.027139
2453644.918165 -0.007505 0.196415    -0.027147
2453644.918283 -0.007386 0.196469    -0.027154
2453644.918402 -0.007267 0.196522    -0.027161
2453644.918521 -0.007149 0.196576    -0.027168
2453644.918639 -0.007030 0.196629    -0.027175
2453644.918758 -0.006911 0.196683    -0.027182
2453644.918877 -0.006792 0.196736    -0.027189
2453644.918996 -0.006674 0.196790    -0.027196
2453644.919114 -0.006555 0.196843    -0.027202
2453644.919233 -0.006436 0.196897    -0.027208
2453644.919352 -0.006317 0.196950    -0.027215
2453644.919471 -0.006199 0.197004    -0.027221
2453644.919589 -0.006080 0.197057    -0.027227
2453644.919708 -0.005961 0.197111    -0.027233
2453644.919827 -0.005843 0.197165    -0.027238
2453644.919945 -0.005724 0.197218    -0.027244
2453644.920064 -0.005605 0.197272    -0.027250
2453644.920183 -0.005486 0.197325    -0.027255
2453644.920302 -0.005368 0.197379    -0.027260
2453644.920420 -0.005249 0.197432    -0.027265
2453644.920539 -0.005130 0.197486    -0.027270
2453644.920658 -0.005011 0.197539    -0.027275
2453644.920777 -0.004893 0.197593    -0.027280
2453644.920895 -0.004774 0.197646    -0.027285
2453644.921014 -0.004655 0.197700    -0.027289
2453644.921133 -0.004537 0.197753    -0.027294
2453644.921251 -0.004418 0.197807    -0.027298
2453644.921370 -0.004299 0.197860    -0.027302
2453644.921489 -0.004180 0.197914    -0.027307
2453644.921608 -0.004062 0.197967    -0.027311
2453644.921726 -0.003943 0.198021    -0.027314
2453644.921845 -0.003824 0.198074    -0.027318
2453644.921964 -0.003706 0.198128    -0.027322
2453644.922082 -0.003587 0.198181    -0.027325
2453644.922201 -0.003468 0.198235    -0.027329
2453644.922320 -0.003349 0.198288    -0.027332
2453644.922439 -0.003231 0.198342    -0.027335
2453644.922557 -0.003112 0.198395    -0.027338
2453644.922676 -0.002993 0.198449    -0.027341
2453644.922795 -0.002874 0.198502    -0.027344
2453644.922914 -0.002756 0.198556    -0.027347
2453644.923032 -0.002637 0.198609    -0.027349
2453644.923151 -0.002518 0.198663    -0.027352
2453644.923270 -0.002400 0.198716    -0.027354
2453644.923388 -0.002281 0.198770    -0.027356
2453644.923507 -0.002162 0.198823    -0.027358
2453644.923626 -0.002043 0.198877    -0.027361
2453644.923745 -0.001925 0.198930    -0.027362
2453644.923863 -0.001806 0.198984    -0.027364
2453644.923982 -0.001687 0.199037    -0.027366
2453644.924101 -0.001568 0.199091    -0.027367
2453644.924220 -0.001450 0.199145    -0.027369
2453644.924338 -0.001331 0.199198    -0.027370
2453644.924457 -0.001212 0.199252    -0.027371
2453644.924576 -0.001094 0.199305    -0.027373
2453644.924694 -0.000975 0.199359    -0.027374
2453644.924813 -0.000856 0.199412    -0.027374
2453644.924932 -0.000737 0.199466    -0.027375
2453644.925051 -0.000619 0.199519    -0.027376
2453644.925169 -0.000500 0.199573    -0.027376
2453644.925288 -0.000381 0.199626    -0.027377
2453644.925407 -0.000263 0.199680    -0.027377
2453644.925525 -0.000144 0.199733    -0.027377
2453644.925644 -0.000025 0.199787    -0.027377
2453644.925763 0.000094 0.199840    -0.027377
2453644.925882 0.000212 0.199894    -0.027377
2453644.926000 0.000331 0.199947    -0.027377
2453644.926119 0.000450 0.200001    -0.027377
2453644.926238 0.000569 0.200054    -0.027376
2453644.926357 0.000687 0.200108    -0.027375
2453644.926475 0.000806 0.200161    -0.027375
2453644.926594 0.000925 0.200215    -0.027374
2453644.926713 0.001043 0.200268    -0.027373
2453644.926831 0.001162 0.200322    -0.027372
2453644.926950 0.001281 0.200375    -0.027371
2453644.927069 0.001400 0.200429    -0.027369
2453644.927188 0.001518 0.200482    -0.027368
2453644.927306 0.001637 0.200536    -0.027367
2453644.927425 0.001756 0.200589    -0.027365
2453644.927544 0.001875 0.200643    -0.027363
2453644.927663 0.001993 0.200696    -0.027361
2453644.927781 0.002112 0.200750    -0.027359
2453644.927900 0.002231 0.200803    -0.027357
2453644.928019 0.002349 0.200857    -0.027355
2453644.928137 0.002468 0.200910    -0.027353
2453644.928256 0.002587 0.200964    -0.027350
2453644.928375 0.002706 0.201017    -0.027348
2453644.928494 0.002824 0.201071    -0.027345
2453644.928612 0.002943 0.201125    -0.027342
2453644.928731 0.003062 0.201178    -0.027339
2453644.928850 0.003180 0.201232    -0.027336
2453644.928968 0.003299 0.201285    -0.027333
2453644.929087 0.003418 0.201339    -0.027330
2453644.929206 0.003537 0.201392    -0.027327
2453644.929325 0.003655 0.201446    -0.027323
2453644.929443 0.003774 0.201499    -0.027320
2453644.929562 0.003893 0.201553    -0.027316
2453644.929681 0.004012 0.201606    -0.027312
2453644.929800 0.004130 0.201660    -0.027308
2453644.929918 0.004249 0.201713    -0.027304
2453644.930037 0.004368 0.201767    -0.027300
2453644.930156 0.004486 0.201820    -0.027296
2453644.930274 0.004605 0.201874    -0.027291
2453644.930393 0.004724 0.201927    -0.027287
2453644.930512 0.004843 0.201981    -0.027282
2453644.930631 0.004961 0.202034    -0.027277
2453644.930749 0.005080 0.202088    -0.027273
2453644.930868 0.005199 0.202141    -0.027268
2453644.930987 0.005318 0.202195    -0.027262
2453644.931106 0.005436 0.202248    -0.027257
2453644.931224 0.005555 0.202302    -0.027252
2453644.931343 0.005674 0.202355    -0.027246
2453644.931462 0.005792 0.202409    -0.027241
2453644.931580 0.005911 0.202462    -0.027235
2453644.931699 0.006030 0.202516    -0.027229
2453644.931818 0.006149 0.202569    -0.027223
2453644.931937 0.006267 0.202623    -0.027217
2453644.932055 0.006386 0.202676    -0.027211
2453644.932174 0.006505 0.202730    -0.027205
2453644.932293 0.006623 0.202783    -0.027198
2453644.932411 0.006742 0.202837    -0.027192
2453644.932530 0.006861 0.202890    -0.027185
2453644.932649 0.006980 0.202944    -0.027178
2453644.932768 0.007098 0.202998    -0.027171
2453644.932886 0.007217 0.203051    -0.027164
2453644.933005 0.007336 0.203105    -0.027157
2453644.933124 0.007455 0.203158    -0.027150
2453644.933243 0.007573 0.203212    -0.027142
2453644.933361 0.007692 0.203265    -0.027135
2453644.933480 0.007811 0.203319    -0.027127
2453644.933599 0.007929 0.203372    -0.027119
2453644.933717 0.008048 0.203426    -0.027112
2453644.933836 0.008167 0.203479    -0.027104
2453644.933955 0.008286 0.203533    -0.027095
2453644.934074 0.008404 0.203586    -0.027087
2453644.934192 0.008523 0.203640    -0.027079
2453644.934311 0.008642 0.203693    -0.027070
2453644.934430 0.008761 0.203747    -0.027061
2453644.934549 0.008879 0.203800    -0.027053
2453644.934667 0.008998 0.203854    -0.027044
2453644.934786 0.009117 0.203907    -0.027035
2453644.934905 0.009235 0.203961    -0.027025
2453644.935023 0.009354 0.204014    -0.027016
2453644.935142 0.009473 0.204068    -0.027007
2453644.935261 0.009592 0.204121    -0.026997
2453644.935380 0.009710 0.204175    -0.026987
2453644.935498 0.009829 0.204228    -0.026978
2453644.935617 0.009948 0.204282    -0.026968
2453644.935736 0.010066 0.204335    -0.026958
2453644.935854 0.010185 0.204389    -0.026947
2453644.935973 0.010304 0.204442    -0.026937
2453644.936092 0.010423 0.204496    -0.026926
2453644.936211 0.010541 0.204549    -0.026916
2453644.936329 0.010660 0.204603    -0.026905
2453644.936448 0.010779 0.204656    -0.026894
2453644.936567 0.010898 0.204710    -0.026883
2453644.936686 0.011016 0.204763    -0.026872
2453644.936804 0.011135 0.204817    -0.026861
2453644.936923 0.011254 0.204870    -0.026849
2453644.937042 0.011372 0.204924    -0.026837
2453644.937160 0.011491 0.204978    -0.026826
2453644.937279 0.011610 0.205031    -0.026814
2453644.937398 0.011729 0.205085    -0.026802
2453644.937517 0.011847 0.205138    -0.026790
2453644.937635 0.011966 0.205192    -0.026777
2453644.937754 0.012085 0.205245    -0.026765
2453644.937873 0.012204 0.205299    -0.026752
2453644.937992 0.012322 0.205352    -0.026740
2453644.938110 0.012441 0.205406    -0.026727
2453644.938229 0.012560 0.205459    -0.026714
2453644.938348 0.012678 0.205513    -0.026701
2453644.938466 0.012797 0.205566    -0.026687
2453644.938585 0.012916 0.205620    -0.026674
2453644.938704 0.013035 0.205673    -0.026660
2453644.938823 0.013153 0.205727    -0.026647
2453644.938941 0.013272 0.205780    -0.026633
2453644.939060 0.013391 0.205834    -0.026619
2453644.939179 0.013509 0.205887    -0.026604
2453644.939297 0.013628 0.205941    -0.026590
2453644.939416 0.013747 0.205994    -0.026576
2453644.939535 0.013866 0.206048    -0.026561
2453644.939654 0.013984 0.206101    -0.026546
2453644.939772 0.014103 0.206155    -0.026531
2453644.939891 0.014222 0.206208    -0.026516
2453644.940010 0.014341 0.206262    -0.026501
2453644.940129 0.014459 0.206315    -0.026485
2453644.940247 0.014578 0.206369    -0.026470
2453644.940366 0.014697 0.206422    -0.026454
2453644.940485 0.014815 0.206476    -0.026438
2453644.940603 0.014934 0.206529    -0.026422
2453644.940722 0.015053 0.206583    -0.026406
2453644.940841 0.015172 0.206636    -0.026390
2453644.940960 0.015290 0.206690    -0.026373
2453644.941078 0.015409 0.206743    -0.026356
2453644.941197 0.015528 0.206797    -0.026340
2453644.941316 0.015647 0.206850    -0.026322
2453644.941434 0.015765 0.206904    -0.026305
2453644.941553 0.015884 0.206958    -0.026288
2453644.941672 0.016003 0.207011    -0.026270
2453644.941791 0.016121 0.207065    -0.026253
2453644.941909 0.016240 0.207118    -0.026235
2453644.942028 0.016359 0.207172    -0.026217
2453644.942147 0.016478 0.207225    -0.026199
2453644.942266 0.016596 0.207279    -0.026180
2453644.942384 0.016715 0.207332    -0.026162
2453644.942503 0.016834 0.207386    -0.026143
2453644.942622 0.016952 0.207439    -0.026124
2453644.942740 0.017071 0.207493    -0.026105
2453644.942859 0.017190 0.207546    -0.026085
2453644.942978 0.017309 0.207600    -0.026066
2453644.943097 0.017427 0.207653    -0.026046
2453644.943215 0.017546 0.207707    -0.026027
2453644.943334 0.017665 0.207760    -0.026007
2453644.943453 0.017784 0.207814    -0.025986
2453644.943572 0.017902 0.207867    -0.025966
2453644.943690 0.018021 0.207921    -0.025945
2453644.943809 0.018140 0.207974    -0.025925
2453644.943928 0.018258 0.208028    -0.025904
2453644.944046 0.018377 0.208081    -0.025882
2453644.944165 0.018496 0.208135    -0.025861
2453644.944284 0.018615 0.208188    -0.025840
2453644.944403 0.018733 0.208242    -0.025818
2453644.944521 0.018852 0.208295    -0.025796
2453644.944640 0.018971 0.208349    -0.025774
2453644.944759 0.019090 0.208402    -0.025751
2453644.944877 0.019208 0.208456    -0.025729
2453644.944996 0.019327 0.208509    -0.025706
2453644.945115 0.019446 0.208563    -0.025683
2453644.945234 0.019564 0.208616    -0.025660
2453644.945352 0.019683 0.208670    -0.025636
2453644.945471 0.019802 0.208723    -0.025613
2453644.945590 0.019921 0.208777    -0.025589
2453644.945709 0.020039 0.208830    -0.025565
2453644.945827 0.020158 0.208884    -0.025541
2453644.945946 0.020277 0.208938    -0.025516
2453644.946065 0.020395 0.208991    -0.025492
2453644.946183 0.020514 0.209045    -0.025467
2453644.946302 0.020633 0.209098    -0.025442
2453644.946421 0.020752 0.209152    -0.025416
2453644.946540 0.020870 0.209205    -0.025391
2453644.946658 0.020989 0.209259    -0.025365
2453644.946777 0.021108 0.209312    -0.025339
2453644.946896 0.021227 0.209366    -0.025312
2453644.947015 0.021345 0.209419    -0.025286
2453644.947133 0.021464 0.209473    -0.025259
2453644.947252 0.021583 0.209526    -0.025232
2453644.947371 0.021701 0.209580    -0.025205
2453644.947489 0.021820 0.209633    -0.025177
2453644.947608 0.021939 0.209687    -0.025150
2453644.947727 0.022058 0.209740    -0.025122
2453644.947846 0.022176 0.209794    -0.025093
2453644.947964 0.022295 0.209847    -0.025065
2453644.948083 0.022414 0.209901    -0.025036
2453644.948202 0.022533 0.209954    -0.025007
2453644.948320 0.022651 0.210008    -0.024978
2453644.948439 0.022770 0.210061    -0.024948
2453644.948558 0.022889 0.210115    -0.024918
2453644.948677 0.023007 0.210168    -0.024888
2453644.948795 0.023126 0.210222    -0.024858
2453644.948914 0.023245 0.210275    -0.024827
2453644.949033 0.023364 0.210329    -0.024796
2453644.949152 0.023482 0.210382    -0.024765
2453644.949270 0.023601 0.210436    -0.024733
2453644.949389 0.023720 0.210489    -0.024702
2453644.949508 0.023838 0.210543    -0.024669
2453644.949626 0.023957 0.210596    -0.024637
2453644.949745 0.024076 0.210650    -0.024604
2453644.949864 0.024195 0.210703    -0.024571
2453644.949983 0.024313 0.210757    -0.024538
2453644.950101 0.024432 0.210810    -0.024504
2453644.950220 0.024551 0.210864    -0.024470
2453644.950339 0.024670 0.210918    -0.024436
2453644.950458 0.024788 0.210971    -0.024401
2453644.950576 0.024907 0.211025    -0.024367
2453644.950695 0.025026 0.211078    -0.024331
2453644.950814 0.025144 0.211132    -0.024296
2453644.950932 0.025263 0.211185    -0.024260
2453644.951051 0.025382 0.211239    -0.024223
2453644.951170 0.025501 0.211292    -0.024187
2453644.951289 0.025619 0.211346    -0.024150
2453644.951407 0.025738 0.211399    -0.024112
2453644.951526 0.025857 0.211453    -0.024075
2453644.951645 0.025976 0.211506    -0.024037
2453644.951763 0.026094 0.211560    -0.023998
2453644.951882 0.026213 0.211613    -0.023959
2453644.952001 0.026332 0.211667    -0.023920
2453644.952120 0.026450 0.211720    -0.023880
2453644.952238 0.026569 0.211774    -0.023840
2453644.952357 0.026688 0.211827    -0.023800
2453644.952476 0.026807 0.211881    -0.023759
2453644.952595 0.026925 0.211934    -0.023718
2453644.952713 0.027044 0.211988    -0.023676
2453644.952832 0.027163 0.212041    -0.023634
2453644.952951 0.027281 0.212095    -0.023592
2453644.953069 0.027400 0.212148    -0.023549
2453644.953188 0.027519 0.212202    -0.023505
2453644.953307 0.027638 0.212255    -0.023461
2453644.953426 0.027756 0.212309    -0.023417
2453644.953544 0.027875 0.212362    -0.023372
2453644.953663 0.027994 0.212416    -0.023327
2453644.953782 0.028113 0.212469    -0.023281
2453644.953901 0.028231 0.212523    -0.023235
2453644.954019 0.028350 0.212576    -0.023188
2453644.954138 0.028469 0.212630    -0.023140
2453644.954257 0.028587 0.212683    -0.023093
2453644.954375 0.028706 0.212737    -0.023044
2453644.954494 0.028825 0.212791    -0.022995
2453644.954613 0.028944 0.212844    -0.022946
2453644.954732 0.029062 0.212898    -0.022896
2453644.954850 0.029181 0.212951    -0.022845
2453644.954969 0.029300 0.213005    -0.022794
2453644.955088 0.029419 0.213058    -0.022742
2453644.955206 0.029537 0.213112    -0.022689
2453644.955325 0.029656 0.213165    -0.022636
2453644.955444 0.029775 0.213219    -0.022582
2453644.955563 0.029893 0.213272    -0.022528
2453644.955681 0.030012 0.213326    -0.022473
2453644.955800 0.030131 0.213379    -0.022417
2453644.955919 0.030250 0.213433    -0.022360
2453644.956038 0.030368 0.213486    -0.022303
2453644.956156 0.030487 0.213540    -0.022245
2453644.956275 0.030606 0.213593    -0.022186
2453644.956394 0.030724 0.213647    -0.022127
2453644.956512 0.030843 0.213700    -0.022066
2453644.956631 0.030962 0.213754    -0.022005
2453644.956750 0.031081 0.213807    -0.021943
2453644.956869 0.031199 0.213861    -0.021879
