# epoch model 
2453642.573272 1.000000 
2453642.573486 1.000000 
2453642.573701 1.000000 
2453642.573915 1.000000 
2453642.574130 1.000000 
2453642.574345 1.000000 
2453642.574559 1.000000 
2453642.574774 1.000000 
2453642.574988 1.000000 
2453642.575203 1.000000 
2453642.575418 1.000000 
2453642.575632 1.000000 
2453642.575847 1.000000 
2453642.576061 1.000000 
2453642.576276 1.000000 
2453642.576491 1.000000 
2453642.576705 1.000000 
2453642.576920 1.000000 
2453642.577134 1.000000 
2453642.577349 1.000000 
2453642.577564 1.000000 
2453642.577778 1.000000 
2453642.577993 1.000000 
2453642.578207 1.000000 
2453642.578422 1.000000 
2453642.578637 1.000000 
2453642.578851 1.000000 
2453642.579066 1.000000 
2453642.579280 1.000000 
2453642.579495 1.000000 
2453642.579710 1.000000 
2453642.579924 1.000000 
2453642.580139 1.000000 
2453642.580353 1.000000 
2453642.580568 1.000000 
2453642.580782 1.000000 
2453642.580997 1.000000 
2453642.581212 1.000000 
2453642.581426 1.000000 
2453642.581641 1.000000 
2453642.581855 1.000000 
2453642.582070 1.000000 
2453642.582285 1.000000 
2453642.582499 1.000000 
2453642.582714 1.000000 
2453642.582928 1.000000 
2453642.583143 1.000000 
2453642.583358 1.000000 
2453642.583572 1.000000 
2453642.583787 1.000000 
2453642.584001 1.000000 
2453642.584216 1.000000 
2453642.584431 1.000000 
2453642.584645 1.000000 
2453642.584860 1.000000 
2453642.585074 1.000000 
2453642.585289 1.000000 
2453642.585504 1.000000 
2453642.585718 1.000000 
2453642.585933 1.000000 
2453642.586147 1.000000 
2453642.586362 1.000000 
2453642.586577 1.000000 
2453642.586791 1.000000 
2453642.587006 1.000000 
2453642.587220 1.000000 
2453642.587435 1.000000 
2453642.587649 1.000000 
2453642.587864 1.000000 
2453642.588079 1.000000 
2453642.588293 1.000000 
2453642.588508 1.000000 
2453642.588722 1.000000 
2453642.588937 1.000000 
2453642.589152 1.000000 
2453642.589366 1.000000 
2453642.589581 1.000000 
2453642.589795 1.000000 
2453642.590010 1.000000 
2453642.590225 1.000000 
2453642.590439 1.000000 
2453642.590654 1.000000 
2453642.590868 1.000000 
2453642.591083 1.000000 
2453642.591298 1.000000 
2453642.591512 1.000000 
2453642.591727 1.000000 
2453642.591941 1.000000 
2453642.592156 1.000000 
2453642.592371 1.000000 
2453642.592585 1.000000 
2453642.592800 1.000000 
2453642.593014 1.000000 
2453642.593229 1.000000 
2453642.593444 1.000000 
2453642.593658 1.000000 
2453642.593873 1.000000 
2453642.594087 1.000000 
2453642.594302 1.000000 
2453642.594517 1.000000 
2453642.594731 1.000000 
2453642.594946 1.000000 
2453642.595160 1.000000 
2453642.595375 1.000000 
2453642.595589 1.000000 
2453642.595804 1.000000 
2453642.596019 1.000000 
2453642.596233 1.000000 
2453642.596448 1.000000 
2453642.596662 1.000000 
2453642.596877 1.000000 
2453642.597092 1.000000 
2453642.597306 1.000000 
2453642.597521 1.000000 
2453642.597735 1.000000 
2453642.597950 1.000000 
2453642.598165 1.000000 
2453642.598379 1.000000 
2453642.598594 1.000000 
2453642.598808 1.000000 
2453642.599023 1.000000 
2453642.599238 1.000000 
2453642.599452 1.000000 
2453642.599667 1.000000 
2453642.599881 1.000000 
2453642.600096 1.000000 
2453642.600311 1.000000 
2453642.600525 1.000000 
2453642.600740 1.000000 
2453642.600954 1.000000 
2453642.601169 1.000000 
2453642.601384 1.000000 
2453642.601598 1.000000 
2453642.601813 1.000000 
2453642.602027 1.000000 
2453642.602242 1.000000 
2453642.602456 1.000000 
2453642.602671 1.000000 
2453642.602886 1.000000 
2453642.603100 1.000000 
2453642.603315 1.000000 
2453642.603529 1.000000 
2453642.603744 1.000000 
2453642.603959 1.000000 
2453642.604173 1.000000 
2453642.604388 1.000000 
2453642.604602 1.000000 
2453642.604817 1.000000 
2453642.605032 1.000000 
2453642.605246 1.000000 
2453642.605461 1.000000 
2453642.605675 1.000000 
2453642.605890 1.000000 
2453642.606105 1.000000 
2453642.606319 1.000000 
2453642.606534 1.000000 
2453642.606748 1.000000 
2453642.606963 1.000000 
2453642.607178 1.000000 
2453642.607392 1.000000 
2453642.607607 1.000000 
2453642.607821 1.000000 
2453642.608036 1.000000 
2453642.608251 1.000000 
2453642.608465 1.000000 
2453642.608680 1.000000 
2453642.608894 1.000000 
2453642.609109 1.000000 
2453642.609323 1.000000 
2453642.609538 1.000000 
2453642.609753 1.000000 
2453642.609967 1.000000 
2453642.610182 1.000000 
2453642.610396 1.000000 
2453642.610611 1.000000 
2453642.610826 1.000000 
2453642.611040 1.000000 
2453642.611255 1.000000 
2453642.611469 1.000000 
2453642.611684 1.000000 
2453642.611899 1.000000 
2453642.612113 1.000000 
2453642.612328 1.000000 
2453642.612542 1.000000 
2453642.612757 1.000000 
2453642.612972 1.000000 
2453642.613186 1.000000 
2453642.613401 1.000000 
2453642.613615 1.000000 
2453642.613830 1.000000 
2453642.614045 1.000000 
2453642.614259 1.000000 
2453642.614474 1.000000 
2453642.614688 1.000000 
2453642.614903 1.000000 
2453642.615118 1.000000 
2453642.615332 1.000000 
2453642.615547 1.000000 
2453642.615761 1.000000 
2453642.615976 1.000000 
2453642.616190 1.000000 
2453642.616405 1.000000 
2453642.616620 1.000000 
2453642.616834 1.000000 
2453642.617049 1.000000 
2453642.617263 1.000000 
2453642.617478 1.000000 
2453642.617693 1.000000 
2453642.617907 1.000000 
2453642.618122 1.000000 
2453642.618336 1.000000 
2453642.618551 1.000000 
2453642.618766 1.000000 
2453642.618980 1.000000 
2453642.619195 1.000000 
2453642.619409 1.000000 
2453642.619624 1.000000 
2453642.619839 1.000000 
2453642.620053 1.000000 
2453642.620268 1.000000 
2453642.620482 1.000000 
2453642.620697 1.000000 
2453642.620912 1.000000 
2453642.621126 1.000000 
2453642.621341 1.000000 
2453642.621555 1.000000 
2453642.621770 1.000000 
2453642.621985 1.000000 
2453642.622199 1.000000 
2453642.622414 1.000000 
2453642.622628 1.000000 
2453642.622843 1.000000 
2453642.623057 1.000000 
2453642.623272 1.000000 
2453642.623487 1.000000 
2453642.623701 1.000000 
2453642.623916 1.000000 
2453642.624130 1.000000 
2453642.624345 1.000000 
2453642.624560 1.000000 
2453642.624774 1.000000 
2453642.624989 1.000000 
2453642.625203 1.000000 
2453642.625418 1.000000 
2453642.625633 1.000000 
2453642.625847 1.000000 
2453642.626062 1.000000 
2453642.626276 1.000000 
2453642.626491 1.000000 
2453642.626706 1.000000 
2453642.626920 1.000000 
2453642.627135 1.000000 
2453642.627349 1.000000 
2453642.627564 1.000000 
2453642.627779 1.000000 
2453642.627993 1.000000 
2453642.628208 1.000000 
2453642.628422 1.000000 
2453642.628637 1.000000 
2453642.628852 1.000000 
2453642.629066 1.000000 
2453642.629281 1.000000 
2453642.629495 1.000000 
2453642.629710 1.000000 
2453642.629925 1.000000 
2453642.630139 1.000000 
2453642.630354 1.000000 
2453642.630568 1.000000 
2453642.630783 1.000000 
2453642.630997 1.000000 
2453642.631212 1.000000 
2453642.631427 1.000000 
2453642.631641 1.000000 
2453642.631856 1.000000 
2453642.632070 1.000000 
2453642.632285 1.000000 
2453642.632500 1.000000 
2453642.632714 1.000000 
2453642.632929 1.000000 
2453642.633143 1.000000 
2453642.633358 1.000000 
2453642.633573 1.000000 
2453642.633787 1.000000 
2453642.634002 1.000000 
2453642.634216 1.000000 
2453642.634431 1.000000 
2453642.634646 1.000000 
2453642.634860 1.000000 
2453642.635075 1.000000 
2453642.635289 1.000000 
2453642.635504 1.000000 
2453642.635719 1.000000 
2453642.635933 1.000000 
2453642.636148 1.000000 
2453642.636362 1.000000 
2453642.636577 1.000000 
2453642.636792 1.000000 
2453642.637006 1.000000 
2453642.637221 1.000000 
2453642.637435 1.000000 
2453642.637650 1.000000 
2453642.637864 1.000000 
2453642.638079 1.000000 
2453642.638294 1.000000 
2453642.638508 1.000000 
2453642.638723 1.000000 
2453642.638937 1.000000 
2453642.639152 1.000000 
2453642.639367 1.000000 
2453642.639581 1.000000 
2453642.639796 1.000000 
2453642.640010 1.000000 
2453642.640225 1.000000 
2453642.640440 1.000000 
2453642.640654 1.000000 
2453642.640869 1.000000 
2453642.641083 1.000000 
2453642.641298 1.000000 
2453642.641513 1.000000 
2453642.641727 1.000000 
2453642.641942 1.000000 
2453642.642156 1.000000 
2453642.642371 1.000000 
2453642.642586 1.000000 
2453642.642800 1.000000 
2453642.643015 1.000000 
2453642.643229 1.000000 
2453642.643444 1.000000 
2453642.643659 1.000000 
2453642.643873 1.000000 
2453642.644088 1.000000 
2453642.644302 1.000000 
2453642.644517 1.000000 
2453642.644731 1.000000 
2453642.644946 1.000000 
2453642.645161 1.000000 
2453642.645375 1.000000 
2453642.645590 1.000000 
2453642.645804 1.000000 
2453642.646019 1.000000 
2453642.646234 1.000000 
2453642.646448 1.000000 
2453642.646663 1.000000 
2453642.646877 1.000000 
2453642.647092 1.000000 
2453642.647307 1.000000 
2453642.647521 1.000000 
2453642.647736 1.000000 
2453642.647950 1.000000 
2453642.648165 1.000000 
2453642.648380 1.000000 
2453642.648594 1.000000 
2453642.648809 1.000000 
2453642.649023 1.000000 
2453642.649238 1.000000 
2453642.649453 1.000000 
2453642.649667 1.000000 
2453642.649882 1.000000 
2453642.650096 1.000000 
2453642.650311 1.000000 
2453642.650526 1.000000 
2453642.650740 1.000000 
2453642.650955 1.000000 
2453642.651169 1.000000 
2453642.651384 1.000000 
2453642.651598 1.000000 
2453642.651813 1.000000 
2453642.652028 1.000000 
2453642.652242 1.000000 
2453642.652457 1.000000 
2453642.652671 1.000000 
2453642.652886 1.000000 
2453642.653101 1.000000 
2453642.653315 1.000000 
2453642.653530 1.000000 
2453642.653744 1.000000 
2453642.653959 1.000000 
2453642.654174 1.000000 
2453642.654388 1.000000 
2453642.654603 1.000000 
2453642.654817 1.000000 
2453642.655032 1.000000 
2453642.655247 1.000000 
2453642.655461 1.000000 
2453642.655676 1.000000 
2453642.655890 1.000000 
2453642.656105 1.000000 
2453642.656320 1.000000 
2453642.656534 1.000000 
2453642.656749 1.000000 
2453642.656963 1.000000 
2453642.657178 1.000000 
2453642.657393 1.000000 
2453642.657607 1.000000 
2453642.657822 1.000000 
2453642.658036 1.000000 
2453642.658251 1.000000 
2453642.658465 1.000000 
2453642.658680 1.000000 
2453642.658895 1.000000 
2453642.659109 1.000000 
2453642.659324 1.000000 
2453642.659538 1.000000 
2453642.659753 1.000000 
2453642.659968 1.000000 
2453642.660182 1.000000 
2453642.660397 1.000000 
2453642.660611 1.000000 
2453642.660826 1.000000 
2453642.661041 1.000000 
2453642.661255 1.000000 
2453642.661470 0.999996 
2453642.661684 0.999936 
2453642.661899 0.999837 
2453642.662114 0.999709 
2453642.662328 0.999555 
2453642.662543 0.999379 
2453642.662757 0.999183 
2453642.662972 0.998967 
2453642.663187 0.998734 
2453642.663401 0.998484 
2453642.663616 0.998219 
2453642.663830 0.997938 
2453642.664045 0.997644 
2453642.664260 0.997336 
2453642.664474 0.997015 
2453642.664689 0.996682 
2453642.664903 0.996338 
2453642.665118 0.995983 
2453642.665333 0.995617 
2453642.665547 0.995242 
2453642.665762 0.994857 
2453642.665976 0.994464 
2453642.666191 0.994062 
2453642.666405 0.993652 
2453642.666620 0.993235 
2453642.666835 0.992811 
2453642.667049 0.992381 
2453642.667264 0.991944 
2453642.667478 0.991503 
2453642.667693 0.991056 
2453642.667908 0.990606 
2453642.668122 0.990151 
2453642.668337 0.989693 
2453642.668551 0.989232 
2453642.668766 0.988770 
2453642.668981 0.988305 
2453642.669195 0.987839 
2453642.669410 0.987373 
2453642.669624 0.986908 
2453642.669839 0.986443 
2453642.670054 0.985979 
2453642.670268 0.985518 
2453642.670483 0.985061 
2453642.670697 0.984607 
2453642.670912 0.984158 
2453642.671127 0.983714 
2453642.671341 0.983278 
2453642.671556 0.982849 
2453642.671770 0.982430 
2453642.671985 0.982022 
2453642.672200 0.981626 
2453642.672414 0.981245 
2453642.672629 0.980880 
2453642.672843 0.980535 
2453642.673058 0.980215 
2453642.673272 0.979925 
2453642.673487 0.979679 
2453642.673702 0.979504 
2453642.673916 0.979344 
2453642.674131 0.979191 
2453642.674345 0.979044 
2453642.674560 0.978903 
2453642.674775 0.978767 
2453642.674989 0.978635 
2453642.675204 0.978507 
2453642.675418 0.978384 
2453642.675633 0.978263 
2453642.675848 0.978146 
2453642.676062 0.978032 
2453642.676277 0.977921 
2453642.676491 0.977813 
2453642.676706 0.977707 
2453642.676921 0.977604 
2453642.677135 0.977503 
2453642.677350 0.977404 
2453642.677564 0.977308 
2453642.677779 0.977213 
2453642.677994 0.977121 
2453642.678208 0.977030 
2453642.678423 0.976942 
2453642.678637 0.976855 
2453642.678852 0.976770 
2453642.679067 0.976686 
2453642.679281 0.976605 
2453642.679496 0.976524 
2453642.679710 0.976446 
2453642.679925 0.976368 
2453642.680139 0.976293 
2453642.680354 0.976218 
2453642.680569 0.976145 
2453642.680783 0.976073 
2453642.680998 0.976003 
2453642.681212 0.975933 
2453642.681427 0.975865 
2453642.681642 0.975798 
2453642.681856 0.975733 
2453642.682071 0.975668 
2453642.682285 0.975605 
2453642.682500 0.975542 
2453642.682715 0.975481 
2453642.682929 0.975421 
2453642.683144 0.975361 
2453642.683358 0.975303 
2453642.683573 0.975246 
2453642.683788 0.975189 
2453642.684002 0.975134 
2453642.684217 0.975079 
2453642.684431 0.975025 
2453642.684646 0.974972 
2453642.684861 0.974920 
2453642.685075 0.974869 
2453642.685290 0.974819 
2453642.685504 0.974770 
2453642.685719 0.974721 
2453642.685934 0.974673 
2453642.686148 0.974626 
2453642.686363 0.974580 
2453642.686577 0.974534 
2453642.686792 0.974489 
2453642.687006 0.974445 
2453642.687221 0.974401 
2453642.687436 0.974359 
2453642.687650 0.974317 
2453642.687865 0.974275 
2453642.688079 0.974235 
2453642.688294 0.974195 
2453642.688509 0.974155 
2453642.688723 0.974117 
2453642.688938 0.974078 
2453642.689152 0.974041 
2453642.689367 0.974004 
2453642.689582 0.973968 
2453642.689796 0.973932 
2453642.690011 0.973897 
2453642.690225 0.973863 
2453642.690440 0.973829 
2453642.690655 0.973796 
2453642.690869 0.973763 
2453642.691084 0.973731 
2453642.691298 0.973699 
2453642.691513 0.973668 
2453642.691728 0.973638 
2453642.691942 0.973608 
2453642.692157 0.973578 
2453642.692371 0.973549 
2453642.692586 0.973521 
2453642.692801 0.973493 
2453642.693015 0.973466 
2453642.693230 0.973439 
2453642.693444 0.973413 
2453642.693659 0.973387 
2453642.693874 0.973361 
2453642.694088 0.973336 
2453642.694303 0.973312 
2453642.694517 0.973288 
2453642.694732 0.973265 
2453642.694946 0.973242 
2453642.695161 0.973219 
2453642.695376 0.973197 
2453642.695590 0.973176 
2453642.695805 0.973154 
2453642.696019 0.973134 
2453642.696234 0.973113 
2453642.696449 0.973094 
2453642.696663 0.973074 
2453642.696878 0.973055 
2453642.697092 0.973037 
2453642.697307 0.973019 
2453642.697522 0.973001 
2453642.697736 0.972984 
2453642.697951 0.972967 
2453642.698165 0.972951 
2453642.698380 0.972935 
2453642.698595 0.972920 
2453642.698809 0.972905 
2453642.699024 0.972890 
2453642.699238 0.972876 
2453642.699453 0.972862 
2453642.699668 0.972848 
2453642.699882 0.972835 
2453642.700097 0.972823 
2453642.700311 0.972811 
2453642.700526 0.972799 
2453642.700741 0.972787 
2453642.700955 0.972776 
2453642.701170 0.972766 
2453642.701384 0.972755 
2453642.701599 0.972745 
2453642.701813 0.972736 
2453642.702028 0.972727 
2453642.702243 0.972718 
2453642.702457 0.972710 
2453642.702672 0.972702 
2453642.702886 0.972694 
2453642.703101 0.972687 
2453642.703316 0.972680 
2453642.703530 0.972674 
2453642.703745 0.972668 
2453642.703959 0.972662 
2453642.704174 0.972657 
2453642.704389 0.972652 
2453642.704603 0.972648 
2453642.704818 0.972644 
2453642.705032 0.972640 
2453642.705247 0.972636 
2453642.705462 0.972633 
2453642.705676 0.972631 
2453642.705891 0.972628 
2453642.706105 0.972627 
2453642.706320 0.972625 
2453642.706535 0.972624 
2453642.706749 0.972623 
2453642.706964 0.972623 
2453642.707178 0.972623 
2453642.707393 0.972623 
2453642.707608 0.972624 
2453642.707822 0.972625 
2453642.708037 0.972626 
2453642.708251 0.972628 
2453642.708466 0.972630 
2453642.708680 0.972633 
2453642.708895 0.972636 
2453642.709110 0.972639 
2453642.709324 0.972643 
2453642.709539 0.972647 
2453642.709753 0.972651 
2453642.709968 0.972656 
2453642.710183 0.972661 
2453642.710397 0.972667 
2453642.710612 0.972673 
2453642.710826 0.972679 
2453642.711041 0.972686 
2453642.711256 0.972693 
2453642.711470 0.972700 
2453642.711685 0.972708 
2453642.711899 0.972716 
2453642.712114 0.972725 
2453642.712329 0.972734 
2453642.712543 0.972743 
2453642.712758 0.972753 
2453642.712972 0.972763 
2453642.713187 0.972774 
2453642.713402 0.972785 
2453642.713616 0.972796 
2453642.713831 0.972808 
2453642.714045 0.972820 
2453642.714260 0.972833 
2453642.714475 0.972846 
2453642.714689 0.972859 
2453642.714904 0.972873 
2453642.715118 0.972887 
2453642.715333 0.972901 
2453642.715547 0.972916 
2453642.715762 0.972932 
2453642.715977 0.972948 
2453642.716191 0.972964 
2453642.716406 0.972980 
2453642.716620 0.972998 
2453642.716835 0.973015 
2453642.717050 0.973033 
2453642.717264 0.973051 
2453642.717479 0.973070 
2453642.717693 0.973089 
2453642.717908 0.973109 
2453642.718123 0.973129 
2453642.718337 0.973150 
2453642.718552 0.973171 
2453642.718766 0.973192 
2453642.718981 0.973214 
2453642.719196 0.973237 
2453642.719410 0.973260 
2453642.719625 0.973283 
2453642.719839 0.973307 
2453642.720054 0.973331 
2453642.720269 0.973356 
2453642.720483 0.973381 
2453642.720698 0.973407 
2453642.720912 0.973433 
2453642.721127 0.973460 
2453642.721342 0.973487 
2453642.721556 0.973515 
2453642.721771 0.973543 
2453642.721985 0.973572 
2453642.722200 0.973601 
2453642.722414 0.973631 
2453642.722629 0.973661 
2453642.722844 0.973692 
2453642.723058 0.973724 
2453642.723273 0.973756 
2453642.723487 0.973788 
2453642.723702 0.973822 
2453642.723917 0.973855 
2453642.724131 0.973890 
2453642.724346 0.973925 
2453642.724560 0.973960 
2453642.724775 0.973996 
2453642.724990 0.974033 
2453642.725204 0.974070 
2453642.725419 0.974108 
2453642.725633 0.974147 
2453642.725848 0.974186 
2453642.726063 0.974226 
2453642.726277 0.974266 
2453642.726492 0.974308 
2453642.726706 0.974349 
2453642.726921 0.974392 
2453642.727136 0.974435 
2453642.727350 0.974479 
2453642.727565 0.974524 
2453642.727779 0.974569 
2453642.727994 0.974616 
2453642.728209 0.974663 
2453642.728423 0.974710 
2453642.728638 0.974759 
2453642.728852 0.974808 
2453642.729067 0.974858 
2453642.729282 0.974909 
2453642.729496 0.974961 
2453642.729711 0.975014 
2453642.729925 0.975067 
2453642.730140 0.975122 
2453642.730354 0.975177 
2453642.730569 0.975233 
2453642.730784 0.975290 
2453642.730998 0.975348 
2453642.731213 0.975407 
2453642.731427 0.975468 
2453642.731642 0.975529 
2453642.731857 0.975591 
2453642.732071 0.975654 
2453642.732286 0.975718 
2453642.732500 0.975784 
2453642.732715 0.975851 
2453642.732930 0.975918 
2453642.733144 0.975987 
2453642.733359 0.976058 
2453642.733573 0.976129 
2453642.733788 0.976202 
2453642.734003 0.976276 
2453642.734217 0.976352 
2453642.734432 0.976429 
2453642.734646 0.976507 
2453642.734861 0.976587 
2453642.735076 0.976668 
2453642.735290 0.976751 
2453642.735505 0.976836 
2453642.735719 0.976923 
2453642.735934 0.977011 
2453642.736149 0.977101 
2453642.736363 0.977193 
2453642.736578 0.977287 
2453642.736792 0.977383 
2453642.737007 0.977481 
2453642.737221 0.977581 
2453642.737436 0.977684 
2453642.737651 0.977789 
2453642.737865 0.977897 
2453642.738080 0.978007 
2453642.738294 0.978121 
2453642.738509 0.978237 
2453642.738724 0.978357 
2453642.738938 0.978480 
2453642.739153 0.978607 
2453642.739367 0.978738 
2453642.739582 0.978873 
2453642.739797 0.979013 
2453642.740011 0.979158 
2453642.740226 0.979310 
2453642.740440 0.979468 
2453642.740655 0.979637 
2453642.740870 0.979866 
2453642.741084 0.980148 
2453642.741299 0.980463 
2453642.741513 0.980803 
2453642.741728 0.981163 
2453642.741943 0.981541 
2453642.742157 0.981934 
2453642.742372 0.982340 
2453642.742586 0.982757 
2453642.742801 0.983183 
2453642.743016 0.983618 
2453642.743230 0.984060 
2453642.743445 0.984508 
2453642.743659 0.984961 
2453642.743874 0.985418 
2453642.744088 0.985878 
2453642.744303 0.986341 
2453642.744518 0.986806 
2453642.744732 0.987271 
2453642.744947 0.987737 
2453642.745161 0.988203 
2453642.745376 0.988668 
2453642.745591 0.989131 
2453642.745805 0.989592 
2453642.746020 0.990051 
2453642.746234 0.990506 
2453642.746449 0.990958 
2453642.746664 0.991405 
2453642.746878 0.991848 
2453642.747093 0.992285 
2453642.747307 0.992717 
2453642.747522 0.993142 
2453642.747737 0.993561 
2453642.747951 0.993973 
2453642.748166 0.994376 
2453642.748380 0.994772 
2453642.748595 0.995158 
2453642.748810 0.995536 
2453642.749024 0.995904 
2453642.749239 0.996261 
2453642.749453 0.996608 
2453642.749668 0.996943 
2453642.749883 0.997266 
2453642.750097 0.997577 
2453642.750312 0.997875 
2453642.750526 0.998158 
2453642.750741 0.998427 
2453642.750955 0.998681 
2453642.751170 0.998918 
2453642.751385 0.999137 
2453642.751599 0.999338 
2453642.751814 0.999519 
2453642.752028 0.999677 
2453642.752243 0.999812 
2453642.752458 0.999917 
2453642.752672 0.999987 
2453642.752887 1.000000 
2453642.753101 1.000000 
2453642.753316 1.000000 
2453642.753531 1.000000 
2453642.753745 1.000000 
2453642.753960 1.000000 
2453642.754174 1.000000 
2453642.754389 1.000000 
2453642.754604 1.000000 
2453642.754818 1.000000 
2453642.755033 1.000000 
2453642.755247 1.000000 
2453642.755462 1.000000 
2453642.755677 1.000000 
2453642.755891 1.000000 
2453642.756106 1.000000 
2453642.756320 1.000000 
2453642.756535 1.000000 
2453642.756750 1.000000 
2453642.756964 1.000000 
2453642.757179 1.000000 
2453642.757393 1.000000 
2453642.757608 1.000000 
2453642.757822 1.000000 
2453642.758037 1.000000 
2453642.758252 1.000000 
2453642.758466 1.000000 
2453642.758681 1.000000 
2453642.758895 1.000000 
2453642.759110 1.000000 
2453642.759325 1.000000 
2453642.759539 1.000000 
2453642.759754 1.000000 
2453642.759968 1.000000 
2453642.760183 1.000000 
2453642.760398 1.000000 
2453642.760612 1.000000 
2453642.760827 1.000000 
2453642.761041 1.000000 
2453642.761256 1.000000 
2453642.761471 1.000000 
2453642.761685 1.000000 
2453642.761900 1.000000 
2453642.762114 1.000000 
2453642.762329 1.000000 
2453642.762544 1.000000 
2453642.762758 1.000000 
2453642.762973 1.000000 
2453642.763187 1.000000 
2453642.763402 1.000000 
2453642.763617 1.000000 
2453642.763831 1.000000 
2453642.764046 1.000000 
2453642.764260 1.000000 
2453642.764475 1.000000 
2453642.764690 1.000000 
2453642.764904 1.000000 
2453642.765119 1.000000 
2453642.765333 1.000000 
2453642.765548 1.000000 
2453642.765762 1.000000 
2453642.765977 1.000000 
2453642.766192 1.000000 
2453642.766406 1.000000 
2453642.766621 1.000000 
2453642.766835 1.000000 
2453642.767050 1.000000 
2453642.767265 1.000000 
2453642.767479 1.000000 
2453642.767694 1.000000 
2453642.767908 1.000000 
2453642.768123 1.000000 
2453642.768338 1.000000 
2453642.768552 1.000000 
2453642.768767 1.000000 
2453642.768981 1.000000 
2453642.769196 1.000000 
2453642.769411 1.000000 
2453642.769625 1.000000 
2453642.769840 1.000000 
2453642.770054 1.000000 
2453642.770269 1.000000 
2453642.770484 1.000000 
2453642.770698 1.000000 
2453642.770913 1.000000 
2453642.771127 1.000000 
2453642.771342 1.000000 
2453642.771557 1.000000 
2453642.771771 1.000000 
2453642.771986 1.000000 
2453642.772200 1.000000 
2453642.772415 1.000000 
2453642.772629 1.000000 
2453642.772844 1.000000 
2453642.773059 1.000000 
2453642.773273 1.000000 
2453642.773488 1.000000 
2453642.773702 1.000000 
2453642.773917 1.000000 
2453642.774132 1.000000 
2453642.774346 1.000000 
2453642.774561 1.000000 
2453642.774775 1.000000 
2453642.774990 1.000000 
2453642.775205 1.000000 
2453642.775419 1.000000 
2453642.775634 1.000000 
2453642.775848 1.000000 
2453642.776063 1.000000 
2453642.776278 1.000000 
2453642.776492 1.000000 
2453642.776707 1.000000 
2453642.776921 1.000000 
2453642.777136 1.000000 
2453642.777351 1.000000 
2453642.777565 1.000000 
2453642.777780 1.000000 
2453642.777994 1.000000 
2453642.778209 1.000000 
2453642.778424 1.000000 
2453642.778638 1.000000 
2453642.778853 1.000000 
2453642.779067 1.000000 
2453642.779282 1.000000 
2453642.779496 1.000000 
2453642.779711 1.000000 
2453642.779926 1.000000 
2453642.780140 1.000000 
2453642.780355 1.000000 
2453642.780569 1.000000 
2453642.780784 1.000000 
2453642.780999 1.000000 
2453642.781213 1.000000 
2453642.781428 1.000000 
2453642.781642 1.000000 
2453642.781857 1.000000 
2453642.782072 1.000000 
2453642.782286 1.000000 
2453642.782501 1.000000 
2453642.782715 1.000000 
2453642.782930 1.000000 
2453642.783145 1.000000 
2453642.783359 1.000000 
2453642.783574 1.000000 
2453642.783788 1.000000 
2453642.784003 1.000000 
2453642.784218 1.000000 
2453642.784432 1.000000 
2453642.784647 1.000000 
2453642.784861 1.000000 
2453642.785076 1.000000 
2453642.785291 1.000000 
2453642.785505 1.000000 
2453642.785720 1.000000 
2453642.785934 1.000000 
2453642.786149 1.000000 
2453642.786363 1.000000 
2453642.786578 1.000000 
2453642.786793 1.000000 
