# epoch model 
-1.109287 0.000000 
-1.108287 0.000000 
-1.107287 0.000000 
-1.106287 0.000000 
-1.105287 0.000000 
-1.104287 0.000000 
-1.103287 0.000000 
-1.102287 0.000000 
-1.101287 0.000000 
-1.100287 0.000000 
-1.099287 0.000000 
-1.098287 0.000000 
-1.097287 0.000000 
-1.096287 0.000000 
-1.095287 0.000000 
-1.094287 0.000000 
-1.093287 0.000000 
-1.092287 0.000000 
-1.091287 0.000000 
-1.090287 0.000000 
-1.089287 0.000000 
-1.088287 0.000000 
-1.087287 0.000000 
-1.086287 0.000000 
-1.085287 0.000000 
-1.084287 0.000000 
-1.083287 0.000000 
-1.082287 0.000000 
-1.081287 0.000000 
-1.080287 0.000000 
-1.079287 0.000000 
-1.078287 0.000000 
-1.077287 0.000000 
-1.076287 0.000000 
-1.075287 0.000000 
-1.074287 0.000000 
-1.073287 0.000000 
-1.072287 0.000000 
-1.071287 0.000000 
-1.070287 0.000000 
-1.069287 0.000000 
-1.068287 0.000000 
-1.067287 0.000000 
-1.066287 0.000000 
-1.065287 0.000000 
-1.064287 0.000000 
-1.063287 0.000000 
-1.062287 0.000000 
-1.061287 0.000000 
-1.060287 0.000000 
-1.059287 0.000000 
-1.058287 0.000000 
-1.057287 0.000000 
-1.056287 0.000000 
-1.055287 0.000000 
-1.054287 0.000000 
-1.053287 0.000000 
-1.052287 0.000000 
-1.051287 0.000000 
-1.050287 0.000000 
-1.049287 0.000000 
-1.048287 0.000000 
-1.047287 0.000000 
-1.046287 0.000000 
-1.045287 0.000000 
-1.044287 0.000000 
-1.043287 0.000000 
-1.042287 0.000000 
-1.041287 0.000000 
-1.040287 0.000000 
-1.039287 0.000000 
-1.038287 0.000000 
-1.037287 0.000000 
-1.036287 0.000000 
-1.035287 0.000000 
-1.034287 0.000000 
-1.033287 0.000000 
-1.032287 0.000000 
-1.031287 0.000000 
-1.030287 0.000000 
-1.029287 0.000000 
-1.028287 0.000000 
-1.027287 0.000000 
-1.026287 0.000000 
-1.025287 0.000000 
-1.024287 0.000000 
-1.023287 0.000000 
-1.022287 0.000000 
-1.021287 0.000000 
-1.020287 0.000000 
-1.019287 0.000000 
-1.018287 0.000000 
-1.017287 0.000000 
-1.016287 0.000000 
-1.015287 0.000000 
-1.014287 0.000000 
-1.013287 0.000000 
-1.012287 0.000000 
-1.011287 0.000000 
-1.010287 0.000000 
-1.009287 0.000000 
-1.008287 0.000000 
-1.007287 0.000000 
-1.006287 0.000000 
-1.005287 0.000000 
-1.004287 0.000000 
-1.003287 0.000000 
-1.002287 0.000000 
-1.001287 0.000000 
-1.000287 0.000000 
-0.999287 0.000000 
-0.998287 0.000000 
-0.997287 0.000000 
-0.996287 0.000000 
-0.995287 0.000000 
-0.994287 0.000000 
-0.993287 0.000000 
-0.992287 0.000000 
-0.991287 0.000000 
-0.990287 0.000000 
-0.989287 0.000000 
-0.988287 0.000000 
-0.987287 0.000000 
-0.986287 0.000000 
-0.985287 0.000000 
-0.984287 0.000000 
-0.983287 0.000000 
-0.982287 0.000000 
-0.981287 0.000000 
-0.980287 0.000000 
-0.979287 0.000000 
-0.978287 0.000000 
-0.977287 0.000000 
-0.976287 0.000000 
-0.975287 0.000000 
-0.974287 0.000000 
-0.973287 0.000000 
-0.972287 0.000000 
-0.971287 0.000000 
-0.970287 0.000000 
-0.969287 0.000000 
-0.968287 0.000000 
-0.967287 0.000000 
-0.966287 0.000000 
-0.965287 0.000000 
-0.964287 0.000000 
-0.963287 0.000000 
-0.962287 0.000000 
-0.961287 0.000000 
-0.960287 0.000000 
-0.959287 0.000000 
-0.958287 0.000000 
-0.957287 0.000000 
-0.956287 0.000000 
-0.955287 0.000000 
-0.954287 0.000000 
-0.953287 0.000000 
-0.952287 0.000000 
-0.951287 0.000000 
-0.950287 0.000000 
-0.949287 0.000000 
-0.948287 0.000000 
-0.947287 0.000000 
-0.946287 0.000000 
-0.945287 0.000000 
-0.944287 0.000000 
-0.943287 0.000000 
-0.942287 0.000000 
-0.941287 0.000000 
-0.940287 0.000000 
-0.939287 0.000000 
-0.938287 0.000000 
-0.937287 0.000000 
-0.936287 0.000000 
-0.935287 0.000000 
-0.934287 0.000000 
-0.933287 0.000000 
-0.932287 0.000000 
-0.931287 0.000000 
-0.930287 0.000000 
-0.929287 0.000000 
-0.928287 0.000000 
-0.927287 0.000000 
-0.926287 0.000000 
-0.925287 0.000000 
-0.924287 0.000000 
-0.923287 0.000000 
-0.922287 0.000000 
-0.921287 0.000000 
-0.920287 0.000000 
-0.919287 0.000000 
-0.918287 0.000000 
-0.917287 0.000000 
-0.916287 0.000000 
-0.915287 0.000000 
-0.914287 0.000000 
-0.913287 0.000000 
-0.912287 0.000000 
-0.911287 0.000000 
-0.910287 0.000000 
-0.909287 0.000000 
-0.908287 0.000000 
-0.907287 0.000000 
-0.906287 0.000000 
-0.905287 0.000000 
-0.904287 0.000000 
-0.903287 0.000000 
-0.902287 0.000000 
-0.901287 0.000000 
-0.900287 0.000000 
-0.899287 0.000000 
-0.898287 0.000000 
-0.897287 0.000000 
-0.896287 0.000000 
-0.895287 0.000000 
-0.894287 0.000000 
-0.893287 0.000000 
-0.892287 0.000000 
-0.891287 0.000000 
-0.890287 0.000000 
-0.889287 0.000000 
-0.888287 0.000000 
-0.887287 0.000000 
-0.886287 0.000000 
-0.885287 0.000000 
-0.884287 0.000000 
-0.883287 0.000000 
-0.882287 0.000000 
-0.881287 0.000000 
-0.880287 0.000000 
-0.879287 0.000000 
-0.878287 0.000000 
-0.877287 0.000000 
-0.876287 0.000000 
-0.875287 0.000000 
-0.874287 0.000000 
-0.873287 0.000000 
-0.872287 0.000000 
-0.871287 0.000000 
-0.870287 0.000000 
-0.869287 0.000000 
-0.868287 0.000000 
-0.867287 0.000000 
-0.866287 0.000000 
-0.865287 0.000000 
-0.864287 0.000000 
-0.863287 0.000000 
-0.862287 0.000000 
-0.861287 0.000000 
-0.860287 0.000000 
-0.859287 0.000000 
-0.858287 0.000000 
-0.857287 0.000000 
-0.856287 0.000000 
-0.855287 0.000000 
-0.854287 0.000000 
-0.853287 0.000000 
-0.852287 0.000000 
-0.851287 0.000000 
-0.850287 0.000000 
-0.849287 0.000000 
-0.848287 0.000000 
-0.847287 0.000000 
-0.846287 0.000000 
-0.845287 0.000000 
-0.844287 0.000000 
-0.843287 0.000000 
-0.842287 0.000000 
-0.841287 0.000000 
-0.840287 0.000000 
-0.839287 0.000000 
-0.838287 0.000000 
-0.837287 0.000000 
-0.836287 0.000000 
-0.835287 0.000000 
-0.834287 0.000000 
-0.833287 0.000000 
-0.832287 0.000000 
-0.831287 0.000000 
-0.830287 0.000000 
-0.829287 0.000000 
-0.828287 0.000000 
-0.827287 0.000000 
-0.826287 0.000000 
-0.825287 0.000000 
-0.824287 0.000000 
-0.823287 0.000000 
-0.822287 0.000000 
-0.821287 0.000000 
-0.820287 0.000000 
-0.819287 0.000000 
-0.818287 0.000000 
-0.817287 0.000000 
-0.816287 0.000000 
-0.815287 0.000000 
-0.814287 0.000000 
-0.813287 0.000000 
-0.812287 0.000000 
-0.811287 0.000000 
-0.810287 0.000000 
-0.809287 0.000000 
-0.808287 0.000000 
-0.807287 0.000000 
-0.806287 0.000000 
-0.805287 0.000000 
-0.804287 0.000000 
-0.803287 0.000000 
-0.802287 0.000000 
-0.801287 0.000000 
-0.800287 0.000000 
-0.799287 0.000000 
-0.798287 0.000000 
-0.797287 0.000000 
-0.796287 0.000000 
-0.795287 0.000000 
-0.794287 0.000000 
-0.793287 0.000000 
-0.792287 0.000000 
-0.791287 0.000000 
-0.790287 0.000000 
-0.789287 0.000000 
-0.788287 0.000000 
-0.787287 0.000000 
-0.786287 0.000000 
-0.785287 0.000000 
-0.784287 0.000000 
-0.783287 0.000000 
-0.782287 0.000000 
-0.781287 0.000000 
-0.780287 0.000000 
-0.779287 0.000000 
-0.778287 0.000000 
-0.777287 0.000000 
-0.776287 0.000000 
-0.775287 0.000000 
-0.774287 0.000000 
-0.773287 0.000000 
-0.772287 0.000000 
-0.771287 0.000000 
-0.770287 0.000000 
-0.769287 0.000000 
-0.768287 0.000000 
-0.767287 0.000000 
-0.766287 0.000000 
-0.765287 0.000000 
-0.764287 0.000000 
-0.763287 0.000000 
-0.762287 0.000000 
-0.761287 0.000000 
-0.760287 0.000000 
-0.759287 0.000000 
-0.758287 0.000000 
-0.757287 0.000000 
-0.756287 0.000000 
-0.755287 0.000000 
-0.754287 0.000000 
-0.753287 0.000000 
-0.752287 0.000000 
-0.751287 0.000000 
-0.750287 0.000000 
-0.749287 0.000000 
-0.748287 0.000000 
-0.747287 0.000000 
-0.746287 0.000000 
-0.745287 0.000000 
-0.744287 0.000000 
-0.743287 0.000000 
-0.742287 0.000000 
-0.741287 0.000000 
-0.740287 0.000000 
-0.739287 0.000000 
-0.738287 0.000000 
-0.737287 0.000000 
-0.736287 0.000000 
-0.735287 0.000000 
-0.734287 0.000000 
-0.733287 0.000000 
-0.732287 0.000000 
-0.731287 0.000000 
-0.730287 0.000000 
-0.729287 0.000000 
-0.728287 0.000000 
-0.727287 0.000000 
-0.726287 0.000000 
-0.725287 0.000000 
-0.724287 0.000000 
-0.723287 0.000000 
-0.722287 0.000000 
-0.721287 0.000000 
-0.720287 0.000000 
-0.719287 0.000000 
-0.718287 0.000000 
-0.717287 0.000000 
-0.716287 0.000000 
-0.715287 0.000000 
-0.714287 0.000000 
-0.713287 0.000000 
-0.712287 0.000000 
-0.711287 0.000000 
-0.710287 0.000000 
-0.709287 0.000000 
-0.708287 0.000000 
-0.707287 0.000000 
-0.706287 0.000000 
-0.705287 0.000000 
-0.704287 0.000000 
-0.703287 0.000000 
-0.702287 0.000000 
-0.701287 0.000000 
-0.700287 0.000000 
-0.699287 0.000000 
-0.698287 0.000000 
-0.697287 0.000000 
-0.696287 0.000000 
-0.695287 0.000000 
-0.694287 0.000000 
-0.693287 0.000000 
-0.692287 0.000000 
-0.691287 0.000000 
-0.690287 0.000000 
-0.689287 0.000000 
-0.688287 0.000000 
-0.687287 0.000000 
-0.686287 0.000000 
-0.685287 0.000000 
-0.684287 0.000000 
-0.683287 0.000000 
-0.682287 0.000000 
-0.681287 0.000000 
-0.680287 0.000000 
-0.679287 0.000000 
-0.678287 0.000000 
-0.677287 0.000000 
-0.676287 0.000000 
-0.675287 0.000000 
-0.674287 0.000000 
-0.673287 0.000000 
-0.672287 0.000000 
-0.671287 0.000000 
-0.670287 0.000000 
-0.669287 0.000000 
-0.668287 0.000000 
-0.667287 0.000000 
-0.666287 0.000000 
-0.665287 0.000000 
-0.664287 0.000000 
-0.663287 0.000000 
-0.662287 0.000000 
-0.661287 0.000000 
-0.660287 0.000000 
-0.659287 0.000000 
-0.658287 0.000000 
-0.657287 0.000000 
-0.656287 0.000000 
-0.655287 0.000000 
-0.654287 0.000000 
-0.653287 0.000000 
-0.652287 0.000000 
-0.651287 0.000000 
-0.650287 0.000000 
-0.649287 0.000000 
-0.648287 0.000000 
-0.647287 0.000000 
-0.646287 0.000000 
-0.645287 0.000000 
-0.644287 0.000000 
-0.643287 0.000000 
-0.642287 0.000000 
-0.641287 0.000000 
-0.640287 0.000000 
-0.639287 0.000000 
-0.638287 0.000000 
-0.637287 0.000000 
-0.636287 0.000000 
-0.635287 0.000000 
-0.634287 0.000000 
-0.633287 0.000000 
-0.632287 0.000000 
-0.631287 0.000000 
-0.630287 0.000000 
-0.629287 0.000000 
-0.628287 0.000000 
-0.627287 0.000000 
-0.626287 0.000000 
-0.625287 0.000000 
-0.624287 0.000000 
-0.623287 0.000000 
-0.622287 0.000000 
-0.621287 0.000000 
-0.620287 0.000000 
-0.619287 0.000000 
-0.618287 0.000000 
-0.617287 0.000000 
-0.616287 0.000000 
-0.615287 0.000000 
-0.614287 0.000000 
-0.613287 0.000000 
-0.612287 0.000000 
-0.611287 0.000000 
-0.610287 0.000000 
-0.609287 0.000000 
-0.608287 0.000000 
-0.607287 0.000000 
-0.606287 0.000000 
-0.605287 0.000000 
-0.604287 0.000000 
-0.603287 0.000000 
-0.602287 0.000000 
-0.601287 0.000000 
-0.600287 0.000000 
-0.599287 0.000000 
-0.598287 0.000000 
-0.597287 0.000000 
-0.596287 0.000000 
-0.595287 0.000000 
-0.594287 0.000000 
-0.593287 0.000000 
-0.592287 0.000000 
-0.591287 0.000000 
-0.590287 0.000000 
-0.589287 0.000000 
-0.588287 0.000000 
-0.587287 0.000000 
-0.586287 0.000000 
-0.585287 0.000000 
-0.584287 0.000000 
-0.583287 0.000000 
-0.582287 0.000000 
-0.581287 0.000000 
-0.580287 0.000000 
-0.579287 0.000000 
-0.578287 0.000000 
-0.577287 0.000000 
-0.576287 0.000000 
-0.575287 0.000000 
-0.574287 0.000000 
-0.573287 0.000000 
-0.572287 0.000000 
-0.571287 0.000000 
-0.570287 0.000000 
-0.569287 0.000000 
-0.568287 0.000000 
-0.567287 0.000000 
-0.566287 0.000000 
-0.565287 0.000000 
-0.564287 0.000000 
-0.563287 0.000000 
-0.562287 0.000000 
-0.561287 0.000000 
-0.560287 0.000000 
-0.559287 0.000000 
-0.558287 0.000000 
-0.557287 0.000000 
-0.556287 0.000000 
-0.555287 0.000000 
-0.554287 0.000000 
-0.553287 0.000000 
-0.552287 0.000000 
-0.551287 0.000000 
-0.550287 0.000000 
-0.549287 0.000000 
-0.548287 0.000000 
-0.547287 0.000000 
-0.546287 0.000000 
-0.545287 0.000000 
-0.544287 0.000000 
-0.543287 0.000000 
-0.542287 0.000000 
-0.541287 0.000000 
-0.540287 0.000000 
-0.539287 0.000000 
-0.538287 0.000000 
-0.537287 0.000000 
-0.536287 0.000000 
-0.535287 0.000000 
-0.534287 0.000000 
-0.533287 0.000000 
-0.532287 0.000000 
-0.531287 0.000000 
-0.530287 0.000000 
-0.529287 0.000000 
-0.528287 0.000000 
-0.527287 0.000000 
-0.526287 0.000000 
-0.525287 0.000000 
-0.524287 0.000000 
-0.523287 0.000000 
-0.522287 0.000000 
-0.521287 0.000000 
-0.520287 0.000000 
-0.519287 0.000000 
-0.518287 0.000000 
-0.517287 0.000000 
-0.516287 0.000000 
-0.515287 0.000000 
-0.514287 0.000000 
-0.513287 0.000000 
-0.512287 0.000000 
-0.511287 0.000000 
-0.510287 0.000000 
-0.509287 0.000000 
-0.508287 0.000000 
-0.507287 0.000000 
-0.506287 0.000000 
-0.505287 0.000000 
-0.504287 0.000000 
-0.503287 0.000000 
-0.502287 0.000000 
-0.501287 0.000000 
-0.500287 0.000000 
-0.499287 0.000000 
-0.498287 0.000000 
-0.497287 0.000000 
-0.496287 0.000000 
-0.495287 0.000000 
-0.494287 0.000000 
-0.493287 0.000000 
-0.492287 0.000000 
-0.491287 0.000000 
-0.490287 0.000000 
-0.489287 0.000000 
-0.488287 0.000000 
-0.487287 0.000000 
-0.486287 0.000000 
-0.485287 0.000000 
-0.484287 0.000000 
-0.483287 0.000000 
-0.482287 0.000000 
-0.481287 0.000000 
-0.480287 0.000000 
-0.479287 0.000000 
-0.478287 0.000000 
-0.477287 0.000000 
-0.476287 0.000000 
-0.475287 0.000000 
-0.474287 0.000000 
-0.473287 0.000000 
-0.472287 0.000000 
-0.471287 0.000000 
-0.470287 0.000000 
-0.469287 0.000000 
-0.468287 0.000000 
-0.467287 0.000000 
-0.466287 0.000000 
-0.465287 0.000000 
-0.464287 0.000000 
-0.463287 0.000000 
-0.462287 0.000000 
-0.461287 0.000000 
-0.460287 0.000000 
-0.459287 0.000000 
-0.458287 0.000000 
-0.457287 0.000000 
-0.456287 0.000000 
-0.455287 0.000000 
-0.454287 0.000000 
-0.453287 0.000000 
-0.452287 0.000000 
-0.451287 0.000000 
-0.450287 0.000000 
-0.449287 0.000000 
-0.448287 0.000000 
-0.447287 0.000000 
-0.446287 0.000000 
-0.445287 0.000000 
-0.444287 0.000000 
-0.443287 0.000000 
-0.442287 0.000000 
-0.441287 0.000000 
-0.440287 0.000000 
-0.439287 0.000000 
-0.438287 0.000000 
-0.437287 0.000000 
-0.436287 0.000000 
-0.435287 0.000000 
-0.434287 0.000000 
-0.433287 0.000000 
-0.432287 0.000000 
-0.431287 0.000000 
-0.430287 0.000000 
-0.429287 0.000000 
-0.428287 0.000000 
-0.427287 0.000000 
-0.426287 0.000000 
-0.425287 0.000000 
-0.424287 0.000000 
-0.423287 0.000000 
-0.422287 0.000000 
-0.421287 0.000000 
-0.420287 0.000000 
-0.419287 0.000000 
-0.418287 0.000000 
-0.417287 0.000000 
-0.416287 0.000000 
-0.415287 0.000000 
-0.414287 0.000000 
-0.413287 0.000000 
-0.412287 0.000000 
-0.411287 0.000000 
-0.410287 0.000000 
-0.409287 0.000000 
-0.408287 0.000000 
-0.407287 0.000000 
-0.406287 0.000000 
-0.405287 0.000000 
-0.404287 0.000000 
-0.403287 0.000000 
-0.402287 0.000000 
-0.401287 0.000000 
-0.400287 0.000000 
-0.399287 0.000000 
-0.398287 0.000000 
-0.397287 0.000000 
-0.396287 0.000000 
-0.395287 0.000000 
-0.394287 0.000000 
-0.393287 0.000000 
-0.392287 0.000000 
-0.391287 0.000000 
-0.390287 0.000000 
-0.389287 0.000000 
-0.388287 0.000000 
-0.387287 0.000000 
-0.386287 0.000000 
-0.385287 0.000000 
-0.384287 0.000000 
-0.383287 0.000000 
-0.382287 0.000000 
-0.381287 0.000000 
-0.380287 0.000000 
-0.379287 0.000000 
-0.378287 0.000000 
-0.377287 0.000000 
-0.376287 0.000000 
-0.375287 0.000000 
-0.374287 0.000000 
-0.373287 0.000000 
-0.372287 0.000000 
-0.371287 0.000000 
-0.370287 0.000000 
-0.369287 0.000000 
-0.368287 0.000000 
-0.367287 0.000000 
-0.366287 0.000000 
-0.365287 0.000000 
-0.364287 0.000000 
-0.363287 0.000000 
-0.362287 0.000000 
-0.361287 0.000000 
-0.360287 0.000000 
-0.359287 0.000000 
-0.358287 0.000000 
-0.357287 0.000000 
-0.356287 0.000000 
-0.355287 0.000000 
-0.354287 0.000000 
-0.353287 0.000000 
-0.352287 0.000000 
-0.351287 0.000000 
-0.350287 0.000000 
-0.349287 0.000000 
-0.348287 0.000000 
-0.347287 0.000000 
-0.346287 0.000000 
-0.345287 0.000000 
-0.344287 0.000000 
-0.343287 0.000000 
-0.342287 0.000000 
-0.341287 0.000000 
-0.340287 0.000000 
-0.339287 0.000000 
-0.338287 0.000000 
-0.337287 0.000000 
-0.336287 0.000000 
-0.335287 0.000000 
-0.334287 0.000000 
-0.333287 0.000000 
-0.332287 0.000000 
-0.331287 0.000000 
-0.330287 0.000000 
-0.329287 0.000000 
-0.328287 0.000000 
-0.327287 0.000000 
-0.326287 0.000000 
-0.325287 0.000000 
-0.324287 0.000000 
-0.323287 0.000000 
-0.322287 0.000000 
-0.321287 0.000000 
-0.320287 0.000000 
-0.319287 0.000000 
-0.318287 0.000000 
-0.317287 0.000000 
-0.316287 0.000000 
-0.315287 0.000000 
-0.314287 0.000000 
-0.313287 0.000000 
-0.312287 0.000000 
-0.311287 0.000000 
-0.310287 0.000000 
-0.309287 0.000000 
-0.308287 0.000000 
-0.307287 0.000000 
-0.306287 0.000000 
-0.305287 0.000000 
-0.304287 0.000000 
-0.303287 0.000000 
-0.302287 0.000000 
-0.301287 0.000000 
-0.300287 0.000000 
-0.299287 0.000000 
-0.298287 0.000000 
-0.297287 0.000000 
-0.296287 0.000000 
-0.295287 0.000000 
-0.294287 0.000000 
-0.293287 0.000000 
-0.292287 0.000000 
-0.291287 0.000000 
-0.290287 0.000000 
-0.289287 0.000000 
-0.288287 0.000000 
-0.287287 0.000000 
-0.286287 0.000000 
-0.285287 0.000000 
-0.284287 0.000000 
-0.283287 0.000000 
-0.282287 0.000000 
-0.281287 0.000000 
-0.280287 0.000000 
-0.279287 0.000000 
-0.278287 0.000000 
-0.277287 0.000000 
-0.276287 0.000000 
-0.275287 0.000000 
-0.274287 0.000000 
-0.273287 0.000000 
-0.272287 0.000000 
-0.271287 0.000000 
-0.270287 0.000000 
-0.269287 0.000000 
-0.268287 0.000000 
-0.267287 0.000000 
-0.266287 0.000000 
-0.265287 0.000000 
-0.264287 0.000000 
-0.263287 0.000000 
-0.262287 0.000000 
-0.261287 0.000000 
-0.260287 0.000000 
-0.259287 0.000000 
-0.258287 0.000000 
-0.257287 0.000000 
-0.256287 0.000000 
-0.255287 0.000000 
-0.254287 0.000000 
-0.253287 0.000000 
-0.252287 0.000000 
-0.251287 0.000000 
-0.250287 0.000000 
-0.249287 0.000000 
-0.248287 0.000000 
-0.247287 0.000000 
-0.246287 0.000000 
-0.245287 0.000000 
-0.244287 0.000000 
-0.243287 0.000000 
-0.242287 0.000000 
-0.241287 0.000000 
-0.240287 0.000000 
-0.239287 0.000000 
-0.238287 0.000000 
-0.237287 0.000000 
-0.236287 0.000000 
-0.235287 0.000000 
-0.234287 0.000000 
-0.233287 0.000000 
-0.232287 0.000000 
-0.231287 0.000000 
-0.230287 0.000000 
-0.229287 0.000000 
-0.228287 0.000000 
-0.227287 0.000000 
-0.226287 0.000000 
-0.225287 0.000000 
-0.224287 0.000000 
-0.223287 0.000000 
-0.222287 0.000000 
-0.221287 0.000000 
-0.220287 0.000000 
-0.219287 0.000000 
-0.218287 0.000000 
-0.217287 0.000000 
-0.216287 0.000000 
-0.215287 0.000000 
-0.214287 0.000000 
-0.213287 0.000000 
-0.212287 0.000000 
-0.211287 0.000000 
-0.210287 0.000000 
-0.209287 0.000000 
-0.208287 0.000000 
-0.207287 0.000000 
-0.206287 0.000000 
-0.205287 0.000000 
-0.204287 0.000000 
-0.203287 0.000000 
-0.202287 0.000000 
-0.201287 0.000000 
-0.200287 0.000000 
-0.199287 0.000000 
-0.198287 0.000000 
-0.197287 0.000000 
-0.196287 0.000000 
-0.195287 0.000000 
-0.194287 0.000000 
-0.193287 0.000000 
-0.192287 0.000000 
-0.191287 0.000000 
-0.190287 0.000000 
-0.189287 0.000000 
-0.188287 0.000000 
-0.187287 0.000000 
-0.186287 0.000000 
-0.185287 0.000000 
-0.184287 0.000000 
-0.183287 0.000000 
-0.182287 0.000000 
-0.181287 0.000000 
-0.180287 0.000000 
-0.179287 0.000000 
-0.178287 0.000000 
-0.177287 0.000000 
-0.176287 0.000000 
-0.175287 0.000000 
-0.174287 0.000000 
-0.173287 0.000000 
-0.172287 0.000000 
-0.171287 0.000000 
-0.170287 0.000000 
-0.169287 0.000000 
-0.168287 0.000000 
-0.167287 0.000000 
-0.166287 0.000000 
-0.165287 0.000000 
-0.164287 0.000000 
-0.163287 0.000000 
-0.162287 0.000000 
-0.161287 0.000000 
-0.160287 0.000000 
-0.159287 0.000000 
-0.158287 0.000000 
-0.157287 0.000000 
-0.156287 0.000000 
-0.155287 0.000000 
-0.154287 0.000000 
-0.153287 0.000000 
-0.152287 0.000000 
-0.151287 0.000000 
-0.150287 0.000000 
-0.149287 0.000000 
-0.148287 0.000000 
-0.147287 0.000000 
-0.146287 0.000000 
-0.145287 0.000000 
-0.144287 0.000000 
-0.143287 0.000000 
-0.142287 0.000000 
-0.141287 0.000000 
-0.140287 0.000000 
-0.139287 0.000000 
-0.138287 0.000000 
-0.137287 0.000000 
-0.136287 0.000000 
-0.135287 0.000000 
-0.134287 0.000000 
-0.133287 0.000000 
-0.132287 0.000000 
-0.131287 0.000000 
-0.130287 0.000000 
-0.129287 0.000000 
-0.128287 0.000000 
-0.127287 0.000000 
-0.126287 0.000000 
-0.125287 0.000000 
-0.124287 0.000000 
-0.123287 0.000000 
-0.122287 0.000000 
-0.121287 0.000000 
-0.120287 0.000000 
-0.119287 0.000000 
-0.118287 0.000000 
-0.117287 0.000000 
-0.116287 0.000000 
-0.115287 0.000000 
-0.114287 0.000000 
-0.113287 0.000000 
-0.112287 0.000000 
-0.111287 0.000000 
-0.110287 0.000000 
-0.109287 0.000000 
-0.108287 0.000000 
-0.107287 0.000000 
-0.106287 0.000000 
-0.105287 0.000000 
-0.104287 0.000000 
-0.103287 0.000000 
-0.102287 0.000000 
-0.101287 0.000000 
-0.100287 0.000000 
-0.099287 0.000000 
-0.098287 0.000000 
-0.097287 0.000000 
-0.096287 0.000000 
-0.095287 0.000000 
-0.094287 0.000000 
-0.093287 0.000000 
-0.092287 0.000000 
-0.091287 0.000000 
-0.090287 0.000000 
-0.089287 0.000000 
-0.088287 0.000000 
-0.087287 0.000000 
-0.086287 0.000000 
-0.085287 0.000000 
-0.084287 0.000000 
-0.083287 0.000000 
-0.082287 0.000000 
-0.081287 0.000000 
-0.080287 0.000000 
-0.079287 0.000000 
-0.078287 0.000000 
-0.077287 0.000000 
-0.076287 0.000000 
-0.075287 0.000000 
-0.074287 0.000000 
-0.073287 0.000000 
-0.072287 0.000000 
-0.071287 0.000000 
-0.070287 0.000000 
-0.069287 0.000000 
-0.068287 0.000000 
-0.067287 0.000000 
-0.066287 0.000000 
-0.065287 0.000000 
-0.064287 0.000000 
-0.063287 0.000000 
-0.062287 0.000000 
-0.061287 0.000000 
-0.060287 0.000000 
-0.059287 0.000000 
-0.058287 0.000000 
-0.057287 0.000000 
-0.056287 0.000000 
-0.055287 0.000000 
-0.054287 0.000000 
-0.053287 0.000000 
-0.052287 0.000000 
-0.051287 0.000000 
-0.050287 0.000000 
-0.049287 0.000000 
-0.048287 0.000000 
-0.047287 0.000000 
-0.046287 0.000000 
-0.045287 0.000000 
-0.044287 0.000000 
-0.043287 0.000000 
-0.042287 0.000000 
-0.041287 0.000000 
-0.040287 0.000000 
-0.039287 0.000000 
-0.038287 0.000000 
-0.037287 -0.000173 
-0.036287 -0.000700 
-0.035287 -0.001498 
-0.034287 -0.002523 
-0.033287 -0.003731 
-0.032287 -0.005093 
-0.031287 -0.006575 
-0.030287 -0.008145 
-0.029287 -0.009777 
-0.028287 -0.011440 
-0.027287 -0.013105 
-0.026287 -0.014742 
-0.025287 -0.016319 
-0.024287 -0.017800 
-0.023287 -0.019141 
-0.022287 -0.020265 
-0.021287 -0.021053 
-0.020287 -0.021665 
-0.019287 -0.022175 
-0.018287 -0.022610 
-0.017287 -0.022982 
-0.016287 -0.023304 
-0.015287 -0.023584 
-0.014287 -0.023828 
-0.013287 -0.024041 
-0.012287 -0.024226 
-0.011287 -0.024388 
-0.010287 -0.024529 
-0.009287 -0.024651 
-0.008287 -0.024756 
-0.007287 -0.024845 
-0.006287 -0.024921 
-0.005287 -0.024984 
-0.004287 -0.025034 
-0.003287 -0.025074 
-0.002287 -0.025102 
-0.001287 -0.025120 
-0.000287 -0.025128 
0.000713 -0.025126 
0.001713 -0.025114 
0.002713 -0.025091 
0.003713 -0.025058 
0.004713 -0.025014 
0.005713 -0.024958 
0.006713 -0.024890 
0.007713 -0.024809 
0.008713 -0.024713 
0.009713 -0.024601 
0.010713 -0.024471 
0.011713 -0.024322 
0.012713 -0.024150 
0.013713 -0.023953 
0.014713 -0.023728 
0.015713 -0.023470 
0.016713 -0.023172 
0.017713 -0.022830 
0.018713 -0.022433 
0.019713 -0.021969 
0.020713 -0.021418 
0.021713 -0.020749 
0.022713 -0.019825 
0.023713 -0.018592 
0.024713 -0.017185 
0.025713 -0.015658 
0.026713 -0.014051 
0.027713 -0.012398 
0.028713 -0.010730 
0.029713 -0.009078 
0.030713 -0.007469 
0.031713 -0.005932 
0.032713 -0.004497 
0.033713 -0.003197 
0.034713 -0.002061 
0.035713 -0.001129 
0.036713 -0.000439 
0.037713 -0.000050 
0.038713 0.000000 
0.039713 0.000000 
0.040713 0.000000 
0.041713 0.000000 
0.042713 0.000000 
0.043713 0.000000 
0.044713 0.000000 
0.045713 0.000000 
0.046713 0.000000 
0.047713 0.000000 
0.048713 0.000000 
0.049713 0.000000 
0.050713 0.000000 
0.051713 0.000000 
0.052713 0.000000 
0.053713 0.000000 
0.054713 0.000000 
0.055713 0.000000 
0.056713 0.000000 
0.057713 0.000000 
0.058713 0.000000 
0.059713 0.000000 
0.060713 0.000000 
0.061713 0.000000 
0.062713 0.000000 
0.063713 0.000000 
0.064713 0.000000 
0.065713 0.000000 
0.066713 0.000000 
0.067713 0.000000 
0.068713 0.000000 
0.069713 0.000000 
0.070713 0.000000 
0.071713 0.000000 
0.072713 0.000000 
0.073713 0.000000 
0.074713 0.000000 
0.075713 0.000000 
0.076713 0.000000 
0.077713 0.000000 
0.078713 0.000000 
0.079713 0.000000 
0.080713 0.000000 
0.081713 0.000000 
0.082713 0.000000 
0.083713 0.000000 
0.084713 0.000000 
0.085713 0.000000 
0.086713 0.000000 
0.087713 0.000000 
0.088713 0.000000 
0.089713 0.000000 
0.090713 0.000000 
0.091713 0.000000 
0.092713 0.000000 
0.093713 0.000000 
0.094713 0.000000 
0.095713 0.000000 
0.096713 0.000000 
0.097713 0.000000 
0.098713 0.000000 
0.099713 0.000000 
0.100713 0.000000 
0.101713 0.000000 
0.102713 0.000000 
0.103713 0.000000 
0.104713 0.000000 
0.105713 0.000000 
0.106713 0.000000 
0.107713 0.000000 
0.108713 0.000000 
0.109713 0.000000 
0.110713 0.000000 
0.111713 0.000000 
0.112713 0.000000 
0.113713 0.000000 
0.114713 0.000000 
0.115713 0.000000 
0.116713 0.000000 
0.117713 0.000000 
0.118713 0.000000 
0.119713 0.000000 
0.120713 0.000000 
0.121713 0.000000 
0.122713 0.000000 
0.123713 0.000000 
0.124713 0.000000 
0.125713 0.000000 
0.126713 0.000000 
0.127713 0.000000 
0.128713 0.000000 
0.129713 0.000000 
0.130713 0.000000 
0.131713 0.000000 
0.132713 0.000000 
0.133713 0.000000 
0.134713 0.000000 
0.135713 0.000000 
0.136713 0.000000 
0.137713 0.000000 
0.138713 0.000000 
0.139713 0.000000 
0.140713 0.000000 
0.141713 0.000000 
0.142713 0.000000 
0.143713 0.000000 
0.144713 0.000000 
0.145713 0.000000 
0.146713 0.000000 
0.147713 0.000000 
0.148713 0.000000 
0.149713 0.000000 
0.150713 0.000000 
0.151713 0.000000 
0.152713 0.000000 
0.153713 0.000000 
0.154713 0.000000 
0.155713 0.000000 
0.156713 0.000000 
0.157713 0.000000 
0.158713 0.000000 
0.159713 0.000000 
0.160713 0.000000 
0.161713 0.000000 
0.162713 0.000000 
0.163713 0.000000 
0.164713 0.000000 
0.165713 0.000000 
0.166713 0.000000 
0.167713 0.000000 
0.168713 0.000000 
0.169713 0.000000 
0.170713 0.000000 
0.171713 0.000000 
0.172713 0.000000 
0.173713 0.000000 
0.174713 0.000000 
0.175713 0.000000 
0.176713 0.000000 
0.177713 0.000000 
0.178713 0.000000 
0.179713 0.000000 
0.180713 0.000000 
0.181713 0.000000 
0.182713 0.000000 
0.183713 0.000000 
0.184713 0.000000 
0.185713 0.000000 
0.186713 0.000000 
0.187713 0.000000 
0.188713 0.000000 
0.189713 0.000000 
0.190713 0.000000 
0.191713 0.000000 
0.192713 0.000000 
0.193713 0.000000 
0.194713 0.000000 
0.195713 0.000000 
0.196713 0.000000 
0.197713 0.000000 
0.198713 0.000000 
0.199713 0.000000 
0.200713 0.000000 
0.201713 0.000000 
0.202713 0.000000 
0.203713 0.000000 
0.204713 0.000000 
0.205713 0.000000 
0.206713 0.000000 
0.207713 0.000000 
0.208713 0.000000 
0.209713 0.000000 
0.210713 0.000000 
0.211713 0.000000 
0.212713 0.000000 
0.213713 0.000000 
0.214713 0.000000 
0.215713 0.000000 
0.216713 0.000000 
0.217713 0.000000 
0.218713 0.000000 
0.219713 0.000000 
0.220713 0.000000 
0.221713 0.000000 
0.222713 0.000000 
0.223713 0.000000 
0.224713 0.000000 
0.225713 0.000000 
0.226713 0.000000 
0.227713 0.000000 
0.228713 0.000000 
0.229713 0.000000 
0.230713 0.000000 
0.231713 0.000000 
0.232713 0.000000 
0.233713 0.000000 
0.234713 0.000000 
0.235713 0.000000 
0.236713 0.000000 
0.237713 0.000000 
0.238713 0.000000 
0.239713 0.000000 
0.240713 0.000000 
0.241713 0.000000 
0.242713 0.000000 
0.243713 0.000000 
0.244713 0.000000 
0.245713 0.000000 
0.246713 0.000000 
0.247713 0.000000 
0.248713 0.000000 
0.249713 0.000000 
0.250713 0.000000 
0.251713 0.000000 
0.252713 0.000000 
0.253713 0.000000 
0.254713 0.000000 
0.255713 0.000000 
0.256713 0.000000 
0.257713 0.000000 
0.258713 0.000000 
0.259713 0.000000 
0.260713 0.000000 
0.261713 0.000000 
0.262713 0.000000 
0.263713 0.000000 
0.264713 0.000000 
0.265713 0.000000 
0.266713 0.000000 
0.267713 0.000000 
0.268713 0.000000 
0.269713 0.000000 
0.270713 0.000000 
0.271713 0.000000 
0.272713 0.000000 
0.273713 0.000000 
0.274713 0.000000 
0.275713 0.000000 
0.276713 0.000000 
0.277713 0.000000 
0.278713 0.000000 
0.279713 0.000000 
0.280713 0.000000 
0.281713 0.000000 
0.282713 0.000000 
0.283713 0.000000 
0.284713 0.000000 
0.285713 0.000000 
0.286713 0.000000 
0.287713 0.000000 
0.288713 0.000000 
0.289713 0.000000 
0.290713 0.000000 
0.291713 0.000000 
0.292713 0.000000 
0.293713 0.000000 
0.294713 0.000000 
0.295713 0.000000 
0.296713 0.000000 
0.297713 0.000000 
0.298713 0.000000 
0.299713 0.000000 
0.300713 0.000000 
0.301713 0.000000 
0.302713 0.000000 
0.303713 0.000000 
0.304713 0.000000 
0.305713 0.000000 
0.306713 0.000000 
0.307713 0.000000 
0.308713 0.000000 
0.309713 0.000000 
0.310713 0.000000 
0.311713 0.000000 
0.312713 0.000000 
0.313713 0.000000 
0.314713 0.000000 
0.315713 0.000000 
0.316713 0.000000 
0.317713 0.000000 
0.318713 0.000000 
0.319713 0.000000 
0.320713 0.000000 
0.321713 0.000000 
0.322713 0.000000 
0.323713 0.000000 
0.324713 0.000000 
0.325713 0.000000 
0.326713 0.000000 
0.327713 0.000000 
0.328713 0.000000 
0.329713 0.000000 
0.330713 0.000000 
0.331713 0.000000 
0.332713 0.000000 
0.333713 0.000000 
0.334713 0.000000 
0.335713 0.000000 
0.336713 0.000000 
0.337713 0.000000 
0.338713 0.000000 
0.339713 0.000000 
0.340713 0.000000 
0.341713 0.000000 
0.342713 0.000000 
0.343713 0.000000 
0.344713 0.000000 
0.345713 0.000000 
0.346713 0.000000 
0.347713 0.000000 
0.348713 0.000000 
0.349713 0.000000 
0.350713 0.000000 
0.351713 0.000000 
0.352713 0.000000 
0.353713 0.000000 
0.354713 0.000000 
0.355713 0.000000 
0.356713 0.000000 
0.357713 0.000000 
0.358713 0.000000 
0.359713 0.000000 
0.360713 0.000000 
0.361713 0.000000 
0.362713 0.000000 
0.363713 0.000000 
0.364713 0.000000 
0.365713 0.000000 
0.366713 0.000000 
0.367713 0.000000 
0.368713 0.000000 
0.369713 0.000000 
0.370713 0.000000 
0.371713 0.000000 
0.372713 0.000000 
0.373713 0.000000 
0.374713 0.000000 
0.375713 0.000000 
0.376713 0.000000 
0.377713 0.000000 
0.378713 0.000000 
0.379713 0.000000 
0.380713 0.000000 
0.381713 0.000000 
0.382713 0.000000 
0.383713 0.000000 
0.384713 0.000000 
0.385713 0.000000 
0.386713 0.000000 
0.387713 0.000000 
0.388713 0.000000 
0.389713 0.000000 
0.390713 0.000000 
0.391713 0.000000 
0.392713 0.000000 
0.393713 0.000000 
0.394713 0.000000 
0.395713 0.000000 
0.396713 0.000000 
0.397713 0.000000 
0.398713 0.000000 
0.399713 0.000000 
0.400713 0.000000 
0.401713 0.000000 
0.402713 0.000000 
0.403713 0.000000 
0.404713 0.000000 
0.405713 0.000000 
0.406713 0.000000 
0.407713 0.000000 
0.408713 0.000000 
0.409713 0.000000 
0.410713 0.000000 
0.411713 0.000000 
0.412713 0.000000 
0.413713 0.000000 
0.414713 0.000000 
0.415713 0.000000 
0.416713 0.000000 
0.417713 0.000000 
0.418713 0.000000 
0.419713 0.000000 
0.420713 0.000000 
0.421713 0.000000 
0.422713 0.000000 
0.423713 0.000000 
0.424713 0.000000 
0.425713 0.000000 
0.426713 0.000000 
0.427713 0.000000 
0.428713 0.000000 
0.429713 0.000000 
0.430713 0.000000 
0.431713 0.000000 
0.432713 0.000000 
0.433713 0.000000 
0.434713 0.000000 
0.435713 0.000000 
0.436713 0.000000 
0.437713 0.000000 
0.438713 0.000000 
0.439713 0.000000 
0.440713 0.000000 
0.441713 0.000000 
0.442713 0.000000 
0.443713 0.000000 
0.444713 0.000000 
0.445713 0.000000 
0.446713 0.000000 
0.447713 0.000000 
0.448713 0.000000 
0.449713 0.000000 
0.450713 0.000000 
0.451713 0.000000 
0.452713 0.000000 
0.453713 0.000000 
0.454713 0.000000 
0.455713 0.000000 
0.456713 0.000000 
0.457713 0.000000 
0.458713 0.000000 
0.459713 0.000000 
0.460713 0.000000 
0.461713 0.000000 
0.462713 0.000000 
0.463713 0.000000 
0.464713 0.000000 
0.465713 0.000000 
0.466713 0.000000 
0.467713 0.000000 
0.468713 0.000000 
0.469713 0.000000 
0.470713 0.000000 
0.471713 0.000000 
0.472713 0.000000 
0.473713 0.000000 
0.474713 0.000000 
0.475713 0.000000 
0.476713 0.000000 
0.477713 0.000000 
0.478713 0.000000 
0.479713 0.000000 
0.480713 0.000000 
0.481713 0.000000 
0.482713 0.000000 
0.483713 0.000000 
0.484713 0.000000 
0.485713 0.000000 
0.486713 0.000000 
0.487713 0.000000 
0.488713 0.000000 
0.489713 0.000000 
0.490713 0.000000 
0.491713 0.000000 
0.492713 0.000000 
0.493713 0.000000 
0.494713 0.000000 
0.495713 0.000000 
0.496713 0.000000 
0.497713 0.000000 
0.498713 0.000000 
0.499713 0.000000 
0.500713 0.000000 
0.501713 0.000000 
0.502713 0.000000 
0.503713 0.000000 
0.504713 0.000000 
0.505713 0.000000 
0.506713 0.000000 
0.507713 0.000000 
0.508713 0.000000 
0.509713 0.000000 
0.510713 0.000000 
0.511713 0.000000 
0.512713 0.000000 
0.513713 0.000000 
0.514713 0.000000 
0.515713 0.000000 
0.516713 0.000000 
0.517713 0.000000 
0.518713 0.000000 
0.519713 0.000000 
0.520713 0.000000 
0.521713 0.000000 
0.522713 0.000000 
0.523713 0.000000 
0.524713 0.000000 
0.525713 0.000000 
0.526713 0.000000 
0.527713 0.000000 
0.528713 0.000000 
0.529713 0.000000 
0.530713 0.000000 
0.531713 0.000000 
0.532713 0.000000 
0.533713 0.000000 
0.534713 0.000000 
0.535713 0.000000 
0.536713 0.000000 
0.537713 0.000000 
0.538713 0.000000 
0.539713 0.000000 
0.540713 0.000000 
0.541713 0.000000 
0.542713 0.000000 
0.543713 0.000000 
0.544713 0.000000 
0.545713 0.000000 
0.546713 0.000000 
0.547713 0.000000 
0.548713 0.000000 
0.549713 0.000000 
0.550713 0.000000 
0.551713 0.000000 
0.552713 0.000000 
0.553713 0.000000 
0.554713 0.000000 
0.555713 0.000000 
0.556713 0.000000 
0.557713 0.000000 
0.558713 0.000000 
0.559713 0.000000 
0.560713 0.000000 
0.561713 0.000000 
0.562713 0.000000 
0.563713 0.000000 
0.564713 0.000000 
0.565713 0.000000 
0.566713 0.000000 
0.567713 0.000000 
0.568713 0.000000 
0.569713 0.000000 
0.570713 0.000000 
0.571713 0.000000 
0.572713 0.000000 
0.573713 0.000000 
0.574713 0.000000 
0.575713 0.000000 
0.576713 0.000000 
0.577713 0.000000 
0.578713 0.000000 
0.579713 0.000000 
0.580713 0.000000 
0.581713 0.000000 
0.582713 0.000000 
0.583713 0.000000 
0.584713 0.000000 
0.585713 0.000000 
0.586713 0.000000 
0.587713 0.000000 
0.588713 0.000000 
0.589713 0.000000 
0.590713 0.000000 
0.591713 0.000000 
0.592713 0.000000 
0.593713 0.000000 
0.594713 0.000000 
0.595713 0.000000 
0.596713 0.000000 
0.597713 0.000000 
0.598713 0.000000 
0.599713 0.000000 
0.600713 0.000000 
0.601713 0.000000 
0.602713 0.000000 
0.603713 0.000000 
0.604713 0.000000 
0.605713 0.000000 
0.606713 0.000000 
0.607713 0.000000 
0.608713 0.000000 
0.609713 0.000000 
0.610713 0.000000 
0.611713 0.000000 
0.612713 0.000000 
0.613713 0.000000 
0.614713 0.000000 
0.615713 0.000000 
0.616713 0.000000 
0.617713 0.000000 
0.618713 0.000000 
0.619713 0.000000 
0.620713 0.000000 
0.621713 0.000000 
0.622713 0.000000 
0.623713 0.000000 
0.624713 0.000000 
0.625713 0.000000 
0.626713 0.000000 
0.627713 0.000000 
0.628713 0.000000 
0.629713 0.000000 
0.630713 0.000000 
0.631713 0.000000 
0.632713 0.000000 
0.633713 0.000000 
0.634713 0.000000 
0.635713 0.000000 
0.636713 0.000000 
0.637713 0.000000 
0.638713 0.000000 
0.639713 0.000000 
0.640713 0.000000 
0.641713 0.000000 
0.642713 0.000000 
0.643713 0.000000 
0.644713 0.000000 
0.645713 0.000000 
0.646713 0.000000 
0.647713 0.000000 
0.648713 0.000000 
0.649713 0.000000 
0.650713 0.000000 
0.651713 0.000000 
0.652713 0.000000 
0.653713 0.000000 
0.654713 0.000000 
0.655713 0.000000 
0.656713 0.000000 
0.657713 0.000000 
0.658713 0.000000 
0.659713 0.000000 
0.660713 0.000000 
0.661713 0.000000 
0.662713 0.000000 
0.663713 0.000000 
0.664713 0.000000 
0.665713 0.000000 
0.666713 0.000000 
0.667713 0.000000 
0.668713 0.000000 
0.669713 0.000000 
0.670713 0.000000 
0.671713 0.000000 
0.672713 0.000000 
0.673713 0.000000 
0.674713 0.000000 
0.675713 0.000000 
0.676713 0.000000 
0.677713 0.000000 
0.678713 0.000000 
0.679713 0.000000 
0.680713 0.000000 
0.681713 0.000000 
0.682713 0.000000 
0.683713 0.000000 
0.684713 0.000000 
0.685713 0.000000 
0.686713 0.000000 
0.687713 0.000000 
0.688713 0.000000 
0.689713 0.000000 
0.690713 0.000000 
0.691713 0.000000 
0.692713 0.000000 
0.693713 0.000000 
0.694713 0.000000 
0.695713 0.000000 
0.696713 0.000000 
0.697713 0.000000 
0.698713 0.000000 
0.699713 0.000000 
0.700713 0.000000 
0.701713 0.000000 
0.702713 0.000000 
0.703713 0.000000 
0.704713 0.000000 
0.705713 0.000000 
0.706713 0.000000 
0.707713 0.000000 
0.708713 0.000000 
0.709713 0.000000 
0.710713 0.000000 
0.711713 0.000000 
0.712713 0.000000 
0.713713 0.000000 
0.714713 0.000000 
0.715713 0.000000 
0.716713 0.000000 
0.717713 0.000000 
0.718713 0.000000 
0.719713 0.000000 
0.720713 0.000000 
0.721713 0.000000 
0.722713 0.000000 
0.723713 0.000000 
0.724713 0.000000 
0.725713 0.000000 
0.726713 0.000000 
0.727713 0.000000 
0.728713 0.000000 
0.729713 0.000000 
0.730713 0.000000 
0.731713 0.000000 
0.732713 0.000000 
0.733713 0.000000 
0.734713 0.000000 
0.735713 0.000000 
0.736713 0.000000 
0.737713 0.000000 
0.738713 0.000000 
0.739713 0.000000 
0.740713 0.000000 
0.741713 0.000000 
0.742713 0.000000 
0.743713 0.000000 
0.744713 0.000000 
0.745713 0.000000 
0.746713 0.000000 
0.747713 0.000000 
0.748713 0.000000 
0.749713 0.000000 
0.750713 0.000000 
0.751713 0.000000 
0.752713 0.000000 
0.753713 0.000000 
0.754713 0.000000 
0.755713 0.000000 
0.756713 0.000000 
0.757713 0.000000 
0.758713 0.000000 
0.759713 0.000000 
0.760713 0.000000 
0.761713 0.000000 
0.762713 0.000000 
0.763713 0.000000 
0.764713 0.000000 
0.765713 0.000000 
0.766713 0.000000 
0.767713 0.000000 
0.768713 0.000000 
0.769713 0.000000 
0.770713 0.000000 
0.771713 0.000000 
0.772713 0.000000 
0.773713 0.000000 
0.774713 0.000000 
0.775713 0.000000 
0.776713 0.000000 
0.777713 0.000000 
0.778713 0.000000 
0.779713 0.000000 
0.780713 0.000000 
0.781713 0.000000 
0.782713 0.000000 
0.783713 0.000000 
0.784713 0.000000 
0.785713 0.000000 
0.786713 0.000000 
0.787713 0.000000 
0.788713 0.000000 
0.789713 0.000000 
0.790713 0.000000 
0.791713 0.000000 
0.792713 0.000000 
0.793713 0.000000 
0.794713 0.000000 
0.795713 0.000000 
0.796713 0.000000 
0.797713 0.000000 
0.798713 0.000000 
0.799713 0.000000 
0.800713 0.000000 
0.801713 0.000000 
0.802713 0.000000 
0.803713 0.000000 
0.804713 0.000000 
0.805713 0.000000 
0.806713 0.000000 
0.807713 0.000000 
0.808713 0.000000 
0.809713 0.000000 
0.810713 0.000000 
0.811713 0.000000 
0.812713 0.000000 
0.813713 0.000000 
0.814713 0.000000 
0.815713 0.000000 
0.816713 0.000000 
0.817713 0.000000 
0.818713 0.000000 
0.819713 0.000000 
0.820713 0.000000 
0.821713 0.000000 
0.822713 0.000000 
0.823713 0.000000 
0.824713 0.000000 
0.825713 0.000000 
0.826713 0.000000 
0.827713 0.000000 
0.828713 0.000000 
0.829713 0.000000 
0.830713 0.000000 
0.831713 0.000000 
0.832713 0.000000 
0.833713 0.000000 
0.834713 0.000000 
0.835713 0.000000 
0.836713 0.000000 
0.837713 0.000000 
0.838713 0.000000 
0.839713 0.000000 
0.840713 0.000000 
0.841713 0.000000 
0.842713 0.000000 
0.843713 0.000000 
0.844713 0.000000 
0.845713 0.000000 
0.846713 0.000000 
0.847713 0.000000 
0.848713 0.000000 
0.849713 0.000000 
0.850713 0.000000 
0.851713 0.000000 
0.852713 0.000000 
0.853713 0.000000 
0.854713 0.000000 
0.855713 0.000000 
0.856713 0.000000 
0.857713 0.000000 
0.858713 0.000000 
0.859713 0.000000 
0.860713 0.000000 
0.861713 0.000000 
0.862713 0.000000 
0.863713 0.000000 
0.864713 0.000000 
0.865713 0.000000 
0.866713 0.000000 
0.867713 0.000000 
0.868713 0.000000 
0.869713 0.000000 
0.870713 0.000000 
0.871713 0.000000 
0.872713 0.000000 
0.873713 0.000000 
0.874713 0.000000 
0.875713 0.000000 
0.876713 0.000000 
0.877713 0.000000 
0.878713 0.000000 
0.879713 0.000000 
0.880713 0.000000 
0.881713 0.000000 
0.882713 0.000000 
0.883713 0.000000 
0.884713 0.000000 
0.885713 0.000000 
0.886713 0.000000 
0.887713 0.000000 
0.888713 0.000000 
0.889713 0.000000 
0.890713 0.000000 
0.891713 0.000000 
0.892713 0.000000 
0.893713 0.000000 
0.894713 0.000000 
0.895713 0.000000 
0.896713 0.000000 
0.897713 0.000000 
0.898713 0.000000 
0.899713 0.000000 
0.900713 0.000000 
0.901713 0.000000 
0.902713 0.000000 
0.903713 0.000000 
0.904713 0.000000 
0.905713 0.000000 
0.906713 0.000000 
0.907713 0.000000 
0.908713 0.000000 
0.909713 0.000000 
0.910713 0.000000 
0.911713 0.000000 
0.912713 0.000000 
0.913713 0.000000 
0.914713 0.000000 
0.915713 0.000000 
0.916713 0.000000 
0.917713 0.000000 
0.918713 0.000000 
0.919713 0.000000 
0.920713 0.000000 
0.921713 0.000000 
0.922713 0.000000 
0.923713 0.000000 
0.924713 0.000000 
0.925713 0.000000 
0.926713 0.000000 
0.927713 0.000000 
0.928713 0.000000 
0.929713 0.000000 
0.930713 0.000000 
0.931713 0.000000 
0.932713 0.000000 
0.933713 0.000000 
0.934713 0.000000 
0.935713 0.000000 
0.936713 0.000000 
0.937713 0.000000 
0.938713 0.000000 
0.939713 0.000000 
0.940713 0.000000 
0.941713 0.000000 
0.942713 0.000000 
0.943713 0.000000 
0.944713 0.000000 
0.945713 0.000000 
0.946713 0.000000 
0.947713 0.000000 
0.948713 0.000000 
0.949713 0.000000 
0.950713 0.000000 
0.951713 0.000000 
0.952713 0.000000 
0.953713 0.000000 
0.954713 0.000000 
0.955713 0.000000 
0.956713 0.000000 
0.957713 0.000000 
0.958713 0.000000 
0.959713 0.000000 
0.960713 0.000000 
0.961713 0.000000 
0.962713 0.000000 
0.963713 0.000000 
0.964713 0.000000 
0.965713 0.000000 
0.966713 0.000000 
0.967713 0.000000 
0.968713 0.000000 
0.969713 0.000000 
0.970713 0.000000 
0.971713 0.000000 
0.972713 0.000000 
0.973713 0.000000 
0.974713 0.000000 
0.975713 0.000000 
0.976713 0.000000 
0.977713 0.000000 
0.978713 0.000000 
0.979713 0.000000 
0.980713 0.000000 
0.981713 0.000000 
0.982713 0.000000 
0.983713 0.000000 
0.984713 0.000000 
0.985713 0.000000 
0.986713 0.000000 
0.987713 0.000000 
0.988713 0.000000 
0.989713 0.000000 
0.990713 0.000000 
0.991713 0.000000 
0.992713 0.000000 
0.993713 0.000000 
0.994713 0.000000 
0.995713 0.000000 
0.996713 0.000000 
0.997713 0.000000 
0.998713 0.000000 
0.999713 0.000000 
1.000713 0.000000 
1.001713 0.000000 
1.002713 0.000000 
1.003713 0.000000 
1.004713 0.000000 
1.005713 0.000000 
1.006713 0.000000 
1.007713 0.000000 
1.008713 0.000000 
1.009713 0.000000 
1.010713 0.000000 
1.011713 0.000000 
1.012713 0.000000 
1.013713 0.000000 
1.014713 0.000000 
1.015713 0.000000 
1.016713 0.000000 
1.017713 0.000000 
1.018713 0.000000 
1.019713 0.000000 
1.020713 0.000000 
1.021713 0.000000 
1.022713 0.000000 
1.023713 0.000000 
1.024713 0.000000 
1.025713 0.000000 
1.026713 0.000000 
1.027713 0.000000 
1.028713 0.000000 
1.029713 0.000000 
1.030713 0.000000 
1.031713 0.000000 
1.032713 0.000000 
1.033713 0.000000 
1.034713 0.000000 
1.035713 0.000000 
1.036713 0.000000 
1.037713 0.000000 
1.038713 0.000000 
1.039713 0.000000 
1.040713 0.000000 
1.041713 0.000000 
1.042713 0.000000 
1.043713 0.000000 
1.044713 0.000000 
1.045713 0.000000 
1.046713 0.000000 
1.047713 0.000000 
1.048713 0.000000 
1.049713 0.000000 
1.050713 0.000000 
1.051713 0.000000 
1.052713 0.000000 
1.053713 0.000000 
1.054713 0.000000 
1.055713 0.000000 
1.056713 0.000000 
1.057713 0.000000 
1.058713 0.000000 
1.059713 0.000000 
1.060713 0.000000 
1.061713 0.000000 
1.062713 0.000000 
1.063713 0.000000 
1.064713 0.000000 
1.065713 0.000000 
1.066713 0.000000 
1.067713 0.000000 
1.068713 0.000000 
1.069713 0.000000 
1.070713 0.000000 
1.071713 0.000000 
1.072713 0.000000 
1.073713 0.000000 
1.074713 0.000000 
1.075713 0.000000 
1.076713 0.000000 
1.077713 0.000000 
1.078713 0.000000 
1.079713 0.000000 
1.080713 0.000000 
1.081713 0.000000 
1.082713 0.000000 
1.083713 0.000000 
1.084713 0.000000 
1.085713 0.000000 
1.086713 0.000000 
1.087713 0.000000 
1.088713 0.000000 
1.089713 0.000000 
1.090713 0.000000 
1.091713 0.000000 
1.092713 0.000000 
1.093713 0.000000 
1.094713 0.000000 
1.095713 0.000000 
1.096713 0.000000 
1.097713 0.000000 
1.098713 0.000000 
1.099713 0.000000 
1.100713 0.000000 
1.101713 0.000000 
1.102713 0.000000 
1.103713 0.000000 
1.104713 0.000000 
1.105713 0.000000 
1.106713 0.000000 
1.107713 0.000000 
1.108713 0.000000 
