# epoch Tc_folded Tref_folded model 
2453693.677932 -0.056381 0.174385     0.000000
2453693.678040 -0.056273 0.174434     0.000000
2453693.678148 -0.056165 0.174482     0.000000
2453693.678256 -0.056057 0.174531     0.000000
2453693.678364 -0.055948 0.174580     0.000000
2453693.678473 -0.055840 0.174629     0.000000
2453693.678581 -0.055732 0.174677     0.000000
2453693.678689 -0.055624 0.174726     0.000000
2453693.678797 -0.055516 0.174775     0.000000
2453693.678905 -0.055408 0.174824     0.000000
2453693.679013 -0.055299 0.174872     0.000000
2453693.679122 -0.055191 0.174921     0.000000
2453693.679230 -0.055083 0.174970     0.000000
2453693.679338 -0.054975 0.175019     0.000000
2453693.679446 -0.054867 0.175067     0.000000
2453693.679554 -0.054759 0.175116     0.000000
2453693.679662 -0.054650 0.175165     0.000000
2453693.679771 -0.054542 0.175214     0.000000
2453693.679879 -0.054434 0.175262     0.000000
2453693.679987 -0.054326 0.175311     0.000000
2453693.680095 -0.054218 0.175360     0.000000
2453693.680203 -0.054110 0.175409     0.000000
2453693.680311 -0.054001 0.175457     0.000000
2453693.680420 -0.053893 0.175506     0.000000
2453693.680528 -0.053785 0.175555     0.000000
2453693.680636 -0.053677 0.175604     0.000000
2453693.680744 -0.053569 0.175652     0.000000
2453693.680852 -0.053461 0.175701     0.000000
2453693.680960 -0.053352 0.175750     0.000000
2453693.681069 -0.053244 0.175799     0.000000
2453693.681177 -0.053136 0.175847     0.000000
2453693.681285 -0.053028 0.175896     0.000000
2453693.681393 -0.052920 0.175945     0.000000
2453693.681501 -0.052812 0.175994     0.000000
2453693.681609 -0.052703 0.176042     0.000000
2453693.681718 -0.052595 0.176091     0.000000
2453693.681826 -0.052487 0.176140     0.000000
2453693.681934 -0.052379 0.176189     0.000000
2453693.682042 -0.052271 0.176237     0.000000
2453693.682150 -0.052163 0.176286     0.000000
2453693.682258 -0.052054 0.176335     0.000000
2453693.682367 -0.051946 0.176384     0.000000
2453693.682475 -0.051838 0.176432     0.000000
2453693.682583 -0.051730 0.176481     0.000000
2453693.682691 -0.051622 0.176530     0.000000
2453693.682799 -0.051514 0.176579     0.000000
2453693.682907 -0.051405 0.176628     0.000000
2453693.683016 -0.051297 0.176676     0.000000
2453693.683124 -0.051189 0.176725     0.000000
2453693.683232 -0.051081 0.176774     0.000000
2453693.683340 -0.050973 0.176823     0.000000
2453693.683448 -0.050865 0.176871     0.000000
2453693.683556 -0.050756 0.176920     0.000000
2453693.683665 -0.050648 0.176969     0.000000
2453693.683773 -0.050540 0.177018     0.000000
2453693.683881 -0.050432 0.177066     0.000000
2453693.683989 -0.050324 0.177115     0.000000
2453693.684097 -0.050216 0.177164     0.000000
2453693.684205 -0.050107 0.177213     0.000000
2453693.684314 -0.049999 0.177261     0.000000
2453693.684422 -0.049891 0.177310     0.000000
2453693.684530 -0.049783 0.177359     0.000000
2453693.684638 -0.049675 0.177408     0.000000
2453693.684746 -0.049567 0.177456     0.000000
2453693.684854 -0.049458 0.177505     0.000000
2453693.684963 -0.049350 0.177554     0.000000
2453693.685071 -0.049242 0.177603     0.000000
2453693.685179 -0.049134 0.177651     0.000000
2453693.685287 -0.049026 0.177700     0.000000
2453693.685395 -0.048918 0.177749     0.000000
2453693.685503 -0.048809 0.177798     0.000000
2453693.685612 -0.048701 0.177846     0.000000
2453693.685720 -0.048593 0.177895     0.000000
2453693.685828 -0.048485 0.177944     0.000000
2453693.685936 -0.048377 0.177993     0.000000
2453693.686044 -0.048269 0.178041     0.000000
2453693.686152 -0.048160 0.178090     0.000000
2453693.686261 -0.048052 0.178139     0.000000
2453693.686369 -0.047944 0.178188     0.000000
2453693.686477 -0.047836 0.178236     0.000000
2453693.686585 -0.047728 0.178285     0.000000
2453693.686693 -0.047620 0.178334     0.000000
2453693.686801 -0.047511 0.178383     0.000000
2453693.686910 -0.047403 0.178431     0.000000
2453693.687018 -0.047295 0.178480     0.000000
2453693.687126 -0.047187 0.178529     0.000000
2453693.687234 -0.047079 0.178578     0.000000
2453693.687342 -0.046971 0.178626     0.000000
2453693.687450 -0.046862 0.178675     0.000000
2453693.687559 -0.046754 0.178724     0.000000
2453693.687667 -0.046646 0.178773     0.000000
2453693.687775 -0.046538 0.178822     0.000000
2453693.687883 -0.046430 0.178870     0.000000
2453693.687991 -0.046322 0.178919     0.000000
2453693.688099 -0.046213 0.178968     0.000000
2453693.688208 -0.046105 0.179017     0.000000
2453693.688316 -0.045997 0.179065     0.000000
2453693.688424 -0.045889 0.179114     0.000000
2453693.688532 -0.045781 0.179163     0.000000
2453693.688640 -0.045673 0.179212     0.000000
2453693.688748 -0.045564 0.179260    -0.000016
2453693.688857 -0.045456 0.179309    -0.000047
2453693.688965 -0.045348 0.179358    -0.000089
2453693.689073 -0.045240 0.179407    -0.000140
2453693.689181 -0.045132 0.179455    -0.000198
2453693.689289 -0.045024 0.179504    -0.000263
2453693.689398 -0.044915 0.179553    -0.000335
2453693.689506 -0.044807 0.179602    -0.000414
2453693.689614 -0.044699 0.179650    -0.000497
2453693.689722 -0.044591 0.179699    -0.000587
2453693.689830 -0.044483 0.179748    -0.000682
2453693.689938 -0.044374 0.179797    -0.000782
2453693.690047 -0.044266 0.179845    -0.000886
2453693.690155 -0.044158 0.179894    -0.000996
2453693.690263 -0.044050 0.179943    -0.001110
2453693.690371 -0.043942 0.179992    -0.001228
2453693.690479 -0.043834 0.180040    -0.001351
2453693.690587 -0.043725 0.180089    -0.001477
2453693.690696 -0.043617 0.180138    -0.001608
2453693.690804 -0.043509 0.180187    -0.001743
2453693.690912 -0.043401 0.180235    -0.001881
2453693.691020 -0.043293 0.180284    -0.002024
2453693.691128 -0.043185 0.180333    -0.002169
2453693.691236 -0.043076 0.180382    -0.002319
2453693.691345 -0.042968 0.180430    -0.002472
2453693.691453 -0.042860 0.180479    -0.002628
2453693.691561 -0.042752 0.180528    -0.002787
2453693.691669 -0.042644 0.180577    -0.002949
2453693.691777 -0.042536 0.180625    -0.003115
2453693.691885 -0.042427 0.180674    -0.003284
2453693.691994 -0.042319 0.180723    -0.003455
2453693.692102 -0.042211 0.180772    -0.003629
2453693.692210 -0.042103 0.180820    -0.003807
2453693.692318 -0.041995 0.180869    -0.003987
2453693.692426 -0.041887 0.180918    -0.004169
2453693.692534 -0.041778 0.180967    -0.004354
2453693.692643 -0.041670 0.181016    -0.004542
2453693.692751 -0.041562 0.181064    -0.004732
2453693.692859 -0.041454 0.181113    -0.004925
2453693.692967 -0.041346 0.181162    -0.005119
2453693.693075 -0.041238 0.181211    -0.005316
2453693.693183 -0.041129 0.181259    -0.005516
2453693.693292 -0.041021 0.181308    -0.005717
2453693.693400 -0.040913 0.181357    -0.005920
2453693.693508 -0.040805 0.181406    -0.006126
2453693.693616 -0.040697 0.181454    -0.006333
2453693.693724 -0.040589 0.181503    -0.006542
2453693.693832 -0.040480 0.181552    -0.006753
2453693.693941 -0.040372 0.181601    -0.006966
2453693.694049 -0.040264 0.181649    -0.007181
2453693.694157 -0.040156 0.181698    -0.007397
2453693.694265 -0.040048 0.181747    -0.007614
2453693.694373 -0.039940 0.181796    -0.007834
2453693.694481 -0.039831 0.181844    -0.008054
2453693.694590 -0.039723 0.181893    -0.008276
2453693.694698 -0.039615 0.181942    -0.008499
2453693.694806 -0.039507 0.181991    -0.008724
2453693.694914 -0.039399 0.182039    -0.008949
2453693.695022 -0.039291 0.182088    -0.009176
2453693.695130 -0.039182 0.182137    -0.009404
2453693.695239 -0.039074 0.182186    -0.009633
2453693.695347 -0.038966 0.182234    -0.009862
2453693.695455 -0.038858 0.182283    -0.010093
2453693.695563 -0.038750 0.182332    -0.010324
2453693.695671 -0.038642 0.182381    -0.010556
2453693.695779 -0.038533 0.182429    -0.010788
2453693.695888 -0.038425 0.182478    -0.011022
2453693.695996 -0.038317 0.182527    -0.011255
2453693.696104 -0.038209 0.182576    -0.011489
2453693.696212 -0.038101 0.182624    -0.011724
2453693.696320 -0.037993 0.182673    -0.011958
2453693.696428 -0.037884 0.182722    -0.012193
2453693.696537 -0.037776 0.182771    -0.012428
2453693.696645 -0.037668 0.182819    -0.012663
2453693.696753 -0.037560 0.182868    -0.012898
2453693.696861 -0.037452 0.182917    -0.013132
2453693.696969 -0.037344 0.182966    -0.013367
2453693.697077 -0.037235 0.183014    -0.013601
2453693.697186 -0.037127 0.183063    -0.013835
2453693.697294 -0.037019 0.183112    -0.014068
2453693.697402 -0.036911 0.183161    -0.014300
2453693.697510 -0.036803 0.183210    -0.014532
2453693.697618 -0.036695 0.183258    -0.014763
2453693.697726 -0.036586 0.183307    -0.014993
2453693.697835 -0.036478 0.183356    -0.015222
2453693.697943 -0.036370 0.183405    -0.015450
2453693.698051 -0.036262 0.183453    -0.015677
2453693.698159 -0.036154 0.183502    -0.015902
2453693.698267 -0.036046 0.183551    -0.016126
2453693.698375 -0.035937 0.183600    -0.016348
2453693.698484 -0.035829 0.183648    -0.016569
2453693.698592 -0.035721 0.183697    -0.016787
2453693.698700 -0.035613 0.183746    -0.017004
2453693.698808 -0.035505 0.183795    -0.017218
2453693.698916 -0.035397 0.183843    -0.017430
2453693.699024 -0.035288 0.183892    -0.017639
2453693.699133 -0.035180 0.183941    -0.017845
2453693.699241 -0.035072 0.183990    -0.018048
2453693.699349 -0.034964 0.184038    -0.018248
2453693.699457 -0.034856 0.184087    -0.018445
2453693.699565 -0.034748 0.184136    -0.018638
2453693.699673 -0.034639 0.184185    -0.018827
2453693.699782 -0.034531 0.184233    -0.019011
2453693.699890 -0.034423 0.184282    -0.019191
2453693.699998 -0.034315 0.184331    -0.019365
2453693.700106 -0.034207 0.184380    -0.019533
2453693.700214 -0.034099 0.184428    -0.019696
2453693.700322 -0.033990 0.184477    -0.019851
2453693.700431 -0.033882 0.184526    -0.019998
2453693.700539 -0.033774 0.184575    -0.020135
2453693.700647 -0.033666 0.184623    -0.020260
2453693.700755 -0.033558 0.184672    -0.020365
2453693.700863 -0.033450 0.184721    -0.020452
2453693.700971 -0.033341 0.184770    -0.020535
2453693.701080 -0.033233 0.184818    -0.020616
2453693.701188 -0.033125 0.184867    -0.020695
2453693.701296 -0.033017 0.184916    -0.020772
2453693.701404 -0.032909 0.184965    -0.020847
2453693.701512 -0.032801 0.185013    -0.020921
2453693.701620 -0.032692 0.185062    -0.020994
2453693.701729 -0.032584 0.185111    -0.021065
2453693.701837 -0.032476 0.185160    -0.021135
2453693.701945 -0.032368 0.185208    -0.021203
2453693.702053 -0.032260 0.185257    -0.021271
2453693.702161 -0.032152 0.185306    -0.021337
2453693.702269 -0.032043 0.185355    -0.021402
2453693.702378 -0.031935 0.185404    -0.021466
2453693.702486 -0.031827 0.185452    -0.021530
2453693.702594 -0.031719 0.185501    -0.021592
2453693.702702 -0.031611 0.185550    -0.021654
2453693.702810 -0.031503 0.185599    -0.021714
2453693.702919 -0.031394 0.185647    -0.021774
2453693.703027 -0.031286 0.185696    -0.021833
2453693.703135 -0.031178 0.185745    -0.021891
2453693.703243 -0.031070 0.185794    -0.021948
2453693.703351 -0.030962 0.185842    -0.022005
2453693.703459 -0.030853 0.185891    -0.022061
2453693.703568 -0.030745 0.185940    -0.022116
2453693.703676 -0.030637 0.185989    -0.022170
2453693.703784 -0.030529 0.186037    -0.022224
2453693.703892 -0.030421 0.186086    -0.022277
2453693.704000 -0.030313 0.186135    -0.022330
2453693.704108 -0.030204 0.186184    -0.022382
2453693.704217 -0.030096 0.186232    -0.022433
2453693.704325 -0.029988 0.186281    -0.022484
2453693.704433 -0.029880 0.186330    -0.022534
2453693.704541 -0.029772 0.186379    -0.022584
2453693.704649 -0.029664 0.186427    -0.022633
2453693.704757 -0.029555 0.186476    -0.022681
2453693.704866 -0.029447 0.186525    -0.022729
2453693.704974 -0.029339 0.186574    -0.022777
2453693.705082 -0.029231 0.186622    -0.022823
2453693.705190 -0.029123 0.186671    -0.022870
2453693.705298 -0.029015 0.186720    -0.022916
2453693.705406 -0.028906 0.186769    -0.022961
2453693.705515 -0.028798 0.186817    -0.023006
2453693.705623 -0.028690 0.186866    -0.023051
2453693.705731 -0.028582 0.186915    -0.023095
2453693.705839 -0.028474 0.186964    -0.023138
2453693.705947 -0.028366 0.187012    -0.023182
2453693.706055 -0.028257 0.187061    -0.023224
2453693.706164 -0.028149 0.187110    -0.023267
2453693.706272 -0.028041 0.187159    -0.023309
2453693.706380 -0.027933 0.187207    -0.023350
2453693.706488 -0.027825 0.187256    -0.023391
2453693.706596 -0.027717 0.187305    -0.023432
2453693.706704 -0.027608 0.187354    -0.023472
2453693.706813 -0.027500 0.187403    -0.023512
2453693.706921 -0.027392 0.187451    -0.023552
2453693.707029 -0.027284 0.187500    -0.023591
2453693.707137 -0.027176 0.187549    -0.023629
2453693.707245 -0.027068 0.187598    -0.023668
2453693.707353 -0.026959 0.187646    -0.023706
2453693.707462 -0.026851 0.187695    -0.023744
2453693.707570 -0.026743 0.187744    -0.023781
2453693.707678 -0.026635 0.187793    -0.023818
2453693.707786 -0.026527 0.187841    -0.023855
2453693.707894 -0.026419 0.187890    -0.023891
2453693.708002 -0.026310 0.187939    -0.023927
2453693.708111 -0.026202 0.187988    -0.023963
2453693.708219 -0.026094 0.188036    -0.023998
2453693.708327 -0.025986 0.188085    -0.024033
2453693.708435 -0.025878 0.188134    -0.024068
2453693.708543 -0.025770 0.188183    -0.024102
2453693.708651 -0.025661 0.188231    -0.024137
2453693.708760 -0.025553 0.188280    -0.024170
2453693.708868 -0.025445 0.188329    -0.024204
2453693.708976 -0.025337 0.188378    -0.024237
2453693.709084 -0.025229 0.188426    -0.024270
2453693.709192 -0.025121 0.188475    -0.024303
2453693.709300 -0.025012 0.188524    -0.024335
2453693.709409 -0.024904 0.188573    -0.024367
2453693.709517 -0.024796 0.188621    -0.024399
2453693.709625 -0.024688 0.188670    -0.024431
2453693.709733 -0.024580 0.188719    -0.024462
2453693.709841 -0.024472 0.188768    -0.024493
2453693.709949 -0.024363 0.188816    -0.024524
2453693.710058 -0.024255 0.188865    -0.024554
2453693.710166 -0.024147 0.188914    -0.024585
2453693.710274 -0.024039 0.188963    -0.024615
2453693.710382 -0.023931 0.189011    -0.024644
2453693.710490 -0.023823 0.189060    -0.024674
2453693.710598 -0.023714 0.189109    -0.024703
2453693.710707 -0.023606 0.189158    -0.024732
2453693.710815 -0.023498 0.189206    -0.024761
2453693.710923 -0.023390 0.189255    -0.024789
2453693.711031 -0.023282 0.189304    -0.024817
2453693.711139 -0.023174 0.189353    -0.024846
2453693.711247 -0.023065 0.189401    -0.024873
2453693.711356 -0.022957 0.189450    -0.024901
2453693.711464 -0.022849 0.189499    -0.024928
2453693.711572 -0.022741 0.189548    -0.024955
2453693.711680 -0.022633 0.189597    -0.024982
2453693.711788 -0.022525 0.189645    -0.025009
2453693.711896 -0.022416 0.189694    -0.025035
2453693.712005 -0.022308 0.189743    -0.025062
2453693.712113 -0.022200 0.189792    -0.025088
2453693.712221 -0.022092 0.189840    -0.025113
2453693.712329 -0.021984 0.189889    -0.025139
2453693.712437 -0.021876 0.189938    -0.025164
2453693.712545 -0.021767 0.189987    -0.025190
2453693.712654 -0.021659 0.190035    -0.025215
2453693.712762 -0.021551 0.190084    -0.025239
2453693.712870 -0.021443 0.190133    -0.025264
2453693.712978 -0.021335 0.190182    -0.025288
2453693.713086 -0.021227 0.190230    -0.025312
2453693.713194 -0.021118 0.190279    -0.025336
2453693.713303 -0.021010 0.190328    -0.025360
2453693.713411 -0.020902 0.190377    -0.025384
2453693.713519 -0.020794 0.190425    -0.025407
2453693.713627 -0.020686 0.190474    -0.025430
2453693.713735 -0.020578 0.190523    -0.025453
2453693.713843 -0.020469 0.190572    -0.025476
2453693.713952 -0.020361 0.190620    -0.025499
2453693.714060 -0.020253 0.190669    -0.025521
2453693.714168 -0.020145 0.190718    -0.025543
2453693.714276 -0.020037 0.190767    -0.025566
2453693.714384 -0.019929 0.190815    -0.025587
2453693.714492 -0.019820 0.190864    -0.025609
2453693.714601 -0.019712 0.190913    -0.025631
2453693.714709 -0.019604 0.190962    -0.025652
2453693.714817 -0.019496 0.191010    -0.025673
2453693.714925 -0.019388 0.191059    -0.025694
2453693.715033 -0.019280 0.191108    -0.025715
2453693.715141 -0.019171 0.191157    -0.025736
2453693.715250 -0.019063 0.191205    -0.025756
2453693.715358 -0.018955 0.191254    -0.025777
2453693.715466 -0.018847 0.191303    -0.025797
2453693.715574 -0.018739 0.191352    -0.025817
2453693.715682 -0.018631 0.191400    -0.025837
2453693.715790 -0.018522 0.191449    -0.025856
2453693.715899 -0.018414 0.191498    -0.025876
2453693.716007 -0.018306 0.191547    -0.025895
2453693.716115 -0.018198 0.191595    -0.025914
2453693.716223 -0.018090 0.191644    -0.025933
2453693.716331 -0.017982 0.191693    -0.025952
2453693.716440 -0.017873 0.191742    -0.025971
2453693.716548 -0.017765 0.191791    -0.025989
2453693.716656 -0.017657 0.191839    -0.026008
2453693.716764 -0.017549 0.191888    -0.026026
2453693.716872 -0.017441 0.191937    -0.026044
2453693.716980 -0.017332 0.191986    -0.026062
2453693.717089 -0.017224 0.192034    -0.026080
2453693.717197 -0.017116 0.192083    -0.026097
2453693.717305 -0.017008 0.192132    -0.026115
2453693.717413 -0.016900 0.192181    -0.026132
2453693.717521 -0.016792 0.192229    -0.026149
2453693.717629 -0.016683 0.192278    -0.026166
2453693.717738 -0.016575 0.192327    -0.026183
2453693.717846 -0.016467 0.192376    -0.026200
2453693.717954 -0.016359 0.192424    -0.026217
2453693.718062 -0.016251 0.192473    -0.026233
2453693.718170 -0.016143 0.192522    -0.026249
2453693.718278 -0.016034 0.192571    -0.026266
2453693.718387 -0.015926 0.192619    -0.026282
2453693.718495 -0.015818 0.192668    -0.026298
2453693.718603 -0.015710 0.192717    -0.026313
2453693.718711 -0.015602 0.192766    -0.026329
2453693.718819 -0.015494 0.192814    -0.026344
2453693.718927 -0.015385 0.192863    -0.026360
2453693.719036 -0.015277 0.192912    -0.026375
2453693.719144 -0.015169 0.192961    -0.026390
2453693.719252 -0.015061 0.193009    -0.026405
2453693.719360 -0.014953 0.193058    -0.026420
2453693.719468 -0.014845 0.193107    -0.026434
2453693.719576 -0.014736 0.193156    -0.026449
2453693.719685 -0.014628 0.193204    -0.026463
2453693.719793 -0.014520 0.193253    -0.026478
2453693.719901 -0.014412 0.193302    -0.026492
2453693.720009 -0.014304 0.193351    -0.026506
2453693.720117 -0.014196 0.193399    -0.026520
2453693.720225 -0.014087 0.193448    -0.026533
2453693.720334 -0.013979 0.193497    -0.026547
2453693.720442 -0.013871 0.193546    -0.026560
2453693.720550 -0.013763 0.193594    -0.026574
2453693.720658 -0.013655 0.193643    -0.026587
2453693.720766 -0.013547 0.193692    -0.026600
2453693.720874 -0.013438 0.193741    -0.026613
2453693.720983 -0.013330 0.193789    -0.026626
2453693.721091 -0.013222 0.193838    -0.026639
2453693.721199 -0.013114 0.193887    -0.026651
2453693.721307 -0.013006 0.193936    -0.026664
2453693.721415 -0.012898 0.193985    -0.026676
2453693.721523 -0.012789 0.194033    -0.026688
2453693.721632 -0.012681 0.194082    -0.026700
2453693.721740 -0.012573 0.194131    -0.026712
2453693.721848 -0.012465 0.194180    -0.026724
2453693.721956 -0.012357 0.194228    -0.026736
2453693.722064 -0.012249 0.194277    -0.026748
2453693.722172 -0.012140 0.194326    -0.026759
2453693.722281 -0.012032 0.194375    -0.026771
2453693.722389 -0.011924 0.194423    -0.026782
2453693.722497 -0.011816 0.194472    -0.026793
2453693.722605 -0.011708 0.194521    -0.026804
2453693.722713 -0.011600 0.194570    -0.026815
2453693.722821 -0.011491 0.194618    -0.026826
2453693.722930 -0.011383 0.194667    -0.026836
2453693.723038 -0.011275 0.194716    -0.026847
2453693.723146 -0.011167 0.194765    -0.026857
2453693.723254 -0.011059 0.194813    -0.026868
2453693.723362 -0.010951 0.194862    -0.026878
2453693.723470 -0.010842 0.194911    -0.026888
2453693.723579 -0.010734 0.194960    -0.026898
2453693.723687 -0.010626 0.195008    -0.026908
2453693.723795 -0.010518 0.195057    -0.026918
2453693.723903 -0.010410 0.195106    -0.026928
2453693.724011 -0.010302 0.195155    -0.026937
2453693.724119 -0.010193 0.195203    -0.026947
2453693.724228 -0.010085 0.195252    -0.026956
2453693.724336 -0.009977 0.195301    -0.026965
2453693.724444 -0.009869 0.195350    -0.026974
2453693.724552 -0.009761 0.195398    -0.026983
2453693.724660 -0.009653 0.195447    -0.026992
2453693.724768 -0.009544 0.195496    -0.027001
2453693.724877 -0.009436 0.195545    -0.027010
2453693.724985 -0.009328 0.195593    -0.027018
2453693.725093 -0.009220 0.195642    -0.027027
2453693.725201 -0.009112 0.195691    -0.027035
2453693.725309 -0.009004 0.195740    -0.027043
2453693.725417 -0.008895 0.195788    -0.027051
2453693.725526 -0.008787 0.195837    -0.027059
2453693.725634 -0.008679 0.195886    -0.027067
2453693.725742 -0.008571 0.195935    -0.027075
2453693.725850 -0.008463 0.195983    -0.027083
2453693.725958 -0.008355 0.196032    -0.027091
2453693.726066 -0.008246 0.196081    -0.027098
2453693.726175 -0.008138 0.196130    -0.027105
2453693.726283 -0.008030 0.196179    -0.027113
2453693.726391 -0.007922 0.196227    -0.027120
2453693.726499 -0.007814 0.196276    -0.027127
2453693.726607 -0.007706 0.196325    -0.027134
2453693.726715 -0.007597 0.196374    -0.027141
2453693.726824 -0.007489 0.196422    -0.027148
2453693.726932 -0.007381 0.196471    -0.027154
2453693.727040 -0.007273 0.196520    -0.027161
2453693.727148 -0.007165 0.196569    -0.027167
2453693.727256 -0.007057 0.196617    -0.027174
2453693.727364 -0.006948 0.196666    -0.027180
2453693.727473 -0.006840 0.196715    -0.027186
2453693.727581 -0.006732 0.196764    -0.027192
2453693.727689 -0.006624 0.196812    -0.027198
2453693.727797 -0.006516 0.196861    -0.027204
2453693.727905 -0.006408 0.196910    -0.027210
2453693.728013 -0.006299 0.196959    -0.027216
2453693.728122 -0.006191 0.197007    -0.027221
2453693.728230 -0.006083 0.197056    -0.027227
2453693.728338 -0.005975 0.197105    -0.027232
2453693.728446 -0.005867 0.197154    -0.027237
2453693.728554 -0.005759 0.197202    -0.027242
2453693.728662 -0.005650 0.197251    -0.027247
2453693.728771 -0.005542 0.197300    -0.027252
2453693.728879 -0.005434 0.197349    -0.027257
2453693.728987 -0.005326 0.197397    -0.027262
2453693.729095 -0.005218 0.197446    -0.027267
2453693.729203 -0.005110 0.197495    -0.027271
2453693.729311 -0.005001 0.197544    -0.027276
2453693.729420 -0.004893 0.197592    -0.027280
2453693.729528 -0.004785 0.197641    -0.027284
2453693.729636 -0.004677 0.197690    -0.027289
2453693.729744 -0.004569 0.197739    -0.027293
2453693.729852 -0.004461 0.197787    -0.027297
2453693.729961 -0.004352 0.197836    -0.027301
2453693.730069 -0.004244 0.197885    -0.027304
2453693.730177 -0.004136 0.197934    -0.027308
2453693.730285 -0.004028 0.197982    -0.027312
2453693.730393 -0.003920 0.198031    -0.027315
2453693.730501 -0.003811 0.198080    -0.027319
2453693.730610 -0.003703 0.198129    -0.027322
2453693.730718 -0.003595 0.198177    -0.027325
2453693.730826 -0.003487 0.198226    -0.027328
2453693.730934 -0.003379 0.198275    -0.027331
2453693.731042 -0.003271 0.198324    -0.027334
2453693.731150 -0.003162 0.198373    -0.027337
2453693.731259 -0.003054 0.198421    -0.027340
2453693.731367 -0.002946 0.198470    -0.027342
2453693.731475 -0.002838 0.198519    -0.027345
2453693.731583 -0.002730 0.198568    -0.027347
2453693.731691 -0.002622 0.198616    -0.027350
2453693.731799 -0.002513 0.198665    -0.027352
2453693.731908 -0.002405 0.198714    -0.027354
2453693.732016 -0.002297 0.198763    -0.027356
2453693.732124 -0.002189 0.198811    -0.027358
2453693.732232 -0.002081 0.198860    -0.027360
2453693.732340 -0.001973 0.198909    -0.027362
2453693.732448 -0.001864 0.198958    -0.027363
2453693.732557 -0.001756 0.199006    -0.027365
2453693.732665 -0.001648 0.199055    -0.027366
2453693.732773 -0.001540 0.199104    -0.027368
2453693.732881 -0.001432 0.199153    -0.027369
2453693.732989 -0.001324 0.199201    -0.027370
2453693.733097 -0.001215 0.199250    -0.027371
2453693.733206 -0.001107 0.199299    -0.027372
2453693.733314 -0.000999 0.199348    -0.027373
2453693.733422 -0.000891 0.199396    -0.027374
2453693.733530 -0.000783 0.199445    -0.027375
2453693.733638 -0.000675 0.199494    -0.027376
2453693.733746 -0.000566 0.199543    -0.027376
2453693.733855 -0.000458 0.199591    -0.027377
2453693.733963 -0.000350 0.199640    -0.027377
2453693.734071 -0.000242 0.199689    -0.027377
2453693.734179 -0.000134 0.199738    -0.027377
2453693.734287 -0.000026 0.199786    -0.027377
2453693.734395 0.000083 0.199835    -0.027377
2453693.734504 0.000191 0.199884    -0.027377
2453693.734612 0.000299 0.199933    -0.027377
2453693.734720 0.000407 0.199981    -0.027377
2453693.734828 0.000515 0.200030    -0.027376
2453693.734936 0.000623 0.200079    -0.027376
2453693.735044 0.000732 0.200128    -0.027375
2453693.735153 0.000840 0.200176    -0.027375
2453693.735261 0.000948 0.200225    -0.027374
2453693.735369 0.001056 0.200274    -0.027373
2453693.735477 0.001164 0.200323    -0.027372
2453693.735585 0.001272 0.200371    -0.027371
2453693.735693 0.001381 0.200420    -0.027370
2453693.735802 0.001489 0.200469    -0.027368
2453693.735910 0.001597 0.200518    -0.027367
2453693.736018 0.001705 0.200567    -0.027366
2453693.736126 0.001813 0.200615    -0.027364
2453693.736234 0.001921 0.200664    -0.027362
2453693.736342 0.002030 0.200713    -0.027361
2453693.736451 0.002138 0.200762    -0.027359
2453693.736559 0.002246 0.200810    -0.027357
2453693.736667 0.002354 0.200859    -0.027355
2453693.736775 0.002462 0.200908    -0.027353
2453693.736883 0.002570 0.200957    -0.027351
2453693.736991 0.002679 0.201005    -0.027348
2453693.737100 0.002787 0.201054    -0.027346
2453693.737208 0.002895 0.201103    -0.027343
2453693.737316 0.003003 0.201152    -0.027341
2453693.737424 0.003111 0.201200    -0.027338
2453693.737532 0.003219 0.201249    -0.027335
2453693.737640 0.003328 0.201298    -0.027333
2453693.737749 0.003436 0.201347    -0.027330
2453693.737857 0.003544 0.201395    -0.027327
2453693.737965 0.003652 0.201444    -0.027323
2453693.738073 0.003760 0.201493    -0.027320
2453693.738181 0.003868 0.201542    -0.027317
2453693.738289 0.003977 0.201590    -0.027313
2453693.738398 0.004085 0.201639    -0.027310
2453693.738506 0.004193 0.201688    -0.027306
2453693.738614 0.004301 0.201737    -0.027302
2453693.738722 0.004409 0.201785    -0.027299
2453693.738830 0.004517 0.201834    -0.027295
2453693.738938 0.004626 0.201883    -0.027291
2453693.739047 0.004734 0.201932    -0.027286
2453693.739155 0.004842 0.201980    -0.027282
2453693.739263 0.004950 0.202029    -0.027278
2453693.739371 0.005058 0.202078    -0.027273
2453693.739479 0.005166 0.202127    -0.027269
2453693.739587 0.005275 0.202175    -0.027264
2453693.739696 0.005383 0.202224    -0.027260
2453693.739804 0.005491 0.202273    -0.027255
2453693.739912 0.005599 0.202322    -0.027250
2453693.740020 0.005707 0.202370    -0.027245
2453693.740128 0.005815 0.202419    -0.027240
2453693.740236 0.005924 0.202468    -0.027234
2453693.740345 0.006032 0.202517    -0.027229
2453693.740453 0.006140 0.202566    -0.027224
2453693.740561 0.006248 0.202614    -0.027218
2453693.740669 0.006356 0.202663    -0.027213
2453693.740777 0.006464 0.202712    -0.027207
2453693.740885 0.006573 0.202761    -0.027201
2453693.740994 0.006681 0.202809    -0.027195
2453693.741102 0.006789 0.202858    -0.027189
2453693.741210 0.006897 0.202907    -0.027183
2453693.741318 0.007005 0.202956    -0.027177
2453693.741426 0.007113 0.203004    -0.027170
2453693.741534 0.007222 0.203053    -0.027164
2453693.741643 0.007330 0.203102    -0.027158
2453693.741751 0.007438 0.203151    -0.027151
2453693.741859 0.007546 0.203199    -0.027144
2453693.741967 0.007654 0.203248    -0.027137
2453693.742075 0.007762 0.203297    -0.027130
2453693.742183 0.007871 0.203346    -0.027123
2453693.742292 0.007979 0.203394    -0.027116
2453693.742400 0.008087 0.203443    -0.027109
2453693.742508 0.008195 0.203492    -0.027102
2453693.742616 0.008303 0.203541    -0.027094
2453693.742724 0.008411 0.203589    -0.027087
2453693.742832 0.008520 0.203638    -0.027079
2453693.742941 0.008628 0.203687    -0.027071
2453693.743049 0.008736 0.203736    -0.027063
2453693.743157 0.008844 0.203784    -0.027055
2453693.743265 0.008952 0.203833    -0.027047
2453693.743373 0.009060 0.203882    -0.027039
2453693.743482 0.009169 0.203931    -0.027031
2453693.743590 0.009277 0.203979    -0.027022
2453693.743698 0.009385 0.204028    -0.027014
2453693.743806 0.009493 0.204077    -0.027005
2453693.743914 0.009601 0.204126    -0.026996
2453693.744022 0.009710 0.204174    -0.026987
2453693.744131 0.009818 0.204223    -0.026979
2453693.744239 0.009926 0.204272    -0.026969
2453693.744347 0.010034 0.204321    -0.026960
2453693.744455 0.010142 0.204369    -0.026951
2453693.744563 0.010250 0.204418    -0.026942
2453693.744671 0.010359 0.204467    -0.026932
2453693.744780 0.010467 0.204516    -0.026922
2453693.744888 0.010575 0.204564    -0.026913
2453693.744996 0.010683 0.204613    -0.026903
2453693.745104 0.010791 0.204662    -0.026893
2453693.745212 0.010899 0.204711    -0.026883
2453693.745320 0.011008 0.204760    -0.026873
2453693.745429 0.011116 0.204808    -0.026862
2453693.745537 0.011224 0.204857    -0.026852
2453693.745645 0.011332 0.204906    -0.026841
2453693.745753 0.011440 0.204955    -0.026831
2453693.745861 0.011548 0.205003    -0.026820
2453693.745969 0.011657 0.205052    -0.026809
2453693.746078 0.011765 0.205101    -0.026798
2453693.746186 0.011873 0.205150    -0.026787
2453693.746294 0.011981 0.205198    -0.026776
2453693.746402 0.012089 0.205247    -0.026765
2453693.746510 0.012197 0.205296    -0.026753
2453693.746618 0.012306 0.205345    -0.026742
2453693.746727 0.012414 0.205393    -0.026730
2453693.746835 0.012522 0.205442    -0.026718
2453693.746943 0.012630 0.205491    -0.026706
2453693.747051 0.012738 0.205540    -0.026694
2453693.747159 0.012846 0.205588    -0.026682
2453693.747267 0.012955 0.205637    -0.026670
2453693.747376 0.013063 0.205686    -0.026657
2453693.747484 0.013171 0.205735    -0.026645
2453693.747592 0.013279 0.205783    -0.026632
2453693.747700 0.013387 0.205832    -0.026619
2453693.747808 0.013495 0.205881    -0.026606
2453693.747916 0.013604 0.205930    -0.026593
2453693.748025 0.013712 0.205978    -0.026580
2453693.748133 0.013820 0.206027    -0.026567
2453693.748241 0.013928 0.206076    -0.026553
2453693.748349 0.014036 0.206125    -0.026540
2453693.748457 0.014144 0.206173    -0.026526
2453693.748565 0.014253 0.206222    -0.026512
2453693.748674 0.014361 0.206271    -0.026498
2453693.748782 0.014469 0.206320    -0.026484
2453693.748890 0.014577 0.206368    -0.026470
2453693.748998 0.014685 0.206417    -0.026456
2453693.749106 0.014793 0.206466    -0.026441
2453693.749214 0.014902 0.206515    -0.026427
2453693.749323 0.015010 0.206563    -0.026412
2453693.749431 0.015118 0.206612    -0.026397
2453693.749539 0.015226 0.206661    -0.026382
2453693.749647 0.015334 0.206710    -0.026367
2453693.749755 0.015442 0.206758    -0.026352
2453693.749863 0.015551 0.206807    -0.026336
2453693.749972 0.015659 0.206856    -0.026321
2453693.750080 0.015767 0.206905    -0.026305
2453693.750188 0.015875 0.206954    -0.026289
2453693.750296 0.015983 0.207002    -0.026273
2453693.750404 0.016091 0.207051    -0.026257
2453693.750512 0.016200 0.207100    -0.026241
2453693.750621 0.016308 0.207149    -0.026225
2453693.750729 0.016416 0.207197    -0.026208
2453693.750837 0.016524 0.207246    -0.026191
2453693.750945 0.016632 0.207295    -0.026175
2453693.751053 0.016740 0.207344    -0.026158
2453693.751161 0.016849 0.207392    -0.026140
2453693.751270 0.016957 0.207441    -0.026123
2453693.751378 0.017065 0.207490    -0.026106
2453693.751486 0.017173 0.207539    -0.026088
2453693.751594 0.017281 0.207587    -0.026071
2453693.751702 0.017389 0.207636    -0.026053
2453693.751810 0.017498 0.207685    -0.026035
2453693.751919 0.017606 0.207734    -0.026016
2453693.752027 0.017714 0.207782    -0.025998
2453693.752135 0.017822 0.207831    -0.025980
2453693.752243 0.017930 0.207880    -0.025961
2453693.752351 0.018038 0.207929    -0.025942
2453693.752459 0.018147 0.207977    -0.025923
2453693.752568 0.018255 0.208026    -0.025904
2453693.752676 0.018363 0.208075    -0.025885
2453693.752784 0.018471 0.208124    -0.025866
2453693.752892 0.018579 0.208172    -0.025846
2453693.753000 0.018687 0.208221    -0.025826
2453693.753108 0.018796 0.208270    -0.025806
2453693.753217 0.018904 0.208319    -0.025786
2453693.753325 0.019012 0.208367    -0.025766
2453693.753433 0.019120 0.208416    -0.025746
2453693.753541 0.019228 0.208465    -0.025725
2453693.753649 0.019336 0.208514    -0.025704
2453693.753757 0.019445 0.208562    -0.025683
2453693.753866 0.019553 0.208611    -0.025662
2453693.753974 0.019661 0.208660    -0.025641
2453693.754082 0.019769 0.208709    -0.025619
2453693.754190 0.019877 0.208757    -0.025598
2453693.754298 0.019985 0.208806    -0.025576
2453693.754406 0.020094 0.208855    -0.025554
2453693.754515 0.020202 0.208904    -0.025532
2453693.754623 0.020310 0.208952    -0.025509
2453693.754731 0.020418 0.209001    -0.025487
2453693.754839 0.020526 0.209050    -0.025464
2453693.754947 0.020634 0.209099    -0.025441
2453693.755055 0.020743 0.209148    -0.025418
2453693.755164 0.020851 0.209196    -0.025395
2453693.755272 0.020959 0.209245    -0.025371
2453693.755380 0.021067 0.209294    -0.025348
2453693.755488 0.021175 0.209343    -0.025324
2453693.755596 0.021283 0.209391    -0.025300
2453693.755704 0.021392 0.209440    -0.025275
2453693.755813 0.021500 0.209489    -0.025251
2453693.755921 0.021608 0.209538    -0.025226
2453693.756029 0.021716 0.209586    -0.025201
2453693.756137 0.021824 0.209635    -0.025176
2453693.756245 0.021932 0.209684    -0.025151
2453693.756353 0.022041 0.209733    -0.025126
2453693.756462 0.022149 0.209781    -0.025100
2453693.756570 0.022257 0.209830    -0.025074
2453693.756678 0.022365 0.209879    -0.025048
2453693.756786 0.022473 0.209928    -0.025021
2453693.756894 0.022581 0.209976    -0.024995
2453693.757003 0.022690 0.210025    -0.024968
2453693.757111 0.022798 0.210074    -0.024941
2453693.757219 0.022906 0.210123    -0.024914
2453693.757327 0.023014 0.210171    -0.024886
2453693.757435 0.023122 0.210220    -0.024859
2453693.757543 0.023231 0.210269    -0.024831
2453693.757652 0.023339 0.210318    -0.024803
2453693.757760 0.023447 0.210366    -0.024774
2453693.757868 0.023555 0.210415    -0.024746
2453693.757976 0.023663 0.210464    -0.024717
2453693.758084 0.023771 0.210513    -0.024688
2453693.758192 0.023880 0.210561    -0.024658
2453693.758301 0.023988 0.210610    -0.024629
2453693.758409 0.024096 0.210659    -0.024599
2453693.758517 0.024204 0.210708    -0.024569
2453693.758625 0.024312 0.210756    -0.024538
2453693.758733 0.024420 0.210805    -0.024508
2453693.758841 0.024529 0.210854    -0.024477
2453693.758950 0.024637 0.210903    -0.024446
2453693.759058 0.024745 0.210951    -0.024414
2453693.759166 0.024853 0.211000    -0.024382
2453693.759274 0.024961 0.211049    -0.024350
2453693.759382 0.025069 0.211098    -0.024318
2453693.759490 0.025178 0.211146    -0.024286
2453693.759599 0.025286 0.211195    -0.024253
2453693.759707 0.025394 0.211244    -0.024220
2453693.759815 0.025502 0.211293    -0.024186
2453693.759923 0.025610 0.211342    -0.024153
2453693.760031 0.025718 0.211390    -0.024119
2453693.760139 0.025827 0.211439    -0.024084
2453693.760248 0.025935 0.211488    -0.024050
2453693.760356 0.026043 0.211537    -0.024015
2453693.760464 0.026151 0.211585    -0.023980
2453693.760572 0.026259 0.211634    -0.023944
2453693.760680 0.026367 0.211683    -0.023908
2453693.760788 0.026476 0.211732    -0.023872
2453693.760897 0.026584 0.211780    -0.023835
2453693.761005 0.026692 0.211829    -0.023799
2453693.761113 0.026800 0.211878    -0.023761
2453693.761221 0.026908 0.211927    -0.023724
2453693.761329 0.027016 0.211975    -0.023686
2453693.761437 0.027125 0.212024    -0.023648
2453693.761546 0.027233 0.212073    -0.023609
2453693.761654 0.027341 0.212122    -0.023570
2453693.761762 0.027449 0.212170    -0.023531
2453693.761870 0.027557 0.212219    -0.023491
2453693.761978 0.027665 0.212268    -0.023451
2453693.762086 0.027774 0.212317    -0.023410
2453693.762195 0.027882 0.212365    -0.023370
2453693.762303 0.027990 0.212414    -0.023328
2453693.762411 0.028098 0.212463    -0.023287
2453693.762519 0.028206 0.212512    -0.023244
2453693.762627 0.028314 0.212560    -0.023202
2453693.762735 0.028423 0.212609    -0.023159
2453693.762844 0.028531 0.212658    -0.023116
2453693.762952 0.028639 0.212707    -0.023072
2453693.763060 0.028747 0.212755    -0.023027
2453693.763168 0.028855 0.212804    -0.022983
2453693.763276 0.028963 0.212853    -0.022937
2453693.763384 0.029072 0.212902    -0.022892
2453693.763493 0.029180 0.212950    -0.022846
2453693.763601 0.029288 0.212999    -0.022799
2453693.763709 0.029396 0.213048    -0.022752
2453693.763817 0.029504 0.213097    -0.022704
2453693.763925 0.029612 0.213145    -0.022656
2453693.764033 0.029721 0.213194    -0.022607
2453693.764142 0.029829 0.213243    -0.022558
2453693.764250 0.029937 0.213292    -0.022508
2453693.764358 0.030045 0.213340    -0.022457
2453693.764466 0.030153 0.213389    -0.022406
2453693.764574 0.030261 0.213438    -0.022355
2453693.764682 0.030370 0.213487    -0.022302
2453693.764791 0.030478 0.213536    -0.022250
2453693.764899 0.030586 0.213584    -0.022196
2453693.765007 0.030694 0.213633    -0.022142
2453693.765115 0.030802 0.213682    -0.022087
2453693.765223 0.030910 0.213731    -0.022031
2453693.765331 0.031019 0.213779    -0.021975
2453693.765440 0.031127 0.213828    -0.021918
2453693.765548 0.031235 0.213877    -0.021860
2453693.765656 0.031343 0.213926    -0.021802
2453693.765764 0.031451 0.213974    -0.021743
2453693.765872 0.031559 0.214023    -0.021682
2453693.765980 0.031668 0.214072    -0.021621
2453693.766089 0.031776 0.214121    -0.021559
2453693.766197 0.031884 0.214169    -0.021497
2453693.766305 0.031992 0.214218    -0.021433
2453693.766413 0.032100 0.214267    -0.021368
2453693.766521 0.032208 0.214316    -0.021302
2453693.766629 0.032317 0.214364    -0.021235
2453693.766738 0.032425 0.214413    -0.021167
2453693.766846 0.032533 0.214462    -0.021098
2453693.766954 0.032641 0.214511    -0.021027
2453693.767062 0.032749 0.214559    -0.020956
2453693.767170 0.032857 0.214608    -0.020882
2453693.767278 0.032966 0.214657    -0.020808
2453693.767387 0.033074 0.214706    -0.020732
2453693.767495 0.033182 0.214754    -0.020653
2453693.767603 0.033290 0.214803    -0.020574
2453693.767711 0.033398 0.214852    -0.020491
2453693.767819 0.033506 0.214901    -0.020407
2453693.767927 0.033615 0.214949    -0.020314
2453693.768036 0.033723 0.214998    -0.020196
2453693.768144 0.033831 0.215047    -0.020064
2453693.768252 0.033939 0.215096    -0.019921
2453693.768360 0.034047 0.215144    -0.019770
2453693.768468 0.034155 0.215193    -0.019611
2453693.768576 0.034264 0.215242    -0.019445
2453693.768685 0.034372 0.215291    -0.019274
2453693.768793 0.034480 0.215339    -0.019097
2453693.768901 0.034588 0.215388    -0.018914
2453693.769009 0.034696 0.215437    -0.018728
2453693.769117 0.034804 0.215486    -0.018537
2453693.769225 0.034913 0.215534    -0.018342
2453693.769334 0.035021 0.215583    -0.018144
2453693.769442 0.035129 0.215632    -0.017942
2453693.769550 0.035237 0.215681    -0.017737
2453693.769658 0.035345 0.215730    -0.017529
2453693.769766 0.035453 0.215778    -0.017318
2453693.769874 0.035562 0.215827    -0.017105
2453693.769983 0.035670 0.215876    -0.016890
2453693.770091 0.035778 0.215925    -0.016673
2453693.770199 0.035886 0.215973    -0.016453
2453693.770307 0.035994 0.216022    -0.016232
2453693.770415 0.036102 0.216071    -0.016009
2453693.770524 0.036211 0.216120    -0.015784
2453693.770632 0.036319 0.216168    -0.015558
2453693.770740 0.036427 0.216217    -0.015331
2453693.770848 0.036535 0.216266    -0.015102
2453693.770956 0.036643 0.216315    -0.014872
2453693.771064 0.036751 0.216363    -0.014642
2453693.771173 0.036860 0.216412    -0.014410
2453693.771281 0.036968 0.216461    -0.014178
2453693.771389 0.037076 0.216510    -0.013945
2453693.771497 0.037184 0.216558    -0.013712
2453693.771605 0.037292 0.216607    -0.013478
2453693.771713 0.037401 0.216656    -0.013243
2453693.771822 0.037509 0.216705    -0.013009
2453693.771930 0.037617 0.216753    -0.012774
2453693.772038 0.037725 0.216802    -0.012539
2453693.772146 0.037833 0.216851    -0.012304
2453693.772254 0.037941 0.216900    -0.012069
2453693.772362 0.038050 0.216948    -0.011835
2453693.772471 0.038158 0.216997    -0.011600
2453693.772579 0.038266 0.217046    -0.011366
2453693.772687 0.038374 0.217095    -0.011132
2453693.772795 0.038482 0.217143    -0.010899
2453693.772903 0.038590 0.217192    -0.010666
2453693.773011 0.038699 0.217241    -0.010434
2453693.773120 0.038807 0.217290    -0.010202
2453693.773228 0.038915 0.217338    -0.009971
2453693.773336 0.039023 0.217387    -0.009741
2453693.773444 0.039131 0.217436    -0.009512
2453693.773552 0.039239 0.217485    -0.009284
2453693.773660 0.039348 0.217533    -0.009057
2453693.773769 0.039456 0.217582    -0.008830
2453693.773877 0.039564 0.217631    -0.008605
2453693.773985 0.039672 0.217680    -0.008382
2453693.774093 0.039780 0.217729    -0.008159
2453693.774201 0.039888 0.217777    -0.007938
2453693.774309 0.039997 0.217826    -0.007718
2453693.774418 0.040105 0.217875    -0.007500
2453693.774526 0.040213 0.217924    -0.007283
2453693.774634 0.040321 0.217972    -0.007068
2453693.774742 0.040429 0.218021    -0.006854
2453693.774850 0.040537 0.218070    -0.006642
2453693.774958 0.040646 0.218119    -0.006432
2453693.775067 0.040754 0.218167    -0.006224
2453693.775175 0.040862 0.218216    -0.006017
2453693.775283 0.040970 0.218265    -0.005813
2453693.775391 0.041078 0.218314    -0.005611
2453693.775499 0.041186 0.218362    -0.005410
2453693.775607 0.041295 0.218411    -0.005212
2453693.775716 0.041403 0.218460    -0.005017
2453693.775824 0.041511 0.218509    -0.004823
2453693.775932 0.041619 0.218557    -0.004632
2453693.776040 0.041727 0.218606    -0.004443
2453693.776148 0.041835 0.218655    -0.004257
2453693.776256 0.041944 0.218704    -0.004073
2453693.776365 0.042052 0.218752    -0.003892
2453693.776473 0.042160 0.218801    -0.003713
2453693.776581 0.042268 0.218850    -0.003537
2453693.776689 0.042376 0.218899    -0.003364
2453693.776797 0.042484 0.218947    -0.003194
2453693.776905 0.042593 0.218996    -0.003027
2453693.777014 0.042701 0.219045    -0.002863
2453693.777122 0.042809 0.219094    -0.002703
2453693.777230 0.042917 0.219142    -0.002545
2453693.777338 0.043025 0.219191    -0.002391
2453693.777446 0.043133 0.219240    -0.002240
2453693.777554 0.043242 0.219289    -0.002092
2453693.777663 0.043350 0.219337    -0.001948
2453693.777771 0.043458 0.219386    -0.001808
2453693.777879 0.043566 0.219435    -0.001672
2453693.777987 0.043674 0.219484    -0.001539
2453693.778095 0.043782 0.219532    -0.001410
2453693.778203 0.043891 0.219581    -0.001286
2453693.778312 0.043999 0.219630    -0.001165
2453693.778420 0.044107 0.219679    -0.001049
2453693.778528 0.044215 0.219727    -0.000938
2453693.778636 0.044323 0.219776    -0.000831
2453693.778744 0.044431 0.219825    -0.000728
2453693.778852 0.044540 0.219874    -0.000631
2453693.778961 0.044648 0.219923    -0.000539
2453693.779069 0.044756 0.219971    -0.000453
2453693.779177 0.044864 0.220020    -0.000372
2453693.779285 0.044972 0.220069    -0.000297
2453693.779393 0.045080 0.220118    -0.000228
2453693.779501 0.045189 0.220166    -0.000166
2453693.779610 0.045297 0.220215    -0.000112
2453693.779718 0.045405 0.220264    -0.000066
2453693.779826 0.045513 0.220313    -0.000029
2453693.779934 0.045621 0.220361    -0.000005
2453693.780042 0.045729 0.220410     0.000000
2453693.780150 0.045838 0.220459     0.000000
2453693.780259 0.045946 0.220508     0.000000
2453693.780367 0.046054 0.220556     0.000000
2453693.780475 0.046162 0.220605     0.000000
2453693.780583 0.046270 0.220654     0.000000
2453693.780691 0.046378 0.220703     0.000000
2453693.780799 0.046487 0.220751     0.000000
2453693.780908 0.046595 0.220800     0.000000
2453693.781016 0.046703 0.220849     0.000000
2453693.781124 0.046811 0.220898     0.000000
2453693.781232 0.046919 0.220946     0.000000
2453693.781340 0.047027 0.220995     0.000000
2453693.781448 0.047136 0.221044     0.000000
2453693.781557 0.047244 0.221093     0.000000
2453693.781665 0.047352 0.221141     0.000000
2453693.781773 0.047460 0.221190     0.000000
2453693.781881 0.047568 0.221239     0.000000
2453693.781989 0.047676 0.221288     0.000000
2453693.782097 0.047785 0.221336     0.000000
2453693.782206 0.047893 0.221385     0.000000
2453693.782314 0.048001 0.221434     0.000000
2453693.782422 0.048109 0.221483     0.000000
2453693.782530 0.048217 0.221531     0.000000
2453693.782638 0.048325 0.221580     0.000000
2453693.782746 0.048434 0.221629     0.000000
2453693.782855 0.048542 0.221678     0.000000
2453693.782963 0.048650 0.221726     0.000000
2453693.783071 0.048758 0.221775     0.000000
2453693.783179 0.048866 0.221824     0.000000
2453693.783287 0.048974 0.221873     0.000000
2453693.783395 0.049083 0.221921     0.000000
2453693.783504 0.049191 0.221970     0.000000
2453693.783612 0.049299 0.222019     0.000000
2453693.783720 0.049407 0.222068     0.000000
2453693.783828 0.049515 0.222117     0.000000
2453693.783936 0.049623 0.222165     0.000000
2453693.784045 0.049732 0.222214     0.000000
2453693.784153 0.049840 0.222263     0.000000
2453693.784261 0.049948 0.222312     0.000000
2453693.784369 0.050056 0.222360     0.000000
2453693.784477 0.050164 0.222409     0.000000
2453693.784585 0.050272 0.222458     0.000000
2453693.784694 0.050381 0.222507     0.000000
2453693.784802 0.050489 0.222555     0.000000
2453693.784910 0.050597 0.222604     0.000000
2453693.785018 0.050705 0.222653     0.000000
2453693.785126 0.050813 0.222702     0.000000
2453693.785234 0.050922 0.222750     0.000000
2453693.785343 0.051030 0.222799     0.000000
2453693.785451 0.051138 0.222848     0.000000
2453693.785559 0.051246 0.222897     0.000000
2453693.785667 0.051354 0.222945     0.000000
2453693.785775 0.051462 0.222994     0.000000
2453693.785883 0.051571 0.223043     0.000000
2453693.785992 0.051679 0.223092     0.000000
2453693.786100 0.051787 0.223140     0.000000
2453693.786208 0.051895 0.223189     0.000000
2453693.786316 0.052003 0.223238     0.000000
2453693.786424 0.052111 0.223287     0.000000
2453693.786532 0.052220 0.223335     0.000000
2453693.786641 0.052328 0.223384     0.000000
2453693.786749 0.052436 0.223433     0.000000
2453693.786857 0.052544 0.223482     0.000000
2453693.786965 0.052652 0.223530     0.000000
2453693.787073 0.052760 0.223579     0.000000
2453693.787181 0.052869 0.223628     0.000000
2453693.787290 0.052977 0.223677     0.000000
2453693.787398 0.053085 0.223725     0.000000
2453693.787506 0.053193 0.223774     0.000000
2453693.787614 0.053301 0.223823     0.000000
2453693.787722 0.053409 0.223872     0.000000
2453693.787830 0.053518 0.223920     0.000000
2453693.787939 0.053626 0.223969     0.000000
2453693.788047 0.053734 0.224018     0.000000
2453693.788155 0.053842 0.224067     0.000000
2453693.788263 0.053950 0.224115     0.000000
2453693.788371 0.054058 0.224164     0.000000
2453693.788479 0.054167 0.224213     0.000000
2453693.788588 0.054275 0.224262     0.000000
2453693.788696 0.054383 0.224311     0.000000
2453693.788804 0.054491 0.224359     0.000000
2453693.788912 0.054599 0.224408     0.000000
2453693.789020 0.054707 0.224457     0.000000
2453693.789128 0.054816 0.224506     0.000000
2453693.789237 0.054924 0.224554     0.000000
2453693.789345 0.055032 0.224603     0.000000
2453693.789453 0.055140 0.224652     0.000000
2453693.789561 0.055248 0.224701     0.000000
2453693.789669 0.055356 0.224749     0.000000
2453693.789777 0.055465 0.224798     0.000000
2453693.789886 0.055573 0.224847     0.000000
2453693.789994 0.055681 0.224896     0.000000
2453693.790102 0.055789 0.224944     0.000000
2453693.790210 0.055897 0.224993     0.000000
2453693.790318 0.056005 0.225042     0.000000
2453693.790426 0.056114 0.225091     0.000000
2453693.790535 0.056222 0.225139     0.000000
2453693.790643 0.056330 0.225188     0.000000
2453693.790751 0.056438 0.225237     0.000000
2453693.790859 0.056546 0.225286     0.000000
2453693.790967 0.056654 0.225334     0.000000
2453693.791075 0.056763 0.225383     0.000000
2453693.791184 0.056871 0.225432     0.000000
2453693.791292 0.056979 0.225481     0.000000
2453693.791400 0.057087 0.225529     0.000000
2453693.791508 0.057195 0.225578     0.000000
2453693.791616 0.057303 0.225627     0.000000
2453693.791724 0.057412 0.225676     0.000000
2453693.791833 0.057520 0.225724     0.000000
2453693.791941 0.057628 0.225773     0.000000
2453693.792049 0.057736 0.225822     0.000000
2453693.792157 0.057844 0.225871     0.000000
2453693.792265 0.057952 0.225919     0.000000
2453693.792373 0.058061 0.225968     0.000000
2453693.792482 0.058169 0.226017     0.000000
2453693.792590 0.058277 0.226066     0.000000
2453693.792698 0.058385 0.226114     0.000000
2453693.792806 0.058493 0.226163     0.000000
2453693.792914 0.058601 0.226212     0.000000
2453693.793022 0.058710 0.226261     0.000000
2453693.793131 0.058818 0.226309     0.000000
2453693.793239 0.058926 0.226358     0.000000
2453693.793347 0.059034 0.226407     0.000000
2453693.793455 0.059142 0.226456     0.000000
2453693.793563 0.059250 0.226505     0.000000
2453693.793671 0.059359 0.226553     0.000000
2453693.793780 0.059467 0.226602     0.000000
2453693.793888 0.059575 0.226651     0.000000
2453693.793996 0.059683 0.226700     0.000000
2453693.794104 0.059791 0.226748     0.000000
2453693.794212 0.059899 0.226797     0.000000
2453693.794320 0.060008 0.226846     0.000000
2453693.794429 0.060116 0.226895     0.000000
2453693.794537 0.060224 0.226943     0.000000
2453693.794645 0.060332 0.226992     0.000000
2453693.794753 0.060440 0.227041     0.000000
2453693.794861 0.060548 0.227090     0.000000
2453693.794969 0.060657 0.227138     0.000000
2453693.795078 0.060765 0.227187     0.000000
2453693.795186 0.060873 0.227236     0.000000
2453693.795294 0.060981 0.227285     0.000000
2453693.795402 0.061089 0.227333     0.000000
2453693.795510 0.061197 0.227382     0.000000
2453693.795618 0.061306 0.227431     0.000000
2453693.795727 0.061414 0.227480     0.000000
2453693.795835 0.061522 0.227528     0.000000
2453693.795943 0.061630 0.227577     0.000000
2453693.796051 0.061738 0.227626     0.000000
2453693.796159 0.061846 0.227675     0.000000
2453693.796267 0.061955 0.227723     0.000000
2453693.796376 0.062063 0.227772     0.000000
2453693.796484 0.062171 0.227821     0.000000
2453693.796592 0.062279 0.227870     0.000000
2453693.796700 0.062387 0.227918     0.000000
2453693.796808 0.062495 0.227967     0.000000
2453693.796916 0.062604 0.228016     0.000000
2453693.797025 0.062712 0.228065     0.000000
2453693.797133 0.062820 0.228113     0.000000
2453693.797241 0.062928 0.228162     0.000000
2453693.797349 0.063036 0.228211     0.000000
2453693.797457 0.063144 0.228260     0.000000
2453693.797566 0.063253 0.228308     0.000000
2453693.797674 0.063361 0.228357     0.000000
2453693.797782 0.063469 0.228406     0.000000
2453693.797890 0.063577 0.228455     0.000000
2453693.797998 0.063685 0.228503     0.000000
2453693.798106 0.063793 0.228552     0.000000
2453693.798215 0.063902 0.228601     0.000000
2453693.798323 0.064010 0.228650     0.000000
2453693.798431 0.064118 0.228699     0.000000
2453693.798539 0.064226 0.228747     0.000000
2453693.798647 0.064334 0.228796     0.000000
2453693.798755 0.064443 0.228845     0.000000
2453693.798864 0.064551 0.228894     0.000000
2453693.798972 0.064659 0.228942     0.000000
2453693.799080 0.064767 0.228991     0.000000
2453693.799188 0.064875 0.229040     0.000000
2453693.799296 0.064983 0.229089     0.000000
2453693.799404 0.065092 0.229137     0.000000
2453693.799513 0.065200 0.229186     0.000000
2453693.799621 0.065308 0.229235     0.000000
2453693.799729 0.065416 0.229284     0.000000
2453693.799837 0.065524 0.229332     0.000000
2453693.799945 0.065632 0.229381     0.000000
2453693.800053 0.065741 0.229430     0.000000
2453693.800162 0.065849 0.229479     0.000000
2453693.800270 0.065957 0.229527     0.000000
2453693.800378 0.066065 0.229576     0.000000
2453693.800486 0.066173 0.229625     0.000000
2453693.800594 0.066281 0.229674     0.000000
2453693.800702 0.066390 0.229722     0.000000
2453693.800811 0.066498 0.229771     0.000000
2453693.800919 0.066606 0.229820     0.000000
2453693.801027 0.066714 0.229869     0.000000
2453693.801135 0.066822 0.229917     0.000000
2453693.801243 0.066930 0.229966     0.000000
2453693.801351 0.067039 0.230015     0.000000
2453693.801460 0.067147 0.230064     0.000000
2453693.801568 0.067255 0.230112     0.000000
2453693.801676 0.067363 0.230161     0.000000
2453693.801784 0.067471 0.230210     0.000000
2453693.801892 0.067579 0.230259     0.000000
2453693.802000 0.067688 0.230307     0.000000
2453693.802109 0.067796 0.230356     0.000000
2453693.802217 0.067904 0.230405     0.000000
2453693.802325 0.068012 0.230454     0.000000
2453693.802433 0.068120 0.230502     0.000000
2453693.802541 0.068228 0.230551     0.000000
2453693.802649 0.068337 0.230600     0.000000
2453693.802758 0.068445 0.230649     0.000000
2453693.802866 0.068553 0.230697     0.000000
2453693.802974 0.068661 0.230746     0.000000
2453693.803082 0.068769 0.230795     0.000000
2453693.803190 0.068877 0.230844     0.000000
2453693.803298 0.068986 0.230893     0.000000
2453693.803407 0.069094 0.230941     0.000000
2453693.803515 0.069202 0.230990     0.000000
2453693.803623 0.069310 0.231039     0.000000
2453693.803731 0.069418 0.231088     0.000000
2453693.803839 0.069526 0.231136     0.000000
2453693.803947 0.069635 0.231185     0.000000
2453693.804056 0.069743 0.231234     0.000000
2453693.804164 0.069851 0.231283     0.000000
2453693.804272 0.069959 0.231331     0.000000
2453693.804380 0.070067 0.231380     0.000000
2453693.804488 0.070175 0.231429     0.000000
2453693.804596 0.070284 0.231478     0.000000
2453693.804705 0.070392 0.231526     0.000000
2453693.804813 0.070500 0.231575     0.000000
2453693.804921 0.070608 0.231624     0.000000
2453693.805029 0.070716 0.231673     0.000000
2453693.805137 0.070824 0.231721     0.000000
2453693.805245 0.070933 0.231770     0.000000
2453693.805354 0.071041 0.231819     0.000000
2453693.805462 0.071149 0.231868     0.000000
2453693.805570 0.071257 0.231916     0.000000
2453693.805678 0.071365 0.231965     0.000000
2453693.805786 0.071473 0.232014     0.000000
2453693.805894 0.071582 0.232063     0.000000
2453693.806003 0.071690 0.232111     0.000000
2453693.806111 0.071798 0.232160     0.000000
2453693.806219 0.071906 0.232209     0.000000
2453693.806327 0.072014 0.232258     0.000000
2453693.806435 0.072122 0.232306     0.000000
2453693.806543 0.072231 0.232355     0.000000
2453693.806652 0.072339 0.232404     0.000000
2453693.806760 0.072447 0.232453     0.000000
2453693.806868 0.072555 0.232501     0.000000
2453693.806976 0.072663 0.232550     0.000000
2453693.807084 0.072771 0.232599     0.000000
2453693.807192 0.072880 0.232648     0.000000
2453693.807301 0.072988 0.232696     0.000000
2453693.807409 0.073096 0.232745     0.000000
2453693.807517 0.073204 0.232794     0.000000
2453693.807625 0.073312 0.232843     0.000000
2453693.807733 0.073420 0.232891     0.000000
2453693.807841 0.073529 0.232940     0.000000
2453693.807950 0.073637 0.232989     0.000000
2453693.808058 0.073745 0.233038     0.000000
2453693.808166 0.073853 0.233087     0.000000
2453693.808274 0.073961 0.233135     0.000000
2453693.808382 0.074069 0.233184     0.000000
2453693.808490 0.074178 0.233233     0.000000
2453693.808599 0.074286 0.233282     0.000000
2453693.808707 0.074394 0.233330     0.000000
2453693.808815 0.074502 0.233379     0.000000
2453693.808923 0.074610 0.233428     0.000000
2453693.809031 0.074718 0.233477     0.000000
2453693.809139 0.074827 0.233525     0.000000
2453693.809248 0.074935 0.233574     0.000000
2453693.809356 0.075043 0.233623     0.000000
2453693.809464 0.075151 0.233672     0.000000
2453693.809572 0.075259 0.233720     0.000000
2453693.809680 0.075367 0.233769     0.000000
2453693.809788 0.075476 0.233818     0.000000
2453693.809897 0.075584 0.233867     0.000000
2453693.810005 0.075692 0.233915     0.000000
2453693.810113 0.075800 0.233964     0.000000
2453693.810221 0.075908 0.234013     0.000000
2453693.810329 0.076016 0.234062     0.000000
2453693.810437 0.076125 0.234110     0.000000
2453693.810546 0.076233 0.234159     0.000000
2453693.810654 0.076341 0.234208     0.000000
2453693.810762 0.076449 0.234257     0.000000
2453693.810870 0.076557 0.234305     0.000000
2453693.810978 0.076665 0.234354     0.000000
2453693.811087 0.076774 0.234403     0.000000
2453693.811195 0.076882 0.234452     0.000000
2453693.811303 0.076990 0.234500     0.000000
2453693.811411 0.077098 0.234549     0.000000
2453693.811519 0.077206 0.234598     0.000000
2453693.811627 0.077314 0.234647     0.000000
2453693.811736 0.077423 0.234695     0.000000
2453693.811844 0.077531 0.234744     0.000000
2453693.811952 0.077639 0.234793     0.000000
2453693.812060 0.077747 0.234842     0.000000
2453693.812168 0.077855 0.234890     0.000000
2453693.812276 0.077964 0.234939     0.000000
2453693.812385 0.078072 0.234988     0.000000
2453693.812493 0.078180 0.235037     0.000000
2453693.812601 0.078288 0.235086     0.000000
2453693.812709 0.078396 0.235134     0.000000
2453693.812817 0.078504 0.235183     0.000000
2453693.812925 0.078613 0.235232     0.000000
2453693.813034 0.078721 0.235281     0.000000
2453693.813142 0.078829 0.235329     0.000000
2453693.813250 0.078937 0.235378     0.000000
2453693.813358 0.079045 0.235427     0.000000
2453693.813466 0.079153 0.235476     0.000000
2453693.813574 0.079262 0.235524     0.000000
2453693.813683 0.079370 0.235573     0.000000
2453693.813791 0.079478 0.235622     0.000000
2453693.813899 0.079586 0.235671     0.000000
2453693.814007 0.079694 0.235719     0.000000
2453693.814115 0.079802 0.235768     0.000000
2453693.814223 0.079911 0.235817     0.000000
2453693.814332 0.080019 0.235866     0.000000
2453693.814440 0.080127 0.235914     0.000000
2453693.814548 0.080235 0.235963     0.000000
2453693.814656 0.080343 0.236012     0.000000
2453693.814764 0.080451 0.236061     0.000000
2453693.814872 0.080560 0.236109     0.000000
2453693.814981 0.080668 0.236158     0.000000
2453693.815089 0.080776 0.236207     0.000000
2453693.815197 0.080884 0.236256     0.000000
2453693.815305 0.080992 0.236304     0.000000
2453693.815413 0.081100 0.236353     0.000000
2453693.815521 0.081209 0.236402     0.000000
2453693.815630 0.081317 0.236451     0.000000
2453693.815738 0.081425 0.236499     0.000000
2453693.815846 0.081533 0.236548     0.000000
2453693.815954 0.081641 0.236597     0.000000
2453693.816062 0.081749 0.236646     0.000000
2453693.816170 0.081858 0.236694     0.000000
2453693.816279 0.081966 0.236743     0.000000
2453693.816387 0.082074 0.236792     0.000000
2453693.816495 0.082182 0.236841     0.000000
2453693.816603 0.082290 0.236889     0.000000
2453693.816711 0.082398 0.236938     0.000000
2453693.816819 0.082507 0.236987     0.000000
2453693.816928 0.082615 0.237036     0.000000
2453693.817036 0.082723 0.237084     0.000000
2453693.817144 0.082831 0.237133     0.000000
2453693.817252 0.082939 0.237182     0.000000
2453693.817360 0.083047 0.237231     0.000000
2453693.817468 0.083156 0.237280     0.000000
2453693.817577 0.083264 0.237328     0.000000
2453693.817685 0.083372 0.237377     0.000000
2453693.817793 0.083480 0.237426     0.000000
2453693.817901 0.083588 0.237475     0.000000
2453693.818009 0.083696 0.237523     0.000000
2453693.818117 0.083805 0.237572     0.000000
2453693.818226 0.083913 0.237621     0.000000
2453693.818334 0.084021 0.237670     0.000000
2453693.818442 0.084129 0.237718     0.000000
2453693.818550 0.084237 0.237767     0.000000
2453693.818658 0.084345 0.237816     0.000000
2453693.818766 0.084454 0.237865     0.000000
2453693.818875 0.084562 0.237913     0.000000
2453693.818983 0.084670 0.237962     0.000000
2453693.819091 0.084778 0.238011     0.000000
2453693.819199 0.084886 0.238060     0.000000
2453693.819307 0.084994 0.238108     0.000000
2453693.819415 0.085103 0.238157     0.000000
2453693.819524 0.085211 0.238206     0.000000
2453693.819632 0.085319 0.238255     0.000000
2453693.819740 0.085427 0.238303     0.000000
2453693.819848 0.085535 0.238352     0.000000
2453693.819956 0.085643 0.238401     0.000000
2453693.820064 0.085752 0.238450     0.000000
2453693.820173 0.085860 0.238498     0.000000
2453693.820281 0.085968 0.238547     0.000000
2453693.820389 0.086076 0.238596     0.000000
2453693.820497 0.086184 0.238645     0.000000
2453693.820605 0.086292 0.238693     0.000000
2453693.820713 0.086401 0.238742     0.000000
2453693.820822 0.086509 0.238791     0.000000
2453693.820930 0.086617 0.238840     0.000000
2453693.821038 0.086725 0.238888     0.000000
2453693.821146 0.086833 0.238937     0.000000
2453693.821254 0.086941 0.238986     0.000000
2453693.821362 0.087050 0.239035     0.000000
2453693.821471 0.087158 0.239083     0.000000
2453693.821579 0.087266 0.239132     0.000000
2453693.821687 0.087374 0.239181     0.000000
2453693.821795 0.087482 0.239230     0.000000
2453693.821903 0.087590 0.239278     0.000000
2453693.822011 0.087699 0.239327     0.000000
2453693.822120 0.087807 0.239376     0.000000
2453693.822228 0.087915 0.239425     0.000000
2453693.822336 0.088023 0.239474     0.000000
2453693.822444 0.088131 0.239522     0.000000
2453693.822552 0.088239 0.239571     0.000000
2453693.822660 0.088348 0.239620     0.000000
2453693.822769 0.088456 0.239669     0.000000
2453693.822877 0.088564 0.239717     0.000000
2453693.822985 0.088672 0.239766     0.000000
2453693.823093 0.088780 0.239815     0.000000
2453693.823201 0.088888 0.239864     0.000000
2453693.823309 0.088997 0.239912     0.000000
2453693.823418 0.089105 0.239961     0.000000
2453693.823526 0.089213 0.240010     0.000000
2453693.823634 0.089321 0.240059     0.000000
2453693.823742 0.089429 0.240107     0.000000
2453693.823850 0.089537 0.240156     0.000000
2453693.823958 0.089646 0.240205     0.000000
2453693.824067 0.089754 0.240254     0.000000
2453693.824175 0.089862 0.240302     0.000000
2453693.824283 0.089970 0.240351     0.000000
2453693.824391 0.090078 0.240400     0.000000
2453693.824499 0.090186 0.240449     0.000000
2453693.824608 0.090295 0.240497     0.000000
2453693.824716 0.090403 0.240546     0.000000
2453693.824824 0.090511 0.240595     0.000000
2453693.824932 0.090619 0.240644     0.000000
2453693.825040 0.090727 0.240692     0.000000
2453693.825148 0.090835 0.240741     0.000000
2453693.825257 0.090944 0.240790     0.000000
2453693.825365 0.091052 0.240839     0.000000
2453693.825473 0.091160 0.240887     0.000000
2453693.825581 0.091268 0.240936     0.000000
2453693.825689 0.091376 0.240985     0.000000
2453693.825797 0.091485 0.241034     0.000000
2453693.825906 0.091593 0.241082     0.000000
2453693.826014 0.091701 0.241131     0.000000
2453693.826122 0.091809 0.241180     0.000000
2453693.826230 0.091917 0.241229     0.000000
2453693.826338 0.092025 0.241277     0.000000
2453693.826446 0.092134 0.241326     0.000000
2453693.826555 0.092242 0.241375     0.000000
2453693.826663 0.092350 0.241424     0.000000
2453693.826771 0.092458 0.241472     0.000000
2453693.826879 0.092566 0.241521     0.000000
2453693.826987 0.092674 0.241570     0.000000
2453693.827095 0.092783 0.241619     0.000000
