# time model 
-1.830016 0.000000 
-1.829016 0.000000 
-1.828016 0.000000 
-1.827016 0.000000 
-1.826016 0.000000 
-1.825016 0.000000 
-1.824016 0.000000 
-1.823016 0.000000 
-1.822016 0.000000 
-1.821016 0.000000 
-1.820016 0.000000 
-1.819016 0.000000 
-1.818016 0.000000 
-1.817016 0.000000 
-1.816016 0.000000 
-1.815016 0.000000 
-1.814016 0.000000 
-1.813016 0.000000 
-1.812016 0.000000 
-1.811016 0.000000 
-1.810016 0.000000 
-1.809016 0.000000 
-1.808016 0.000000 
-1.807016 0.000000 
-1.806016 0.000000 
-1.805016 0.000000 
-1.804016 0.000000 
-1.803016 0.000000 
-1.802016 0.000000 
-1.801016 0.000000 
-1.800016 0.000000 
-1.799016 0.000000 
-1.798016 0.000000 
-1.797016 0.000000 
-1.796016 0.000000 
-1.795016 0.000000 
-1.794016 0.000000 
-1.793016 0.000000 
-1.792016 0.000000 
-1.791016 0.000000 
-1.790016 0.000000 
-1.789016 0.000000 
-1.788016 0.000000 
-1.787016 0.000000 
-1.786016 0.000000 
-1.785016 0.000000 
-1.784016 0.000000 
-1.783016 0.000000 
-1.782016 0.000000 
-1.781016 0.000000 
-1.780016 0.000000 
-1.779016 0.000000 
-1.778016 0.000000 
-1.777016 0.000000 
-1.776016 0.000000 
-1.775016 0.000000 
-1.774016 0.000000 
-1.773016 0.000000 
-1.772016 0.000000 
-1.771016 0.000000 
-1.770016 0.000000 
-1.769016 0.000000 
-1.768016 0.000000 
-1.767016 0.000000 
-1.766016 0.000000 
-1.765016 0.000000 
-1.764016 0.000000 
-1.763016 0.000000 
-1.762016 0.000000 
-1.761016 0.000000 
-1.760016 0.000000 
-1.759016 0.000000 
-1.758016 0.000000 
-1.757016 0.000000 
-1.756016 0.000000 
-1.755016 0.000000 
-1.754016 0.000000 
-1.753016 0.000000 
-1.752016 0.000000 
-1.751016 0.000000 
-1.750016 0.000000 
-1.749016 0.000000 
-1.748016 0.000000 
-1.747016 0.000000 
-1.746016 0.000000 
-1.745016 0.000000 
-1.744016 0.000000 
-1.743016 0.000000 
-1.742016 0.000000 
-1.741016 0.000000 
-1.740016 0.000000 
-1.739016 0.000000 
-1.738016 0.000000 
-1.737016 0.000000 
-1.736016 0.000000 
-1.735016 0.000000 
-1.734016 0.000000 
-1.733016 0.000000 
-1.732016 0.000000 
-1.731016 0.000000 
-1.730016 0.000000 
-1.729016 0.000000 
-1.728016 0.000000 
-1.727016 0.000000 
-1.726016 0.000000 
-1.725016 0.000000 
-1.724016 0.000000 
-1.723016 0.000000 
-1.722016 0.000000 
-1.721016 0.000000 
-1.720016 0.000000 
-1.719016 0.000000 
-1.718016 0.000000 
-1.717016 0.000000 
-1.716016 0.000000 
-1.715016 0.000000 
-1.714016 0.000000 
-1.713016 0.000000 
-1.712016 0.000000 
-1.711016 0.000000 
-1.710016 0.000000 
-1.709016 0.000000 
-1.708016 0.000000 
-1.707016 0.000000 
-1.706016 0.000000 
-1.705016 0.000000 
-1.704016 0.000000 
-1.703016 0.000000 
-1.702016 0.000000 
-1.701016 0.000000 
-1.700016 0.000000 
-1.699016 0.000000 
-1.698016 0.000000 
-1.697016 0.000000 
-1.696016 0.000000 
-1.695016 0.000000 
-1.694016 0.000000 
-1.693016 0.000000 
-1.692016 0.000000 
-1.691016 0.000000 
-1.690016 0.000000 
-1.689016 0.000000 
-1.688016 0.000000 
-1.687016 0.000000 
-1.686016 0.000000 
-1.685016 0.000000 
-1.684016 0.000000 
-1.683016 0.000000 
-1.682016 0.000000 
-1.681016 0.000000 
-1.680016 0.000000 
-1.679016 0.000000 
-1.678016 0.000000 
-1.677016 0.000000 
-1.676016 0.000000 
-1.675016 0.000000 
-1.674016 0.000000 
-1.673016 0.000000 
-1.672016 0.000000 
-1.671016 0.000000 
-1.670016 0.000000 
-1.669016 0.000000 
-1.668016 0.000000 
-1.667016 0.000000 
-1.666016 0.000000 
-1.665016 0.000000 
-1.664016 0.000000 
-1.663016 0.000000 
-1.662016 0.000000 
-1.661016 0.000000 
-1.660016 0.000000 
-1.659016 0.000000 
-1.658016 0.000000 
-1.657016 0.000000 
-1.656016 0.000000 
-1.655016 0.000000 
-1.654016 0.000000 
-1.653016 0.000000 
-1.652016 0.000000 
-1.651016 0.000000 
-1.650016 0.000000 
-1.649016 0.000000 
-1.648016 0.000000 
-1.647016 0.000000 
-1.646016 0.000000 
-1.645016 0.000000 
-1.644016 0.000000 
-1.643016 0.000000 
-1.642016 0.000000 
-1.641016 0.000000 
-1.640016 0.000000 
-1.639016 0.000000 
-1.638016 0.000000 
-1.637016 0.000000 
-1.636016 0.000000 
-1.635016 0.000000 
-1.634016 0.000000 
-1.633016 0.000000 
-1.632016 0.000000 
-1.631016 0.000000 
-1.630016 0.000000 
-1.629016 0.000000 
-1.628016 0.000000 
-1.627016 0.000000 
-1.626016 0.000000 
-1.625016 0.000000 
-1.624016 0.000000 
-1.623016 0.000000 
-1.622016 0.000000 
-1.621016 0.000000 
-1.620016 0.000000 
-1.619016 0.000000 
-1.618016 0.000000 
-1.617016 0.000000 
-1.616016 0.000000 
-1.615016 0.000000 
-1.614016 0.000000 
-1.613016 0.000000 
-1.612016 0.000000 
-1.611016 0.000000 
-1.610016 0.000000 
-1.609016 0.000000 
-1.608016 0.000000 
-1.607016 0.000000 
-1.606016 0.000000 
-1.605016 0.000000 
-1.604016 0.000000 
-1.603016 0.000000 
-1.602016 0.000000 
-1.601016 0.000000 
-1.600016 0.000000 
-1.599016 0.000000 
-1.598016 0.000000 
-1.597016 0.000000 
-1.596016 0.000000 
-1.595016 0.000000 
-1.594016 0.000000 
-1.593016 0.000000 
-1.592016 0.000000 
-1.591016 0.000000 
-1.590016 0.000000 
-1.589016 0.000000 
-1.588016 0.000000 
-1.587016 0.000000 
-1.586016 0.000000 
-1.585016 0.000000 
-1.584016 0.000000 
-1.583016 0.000000 
-1.582016 0.000000 
-1.581016 0.000000 
-1.580016 0.000000 
-1.579016 0.000000 
-1.578016 0.000000 
-1.577016 0.000000 
-1.576016 0.000000 
-1.575016 0.000000 
-1.574016 0.000000 
-1.573016 0.000000 
-1.572016 0.000000 
-1.571016 0.000000 
-1.570016 0.000000 
-1.569016 0.000000 
-1.568016 0.000000 
-1.567016 0.000000 
-1.566016 0.000000 
-1.565016 0.000000 
-1.564016 0.000000 
-1.563016 0.000000 
-1.562016 0.000000 
-1.561016 0.000000 
-1.560016 0.000000 
-1.559016 0.000000 
-1.558016 0.000000 
-1.557016 0.000000 
-1.556016 0.000000 
-1.555016 0.000000 
-1.554016 0.000000 
-1.553016 0.000000 
-1.552016 0.000000 
-1.551016 0.000000 
-1.550016 0.000000 
-1.549016 0.000000 
-1.548016 0.000000 
-1.547016 0.000000 
-1.546016 0.000000 
-1.545016 0.000000 
-1.544016 0.000000 
-1.543016 0.000000 
-1.542016 0.000000 
-1.541016 0.000000 
-1.540016 0.000000 
-1.539016 0.000000 
-1.538016 0.000000 
-1.537016 0.000000 
-1.536016 0.000000 
-1.535016 0.000000 
-1.534016 0.000000 
-1.533016 0.000000 
-1.532016 0.000000 
-1.531016 0.000000 
-1.530016 0.000000 
-1.529016 0.000000 
-1.528016 0.000000 
-1.527016 0.000000 
-1.526016 0.000000 
-1.525016 0.000000 
-1.524016 0.000000 
-1.523016 0.000000 
-1.522016 0.000000 
-1.521016 0.000000 
-1.520016 0.000000 
-1.519016 0.000000 
-1.518016 0.000000 
-1.517016 0.000000 
-1.516016 0.000000 
-1.515016 0.000000 
-1.514016 0.000000 
-1.513016 0.000000 
-1.512016 0.000000 
-1.511016 0.000000 
-1.510016 0.000000 
-1.509016 0.000000 
-1.508016 0.000000 
-1.507016 0.000000 
-1.506016 0.000000 
-1.505016 0.000000 
-1.504016 0.000000 
-1.503016 0.000000 
-1.502016 0.000000 
-1.501016 0.000000 
-1.500016 0.000000 
-1.499016 0.000000 
-1.498016 0.000000 
-1.497016 0.000000 
-1.496016 0.000000 
-1.495016 0.000000 
-1.494016 0.000000 
-1.493016 0.000000 
-1.492016 0.000000 
-1.491016 0.000000 
-1.490016 0.000000 
-1.489016 0.000000 
-1.488016 0.000000 
-1.487016 0.000000 
-1.486016 0.000000 
-1.485016 0.000000 
-1.484016 0.000000 
-1.483016 0.000000 
-1.482016 0.000000 
-1.481016 0.000000 
-1.480016 0.000000 
-1.479016 0.000000 
-1.478016 0.000000 
-1.477016 0.000000 
-1.476016 0.000000 
-1.475016 0.000000 
-1.474016 0.000000 
-1.473016 0.000000 
-1.472016 0.000000 
-1.471016 0.000000 
-1.470016 0.000000 
-1.469016 0.000000 
-1.468016 0.000000 
-1.467016 0.000000 
-1.466016 0.000000 
-1.465016 0.000000 
-1.464016 0.000000 
-1.463016 0.000000 
-1.462016 0.000000 
-1.461016 0.000000 
-1.460016 0.000000 
-1.459016 0.000000 
-1.458016 0.000000 
-1.457016 0.000000 
-1.456016 0.000000 
-1.455016 0.000000 
-1.454016 0.000000 
-1.453016 0.000000 
-1.452016 0.000000 
-1.451016 0.000000 
-1.450016 0.000000 
-1.449016 0.000000 
-1.448016 0.000000 
-1.447016 0.000000 
-1.446016 0.000000 
-1.445016 0.000000 
-1.444016 0.000000 
-1.443016 0.000000 
-1.442016 0.000000 
-1.441016 0.000000 
-1.440016 0.000000 
-1.439016 0.000000 
-1.438016 0.000000 
-1.437016 0.000000 
-1.436016 0.000000 
-1.435016 0.000000 
-1.434016 0.000000 
-1.433016 0.000000 
-1.432016 0.000000 
-1.431016 0.000000 
-1.430016 0.000000 
-1.429016 0.000000 
-1.428016 0.000000 
-1.427016 0.000000 
-1.426016 0.000000 
-1.425016 0.000000 
-1.424016 0.000000 
-1.423016 0.000000 
-1.422016 0.000000 
-1.421016 0.000000 
-1.420016 0.000000 
-1.419016 0.000000 
-1.418016 0.000000 
-1.417016 0.000000 
-1.416016 0.000000 
-1.415016 0.000000 
-1.414016 0.000000 
-1.413016 0.000000 
-1.412016 0.000000 
-1.411016 0.000000 
-1.410016 0.000000 
-1.409016 0.000000 
-1.408016 0.000000 
-1.407016 0.000000 
-1.406016 0.000000 
-1.405016 0.000000 
-1.404016 0.000000 
-1.403016 0.000000 
-1.402016 0.000000 
-1.401016 0.000000 
-1.400016 0.000000 
-1.399016 0.000000 
-1.398016 0.000000 
-1.397016 0.000000 
-1.396016 0.000000 
-1.395016 0.000000 
-1.394016 0.000000 
-1.393016 0.000000 
-1.392016 0.000000 
-1.391016 0.000000 
-1.390016 0.000000 
-1.389016 0.000000 
-1.388016 0.000000 
-1.387016 0.000000 
-1.386016 0.000000 
-1.385016 0.000000 
-1.384016 0.000000 
-1.383016 0.000000 
-1.382016 0.000000 
-1.381016 0.000000 
-1.380016 0.000000 
-1.379016 0.000000 
-1.378016 0.000000 
-1.377016 0.000000 
-1.376016 0.000000 
-1.375016 0.000000 
-1.374016 0.000000 
-1.373016 0.000000 
-1.372016 0.000000 
-1.371016 0.000000 
-1.370016 0.000000 
-1.369016 0.000000 
-1.368016 0.000000 
-1.367016 0.000000 
-1.366016 0.000000 
-1.365016 0.000000 
-1.364016 0.000000 
-1.363016 0.000000 
-1.362016 0.000000 
-1.361016 0.000000 
-1.360016 0.000000 
-1.359016 0.000000 
-1.358016 0.000000 
-1.357016 0.000000 
-1.356016 0.000000 
-1.355016 0.000000 
-1.354016 0.000000 
-1.353016 0.000000 
-1.352016 0.000000 
-1.351016 0.000000 
-1.350016 0.000000 
-1.349016 0.000000 
-1.348016 0.000000 
-1.347016 0.000000 
-1.346016 0.000000 
-1.345016 0.000000 
-1.344016 0.000000 
-1.343016 0.000000 
-1.342016 0.000000 
-1.341016 0.000000 
-1.340016 0.000000 
-1.339016 0.000000 
-1.338016 0.000000 
-1.337016 0.000000 
-1.336016 0.000000 
-1.335016 0.000000 
-1.334016 0.000000 
-1.333016 0.000000 
-1.332016 0.000000 
-1.331016 0.000000 
-1.330016 0.000000 
-1.329016 0.000000 
-1.328016 0.000000 
-1.327016 0.000000 
-1.326016 0.000000 
-1.325016 0.000000 
-1.324016 0.000000 
-1.323016 0.000000 
-1.322016 0.000000 
-1.321016 0.000000 
-1.320016 0.000000 
-1.319016 0.000000 
-1.318016 0.000000 
-1.317016 0.000000 
-1.316016 0.000000 
-1.315016 0.000000 
-1.314016 0.000000 
-1.313016 0.000000 
-1.312016 0.000000 
-1.311016 0.000000 
-1.310016 0.000000 
-1.309016 0.000000 
-1.308016 0.000000 
-1.307016 0.000000 
-1.306016 0.000000 
-1.305016 0.000000 
-1.304016 0.000000 
-1.303016 0.000000 
-1.302016 0.000000 
-1.301016 0.000000 
-1.300016 0.000000 
-1.299016 0.000000 
-1.298016 0.000000 
-1.297016 0.000000 
-1.296016 0.000000 
-1.295016 0.000000 
-1.294016 0.000000 
-1.293016 0.000000 
-1.292016 0.000000 
-1.291016 0.000000 
-1.290016 0.000000 
-1.289016 0.000000 
-1.288016 0.000000 
-1.287016 0.000000 
-1.286016 0.000000 
-1.285016 0.000000 
-1.284016 0.000000 
-1.283016 0.000000 
-1.282016 0.000000 
-1.281016 0.000000 
-1.280016 0.000000 
-1.279016 0.000000 
-1.278016 0.000000 
-1.277016 0.000000 
-1.276016 0.000000 
-1.275016 0.000000 
-1.274016 0.000000 
-1.273016 0.000000 
-1.272016 0.000000 
-1.271016 0.000000 
-1.270016 0.000000 
-1.269016 0.000000 
-1.268016 0.000000 
-1.267016 0.000000 
-1.266016 0.000000 
-1.265016 0.000000 
-1.264016 0.000000 
-1.263016 0.000000 
-1.262016 0.000000 
-1.261016 0.000000 
-1.260016 0.000000 
-1.259016 0.000000 
-1.258016 0.000000 
-1.257016 0.000000 
-1.256016 0.000000 
-1.255016 0.000000 
-1.254016 0.000000 
-1.253016 0.000000 
-1.252016 0.000000 
-1.251016 0.000000 
-1.250016 0.000000 
-1.249016 0.000000 
-1.248016 0.000000 
-1.247016 0.000000 
-1.246016 0.000000 
-1.245016 0.000000 
-1.244016 0.000000 
-1.243016 0.000000 
-1.242016 0.000000 
-1.241016 0.000000 
-1.240016 0.000000 
-1.239016 0.000000 
-1.238016 0.000000 
-1.237016 0.000000 
-1.236016 0.000000 
-1.235016 0.000000 
-1.234016 0.000000 
-1.233016 0.000000 
-1.232016 0.000000 
-1.231016 0.000000 
-1.230016 0.000000 
-1.229016 0.000000 
-1.228016 0.000000 
-1.227016 0.000000 
-1.226016 0.000000 
-1.225016 0.000000 
-1.224016 0.000000 
-1.223016 0.000000 
-1.222016 0.000000 
-1.221016 0.000000 
-1.220016 0.000000 
-1.219016 0.000000 
-1.218016 0.000000 
-1.217016 0.000000 
-1.216016 0.000000 
-1.215016 0.000000 
-1.214016 0.000000 
-1.213016 0.000000 
-1.212016 0.000000 
-1.211016 0.000000 
-1.210016 0.000000 
-1.209016 0.000000 
-1.208016 0.000000 
-1.207016 0.000000 
-1.206016 0.000000 
-1.205016 0.000000 
-1.204016 0.000000 
-1.203016 0.000000 
-1.202016 0.000000 
-1.201016 0.000000 
-1.200016 0.000000 
-1.199016 0.000000 
-1.198016 0.000000 
-1.197016 0.000000 
-1.196016 0.000000 
-1.195016 0.000000 
-1.194016 0.000000 
-1.193016 0.000000 
-1.192016 0.000000 
-1.191016 0.000000 
-1.190016 0.000000 
-1.189016 0.000000 
-1.188016 0.000000 
-1.187016 0.000000 
-1.186016 0.000000 
-1.185016 0.000000 
-1.184016 0.000000 
-1.183016 0.000000 
-1.182016 0.000000 
-1.181016 0.000000 
-1.180016 0.000000 
-1.179016 0.000000 
-1.178016 0.000000 
-1.177016 0.000000 
-1.176016 0.000000 
-1.175016 0.000000 
-1.174016 0.000000 
-1.173016 0.000000 
-1.172016 0.000000 
-1.171016 0.000000 
-1.170016 0.000000 
-1.169016 0.000000 
-1.168016 0.000000 
-1.167016 0.000000 
-1.166016 0.000000 
-1.165016 0.000000 
-1.164016 0.000000 
-1.163016 0.000000 
-1.162016 0.000000 
-1.161016 0.000000 
-1.160016 0.000000 
-1.159016 0.000000 
-1.158016 0.000000 
-1.157016 0.000000 
-1.156016 0.000000 
-1.155016 0.000000 
-1.154016 0.000000 
-1.153016 0.000000 
-1.152016 0.000000 
-1.151016 0.000000 
-1.150016 0.000000 
-1.149016 0.000000 
-1.148016 0.000000 
-1.147016 0.000000 
-1.146016 0.000000 
-1.145016 0.000000 
-1.144016 0.000000 
-1.143016 0.000000 
-1.142016 0.000000 
-1.141016 0.000000 
-1.140016 0.000000 
-1.139016 0.000000 
-1.138016 0.000000 
-1.137016 0.000000 
-1.136016 0.000000 
-1.135016 0.000000 
-1.134016 0.000000 
-1.133016 0.000000 
-1.132016 0.000000 
-1.131016 0.000000 
-1.130016 0.000000 
-1.129016 0.000000 
-1.128016 0.000000 
-1.127016 0.000000 
-1.126016 0.000000 
-1.125016 0.000000 
-1.124016 0.000000 
-1.123016 0.000000 
-1.122016 0.000000 
-1.121016 0.000000 
-1.120016 0.000000 
-1.119016 0.000000 
-1.118016 0.000000 
-1.117016 0.000000 
-1.116016 0.000000 
-1.115016 0.000000 
-1.114016 0.000000 
-1.113016 0.000000 
-1.112016 0.000000 
-1.111016 0.000000 
-1.110016 0.000000 
-1.109016 0.000000 
-1.108016 0.000000 
-1.107016 0.000000 
-1.106016 0.000000 
-1.105016 0.000000 
-1.104016 0.000000 
-1.103016 0.000000 
-1.102016 0.000000 
-1.101016 0.000000 
-1.100016 0.000000 
-1.099016 0.000000 
-1.098016 0.000000 
-1.097016 0.000000 
-1.096016 0.000000 
-1.095016 0.000000 
-1.094016 0.000000 
-1.093016 0.000000 
-1.092016 0.000000 
-1.091016 0.000000 
-1.090016 0.000000 
-1.089016 0.000000 
-1.088016 0.000000 
-1.087016 0.000000 
-1.086016 0.000000 
-1.085016 0.000000 
-1.084016 0.000000 
-1.083016 0.000000 
-1.082016 0.000000 
-1.081016 0.000000 
-1.080016 0.000000 
-1.079016 0.000000 
-1.078016 0.000000 
-1.077016 0.000000 
-1.076016 0.000000 
-1.075016 0.000000 
-1.074016 0.000000 
-1.073016 0.000000 
-1.072016 0.000000 
-1.071016 0.000000 
-1.070016 0.000000 
-1.069016 0.000000 
-1.068016 0.000000 
-1.067016 0.000000 
-1.066016 0.000000 
-1.065016 0.000000 
-1.064016 0.000000 
-1.063016 0.000000 
-1.062016 0.000000 
-1.061016 0.000000 
-1.060016 0.000000 
-1.059016 0.000000 
-1.058016 0.000000 
-1.057016 0.000000 
-1.056016 0.000000 
-1.055016 0.000000 
-1.054016 0.000000 
-1.053016 0.000000 
-1.052016 0.000000 
-1.051016 0.000000 
-1.050016 0.000000 
-1.049016 0.000000 
-1.048016 0.000000 
-1.047016 0.000000 
-1.046016 0.000000 
-1.045016 0.000000 
-1.044016 0.000000 
-1.043016 0.000000 
-1.042016 0.000000 
-1.041016 0.000000 
-1.040016 0.000000 
-1.039016 0.000000 
-1.038016 0.000000 
-1.037016 0.000000 
-1.036016 0.000000 
-1.035016 0.000000 
-1.034016 0.000000 
-1.033016 0.000000 
-1.032016 0.000000 
-1.031016 0.000000 
-1.030016 0.000000 
-1.029016 0.000000 
-1.028016 0.000000 
-1.027016 0.000000 
-1.026016 0.000000 
-1.025016 0.000000 
-1.024016 0.000000 
-1.023016 0.000000 
-1.022016 0.000000 
-1.021016 0.000000 
-1.020016 0.000000 
-1.019016 0.000000 
-1.018016 0.000000 
-1.017016 0.000000 
-1.016016 0.000000 
-1.015016 0.000000 
-1.014016 0.000000 
-1.013016 0.000000 
-1.012016 0.000000 
-1.011016 0.000000 
-1.010016 0.000000 
-1.009016 0.000000 
-1.008016 0.000000 
-1.007016 0.000000 
-1.006016 0.000000 
-1.005016 0.000000 
-1.004016 0.000000 
-1.003016 0.000000 
-1.002016 0.000000 
-1.001016 0.000000 
-1.000016 0.000000 
-0.999016 0.000000 
-0.998016 0.000000 
-0.997016 0.000000 
-0.996016 0.000000 
-0.995016 0.000000 
-0.994016 0.000000 
-0.993016 0.000000 
-0.992016 0.000000 
-0.991016 0.000000 
-0.990016 0.000000 
-0.989016 0.000000 
-0.988016 0.000000 
-0.987016 0.000000 
-0.986016 0.000000 
-0.985016 0.000000 
-0.984016 0.000000 
-0.983016 0.000000 
-0.982016 0.000000 
-0.981016 0.000000 
-0.980016 0.000000 
-0.979016 0.000000 
-0.978016 0.000000 
-0.977016 0.000000 
-0.976016 0.000000 
-0.975016 0.000000 
-0.974016 0.000000 
-0.973016 0.000000 
-0.972016 0.000000 
-0.971016 0.000000 
-0.970016 0.000000 
-0.969016 0.000000 
-0.968016 0.000000 
-0.967016 0.000000 
-0.966016 0.000000 
-0.965016 0.000000 
-0.964016 0.000000 
-0.963016 0.000000 
-0.962016 0.000000 
-0.961016 0.000000 
-0.960016 0.000000 
-0.959016 0.000000 
-0.958016 0.000000 
-0.957016 0.000000 
-0.956016 0.000000 
-0.955016 0.000000 
-0.954016 0.000000 
-0.953016 0.000000 
-0.952016 0.000000 
-0.951016 0.000000 
-0.950016 0.000000 
-0.949016 0.000000 
-0.948016 0.000000 
-0.947016 0.000000 
-0.946016 0.000000 
-0.945016 0.000000 
-0.944016 0.000000 
-0.943016 0.000000 
-0.942016 0.000000 
-0.941016 0.000000 
-0.940016 0.000000 
-0.939016 0.000000 
-0.938016 0.000000 
-0.937016 0.000000 
-0.936016 0.000000 
-0.935016 0.000000 
-0.934016 0.000000 
-0.933016 0.000000 
-0.932016 0.000000 
-0.931016 0.000000 
-0.930016 0.000000 
-0.929016 0.000000 
-0.928016 0.000000 
-0.927016 0.000000 
-0.926016 0.000000 
-0.925016 0.000000 
-0.924016 0.000000 
-0.923016 0.000000 
-0.922016 0.000000 
-0.921016 0.000000 
-0.920016 0.000000 
-0.919016 0.000000 
-0.918016 0.000000 
-0.917016 0.000000 
-0.916016 0.000000 
-0.915016 0.000000 
-0.914016 0.000000 
-0.913016 0.000000 
-0.912016 0.000000 
-0.911016 0.000000 
-0.910016 0.000000 
-0.909016 0.000000 
-0.908016 0.000000 
-0.907016 0.000000 
-0.906016 0.000000 
-0.905016 0.000000 
-0.904016 0.000000 
-0.903016 0.000000 
-0.902016 0.000000 
-0.901016 0.000000 
-0.900016 0.000000 
-0.899016 0.000000 
-0.898016 0.000000 
-0.897016 0.000000 
-0.896016 0.000000 
-0.895016 0.000000 
-0.894016 0.000000 
-0.893016 0.000000 
-0.892016 0.000000 
-0.891016 0.000000 
-0.890016 0.000000 
-0.889016 0.000000 
-0.888016 0.000000 
-0.887016 0.000000 
-0.886016 0.000000 
-0.885016 0.000000 
-0.884016 0.000000 
-0.883016 0.000000 
-0.882016 0.000000 
-0.881016 0.000000 
-0.880016 0.000000 
-0.879016 0.000000 
-0.878016 0.000000 
-0.877016 0.000000 
-0.876016 0.000000 
-0.875016 0.000000 
-0.874016 0.000000 
-0.873016 0.000000 
-0.872016 0.000000 
-0.871016 0.000000 
-0.870016 0.000000 
-0.869016 0.000000 
-0.868016 0.000000 
-0.867016 0.000000 
-0.866016 0.000000 
-0.865016 0.000000 
-0.864016 0.000000 
-0.863016 0.000000 
-0.862016 0.000000 
-0.861016 0.000000 
-0.860016 0.000000 
-0.859016 0.000000 
-0.858016 0.000000 
-0.857016 0.000000 
-0.856016 0.000000 
-0.855016 0.000000 
-0.854016 0.000000 
-0.853016 0.000000 
-0.852016 0.000000 
-0.851016 0.000000 
-0.850016 0.000000 
-0.849016 0.000000 
-0.848016 0.000000 
-0.847016 0.000000 
-0.846016 0.000000 
-0.845016 0.000000 
-0.844016 0.000000 
-0.843016 0.000000 
-0.842016 0.000000 
-0.841016 0.000000 
-0.840016 0.000000 
-0.839016 0.000000 
-0.838016 0.000000 
-0.837016 0.000000 
-0.836016 0.000000 
-0.835016 0.000000 
-0.834016 0.000000 
-0.833016 0.000000 
-0.832016 0.000000 
-0.831016 0.000000 
-0.830016 0.000000 
-0.829016 0.000000 
-0.828016 0.000000 
-0.827016 0.000000 
-0.826016 0.000000 
-0.825016 0.000000 
-0.824016 0.000000 
-0.823016 0.000000 
-0.822016 0.000000 
-0.821016 0.000000 
-0.820016 0.000000 
-0.819016 0.000000 
-0.818016 0.000000 
-0.817016 0.000000 
-0.816016 0.000000 
-0.815016 0.000000 
-0.814016 0.000000 
-0.813016 0.000000 
-0.812016 0.000000 
-0.811016 0.000000 
-0.810016 0.000000 
-0.809016 0.000000 
-0.808016 0.000000 
-0.807016 0.000000 
-0.806016 0.000000 
-0.805016 0.000000 
-0.804016 0.000000 
-0.803016 0.000000 
-0.802016 0.000000 
-0.801016 0.000000 
-0.800016 0.000000 
-0.799016 0.000000 
-0.798016 0.000000 
-0.797016 0.000000 
-0.796016 0.000000 
-0.795016 0.000000 
-0.794016 0.000000 
-0.793016 0.000000 
-0.792016 0.000000 
-0.791016 0.000000 
-0.790016 0.000000 
-0.789016 0.000000 
-0.788016 0.000000 
-0.787016 0.000000 
-0.786016 0.000000 
-0.785016 0.000000 
-0.784016 0.000000 
-0.783016 0.000000 
-0.782016 0.000000 
-0.781016 0.000000 
-0.780016 0.000000 
-0.779016 0.000000 
-0.778016 0.000000 
-0.777016 0.000000 
-0.776016 0.000000 
-0.775016 0.000000 
-0.774016 0.000000 
-0.773016 0.000000 
-0.772016 0.000000 
-0.771016 0.000000 
-0.770016 0.000000 
-0.769016 0.000000 
-0.768016 0.000000 
-0.767016 0.000000 
-0.766016 0.000000 
-0.765016 0.000000 
-0.764016 0.000000 
-0.763016 0.000000 
-0.762016 0.000000 
-0.761016 0.000000 
-0.760016 0.000000 
-0.759016 0.000000 
-0.758016 0.000000 
-0.757016 0.000000 
-0.756016 0.000000 
-0.755016 0.000000 
-0.754016 0.000000 
-0.753016 0.000000 
-0.752016 0.000000 
-0.751016 0.000000 
-0.750016 0.000000 
-0.749016 0.000000 
-0.748016 0.000000 
-0.747016 0.000000 
-0.746016 0.000000 
-0.745016 0.000000 
-0.744016 0.000000 
-0.743016 0.000000 
-0.742016 0.000000 
-0.741016 0.000000 
-0.740016 0.000000 
-0.739016 0.000000 
-0.738016 0.000000 
-0.737016 0.000000 
-0.736016 0.000000 
-0.735016 0.000000 
-0.734016 0.000000 
-0.733016 0.000000 
-0.732016 0.000000 
-0.731016 0.000000 
-0.730016 0.000000 
-0.729016 0.000000 
-0.728016 0.000000 
-0.727016 0.000000 
-0.726016 0.000000 
-0.725016 0.000000 
-0.724016 0.000000 
-0.723016 0.000000 
-0.722016 0.000000 
-0.721016 0.000000 
-0.720016 0.000000 
-0.719016 0.000000 
-0.718016 0.000000 
-0.717016 0.000000 
-0.716016 0.000000 
-0.715016 0.000000 
-0.714016 0.000000 
-0.713016 0.000000 
-0.712016 0.000000 
-0.711016 0.000000 
-0.710016 0.000000 
-0.709016 0.000000 
-0.708016 0.000000 
-0.707016 0.000000 
-0.706016 0.000000 
-0.705016 0.000000 
-0.704016 0.000000 
-0.703016 0.000000 
-0.702016 0.000000 
-0.701016 0.000000 
-0.700016 0.000000 
-0.699016 0.000000 
-0.698016 0.000000 
-0.697016 0.000000 
-0.696016 0.000000 
-0.695016 0.000000 
-0.694016 0.000000 
-0.693016 0.000000 
-0.692016 0.000000 
-0.691016 0.000000 
-0.690016 0.000000 
-0.689016 0.000000 
-0.688016 0.000000 
-0.687016 0.000000 
-0.686016 0.000000 
-0.685016 0.000000 
-0.684016 0.000000 
-0.683016 0.000000 
-0.682016 0.000000 
-0.681016 0.000000 
-0.680016 0.000000 
-0.679016 0.000000 
-0.678016 0.000000 
-0.677016 0.000000 
-0.676016 0.000000 
-0.675016 0.000000 
-0.674016 0.000000 
-0.673016 0.000000 
-0.672016 0.000000 
-0.671016 0.000000 
-0.670016 0.000000 
-0.669016 0.000000 
-0.668016 0.000000 
-0.667016 0.000000 
-0.666016 0.000000 
-0.665016 0.000000 
-0.664016 0.000000 
-0.663016 0.000000 
-0.662016 0.000000 
-0.661016 0.000000 
-0.660016 0.000000 
-0.659016 0.000000 
-0.658016 0.000000 
-0.657016 0.000000 
-0.656016 0.000000 
-0.655016 0.000000 
-0.654016 0.000000 
-0.653016 0.000000 
-0.652016 0.000000 
-0.651016 0.000000 
-0.650016 0.000000 
-0.649016 0.000000 
-0.648016 0.000000 
-0.647016 0.000000 
-0.646016 0.000000 
-0.645016 0.000000 
-0.644016 0.000000 
-0.643016 0.000000 
-0.642016 0.000000 
-0.641016 0.000000 
-0.640016 0.000000 
-0.639016 0.000000 
-0.638016 0.000000 
-0.637016 0.000000 
-0.636016 0.000000 
-0.635016 0.000000 
-0.634016 0.000000 
-0.633016 0.000000 
-0.632016 0.000000 
-0.631016 0.000000 
-0.630016 0.000000 
-0.629016 0.000000 
-0.628016 0.000000 
-0.627016 0.000000 
-0.626016 0.000000 
-0.625016 0.000000 
-0.624016 0.000000 
-0.623016 0.000000 
-0.622016 0.000000 
-0.621016 0.000000 
-0.620016 0.000000 
-0.619016 0.000000 
-0.618016 0.000000 
-0.617016 0.000000 
-0.616016 0.000000 
-0.615016 0.000000 
-0.614016 0.000000 
-0.613016 0.000000 
-0.612016 0.000000 
-0.611016 0.000000 
-0.610016 0.000000 
-0.609016 0.000000 
-0.608016 0.000000 
-0.607016 0.000000 
-0.606016 0.000000 
-0.605016 0.000000 
-0.604016 0.000000 
-0.603016 0.000000 
-0.602016 0.000000 
-0.601016 0.000000 
-0.600016 0.000000 
-0.599016 0.000000 
-0.598016 0.000000 
-0.597016 0.000000 
-0.596016 0.000000 
-0.595016 0.000000 
-0.594016 0.000000 
-0.593016 0.000000 
-0.592016 0.000000 
-0.591016 0.000000 
-0.590016 0.000000 
-0.589016 0.000000 
-0.588016 0.000000 
-0.587016 0.000000 
-0.586016 0.000000 
-0.585016 0.000000 
-0.584016 0.000000 
-0.583016 0.000000 
-0.582016 0.000000 
-0.581016 0.000000 
-0.580016 0.000000 
-0.579016 0.000000 
-0.578016 0.000000 
-0.577016 0.000000 
-0.576016 0.000000 
-0.575016 0.000000 
-0.574016 0.000000 
-0.573016 0.000000 
-0.572016 0.000000 
-0.571016 0.000000 
-0.570016 0.000000 
-0.569016 0.000000 
-0.568016 0.000000 
-0.567016 0.000000 
-0.566016 0.000000 
-0.565016 0.000000 
-0.564016 0.000000 
-0.563016 0.000000 
-0.562016 0.000000 
-0.561016 0.000000 
-0.560016 0.000000 
-0.559016 0.000000 
-0.558016 0.000000 
-0.557016 0.000000 
-0.556016 0.000000 
-0.555016 0.000000 
-0.554016 0.000000 
-0.553016 0.000000 
-0.552016 0.000000 
-0.551016 0.000000 
-0.550016 0.000000 
-0.549016 0.000000 
-0.548016 0.000000 
-0.547016 0.000000 
-0.546016 0.000000 
-0.545016 0.000000 
-0.544016 0.000000 
-0.543016 0.000000 
-0.542016 0.000000 
-0.541016 0.000000 
-0.540016 0.000000 
-0.539016 0.000000 
-0.538016 0.000000 
-0.537016 0.000000 
-0.536016 0.000000 
-0.535016 0.000000 
-0.534016 0.000000 
-0.533016 0.000000 
-0.532016 0.000000 
-0.531016 0.000000 
-0.530016 0.000000 
-0.529016 0.000000 
-0.528016 0.000000 
-0.527016 0.000000 
-0.526016 0.000000 
-0.525016 0.000000 
-0.524016 0.000000 
-0.523016 0.000000 
-0.522016 0.000000 
-0.521016 0.000000 
-0.520016 0.000000 
-0.519016 0.000000 
-0.518016 0.000000 
-0.517016 0.000000 
-0.516016 0.000000 
-0.515016 0.000000 
-0.514016 0.000000 
-0.513016 0.000000 
-0.512016 0.000000 
-0.511016 0.000000 
-0.510016 0.000000 
-0.509016 0.000000 
-0.508016 0.000000 
-0.507016 0.000000 
-0.506016 0.000000 
-0.505016 0.000000 
-0.504016 0.000000 
-0.503016 0.000000 
-0.502016 0.000000 
-0.501016 0.000000 
-0.500016 0.000000 
-0.499016 0.000000 
-0.498016 0.000000 
-0.497016 0.000000 
-0.496016 0.000000 
-0.495016 0.000000 
-0.494016 0.000000 
-0.493016 0.000000 
-0.492016 0.000000 
-0.491016 0.000000 
-0.490016 0.000000 
-0.489016 0.000000 
-0.488016 0.000000 
-0.487016 0.000000 
-0.486016 0.000000 
-0.485016 0.000000 
-0.484016 0.000000 
-0.483016 0.000000 
-0.482016 0.000000 
-0.481016 0.000000 
-0.480016 0.000000 
-0.479016 0.000000 
-0.478016 0.000000 
-0.477016 0.000000 
-0.476016 0.000000 
-0.475016 0.000000 
-0.474016 0.000000 
-0.473016 0.000000 
-0.472016 0.000000 
-0.471016 0.000000 
-0.470016 0.000000 
-0.469016 0.000000 
-0.468016 0.000000 
-0.467016 0.000000 
-0.466016 0.000000 
-0.465016 0.000000 
-0.464016 0.000000 
-0.463016 0.000000 
-0.462016 0.000000 
-0.461016 0.000000 
-0.460016 0.000000 
-0.459016 0.000000 
-0.458016 0.000000 
-0.457016 0.000000 
-0.456016 0.000000 
-0.455016 0.000000 
-0.454016 0.000000 
-0.453016 0.000000 
-0.452016 0.000000 
-0.451016 0.000000 
-0.450016 0.000000 
-0.449016 0.000000 
-0.448016 0.000000 
-0.447016 0.000000 
-0.446016 0.000000 
-0.445016 0.000000 
-0.444016 0.000000 
-0.443016 0.000000 
-0.442016 0.000000 
-0.441016 0.000000 
-0.440016 0.000000 
-0.439016 0.000000 
-0.438016 0.000000 
-0.437016 0.000000 
-0.436016 0.000000 
-0.435016 0.000000 
-0.434016 0.000000 
-0.433016 0.000000 
-0.432016 0.000000 
-0.431016 0.000000 
-0.430016 0.000000 
-0.429016 0.000000 
-0.428016 0.000000 
-0.427016 0.000000 
-0.426016 0.000000 
-0.425016 0.000000 
-0.424016 0.000000 
-0.423016 0.000000 
-0.422016 0.000000 
-0.421016 0.000000 
-0.420016 0.000000 
-0.419016 0.000000 
-0.418016 0.000000 
-0.417016 0.000000 
-0.416016 0.000000 
-0.415016 0.000000 
-0.414016 0.000000 
-0.413016 0.000000 
-0.412016 0.000000 
-0.411016 0.000000 
-0.410016 0.000000 
-0.409016 0.000000 
-0.408016 0.000000 
-0.407016 0.000000 
-0.406016 0.000000 
-0.405016 0.000000 
-0.404016 0.000000 
-0.403016 0.000000 
-0.402016 0.000000 
-0.401016 0.000000 
-0.400016 0.000000 
-0.399016 0.000000 
-0.398016 0.000000 
-0.397016 0.000000 
-0.396016 0.000000 
-0.395016 0.000000 
-0.394016 0.000000 
-0.393016 0.000000 
-0.392016 0.000000 
-0.391016 0.000000 
-0.390016 0.000000 
-0.389016 0.000000 
-0.388016 0.000000 
-0.387016 0.000000 
-0.386016 0.000000 
-0.385016 0.000000 
-0.384016 0.000000 
-0.383016 0.000000 
-0.382016 0.000000 
-0.381016 0.000000 
-0.380016 0.000000 
-0.379016 0.000000 
-0.378016 0.000000 
-0.377016 0.000000 
-0.376016 0.000000 
-0.375016 0.000000 
-0.374016 0.000000 
-0.373016 0.000000 
-0.372016 0.000000 
-0.371016 0.000000 
-0.370016 0.000000 
-0.369016 0.000000 
-0.368016 0.000000 
-0.367016 0.000000 
-0.366016 0.000000 
-0.365016 0.000000 
-0.364016 0.000000 
-0.363016 0.000000 
-0.362016 0.000000 
-0.361016 0.000000 
-0.360016 0.000000 
-0.359016 0.000000 
-0.358016 0.000000 
-0.357016 0.000000 
-0.356016 0.000000 
-0.355016 0.000000 
-0.354016 0.000000 
-0.353016 0.000000 
-0.352016 0.000000 
-0.351016 0.000000 
-0.350016 0.000000 
-0.349016 0.000000 
-0.348016 0.000000 
-0.347016 0.000000 
-0.346016 0.000000 
-0.345016 0.000000 
-0.344016 0.000000 
-0.343016 0.000000 
-0.342016 0.000000 
-0.341016 0.000000 
-0.340016 0.000000 
-0.339016 0.000000 
-0.338016 0.000000 
-0.337016 0.000000 
-0.336016 0.000000 
-0.335016 0.000000 
-0.334016 0.000000 
-0.333016 0.000000 
-0.332016 0.000000 
-0.331016 0.000000 
-0.330016 0.000000 
-0.329016 0.000000 
-0.328016 0.000000 
-0.327016 0.000000 
-0.326016 0.000000 
-0.325016 0.000000 
-0.324016 0.000000 
-0.323016 0.000000 
-0.322016 0.000000 
-0.321016 0.000000 
-0.320016 0.000000 
-0.319016 0.000000 
-0.318016 0.000000 
-0.317016 0.000000 
-0.316016 0.000000 
-0.315016 0.000000 
-0.314016 0.000000 
-0.313016 0.000000 
-0.312016 0.000000 
-0.311016 0.000000 
-0.310016 0.000000 
-0.309016 0.000000 
-0.308016 0.000000 
-0.307016 0.000000 
-0.306016 0.000000 
-0.305016 0.000000 
-0.304016 0.000000 
-0.303016 0.000000 
-0.302016 0.000000 
-0.301016 0.000000 
-0.300016 0.000000 
-0.299016 0.000000 
-0.298016 0.000000 
-0.297016 0.000000 
-0.296016 0.000000 
-0.295016 0.000000 
-0.294016 0.000000 
-0.293016 0.000000 
-0.292016 0.000000 
-0.291016 0.000000 
-0.290016 0.000000 
-0.289016 0.000000 
-0.288016 0.000000 
-0.287016 0.000000 
-0.286016 0.000000 
-0.285016 0.000000 
-0.284016 0.000000 
-0.283016 0.000000 
-0.282016 0.000000 
-0.281016 0.000000 
-0.280016 0.000000 
-0.279016 0.000000 
-0.278016 0.000000 
-0.277016 0.000000 
-0.276016 0.000000 
-0.275016 0.000000 
-0.274016 0.000000 
-0.273016 0.000000 
-0.272016 0.000000 
-0.271016 0.000000 
-0.270016 0.000000 
-0.269016 0.000000 
-0.268016 0.000000 
-0.267016 0.000000 
-0.266016 0.000000 
-0.265016 0.000000 
-0.264016 0.000000 
-0.263016 0.000000 
-0.262016 0.000000 
-0.261016 0.000000 
-0.260016 0.000000 
-0.259016 0.000000 
-0.258016 0.000000 
-0.257016 0.000000 
-0.256016 0.000000 
-0.255016 0.000000 
-0.254016 0.000000 
-0.253016 0.000000 
-0.252016 0.000000 
-0.251016 0.000000 
-0.250016 0.000000 
-0.249016 0.000000 
-0.248016 0.000000 
-0.247016 0.000000 
-0.246016 0.000000 
-0.245016 0.000000 
-0.244016 0.000000 
-0.243016 0.000000 
-0.242016 0.000000 
-0.241016 0.000000 
-0.240016 0.000000 
-0.239016 0.000000 
-0.238016 0.000000 
-0.237016 0.000000 
-0.236016 0.000000 
-0.235016 0.000000 
-0.234016 0.000000 
-0.233016 0.000000 
-0.232016 0.000000 
-0.231016 0.000000 
-0.230016 0.000000 
-0.229016 0.000000 
-0.228016 0.000000 
-0.227016 0.000000 
-0.226016 0.000000 
-0.225016 0.000000 
-0.224016 0.000000 
-0.223016 0.000000 
-0.222016 0.000000 
-0.221016 0.000000 
-0.220016 0.000000 
-0.219016 0.000000 
-0.218016 0.000000 
-0.217016 0.000000 
-0.216016 0.000000 
-0.215016 0.000000 
-0.214016 0.000000 
-0.213016 0.000000 
-0.212016 0.000000 
-0.211016 0.000000 
-0.210016 0.000000 
-0.209016 0.000000 
-0.208016 0.000000 
-0.207016 0.000000 
-0.206016 0.000000 
-0.205016 0.000000 
-0.204016 0.000000 
-0.203016 0.000000 
-0.202016 0.000000 
-0.201016 0.000000 
-0.200016 0.000000 
-0.199016 0.000000 
-0.198016 0.000000 
-0.197016 0.000000 
-0.196016 0.000000 
-0.195016 0.000000 
-0.194016 0.000000 
-0.193016 0.000000 
-0.192016 0.000000 
-0.191016 0.000000 
-0.190016 0.000000 
-0.189016 0.000000 
-0.188016 0.000000 
-0.187016 0.000000 
-0.186016 0.000000 
-0.185016 0.000000 
-0.184016 0.000000 
-0.183016 0.000000 
-0.182016 0.000000 
-0.181016 0.000000 
-0.180016 0.000000 
-0.179016 0.000000 
-0.178016 0.000000 
-0.177016 0.000000 
-0.176016 0.000000 
-0.175016 0.000000 
-0.174016 0.000000 
-0.173016 0.000000 
-0.172016 0.000000 
-0.171016 0.000000 
-0.170016 0.000000 
-0.169016 0.000000 
-0.168016 0.000000 
-0.167016 0.000000 
-0.166016 0.000000 
-0.165016 0.000000 
-0.164016 0.000000 
-0.163016 0.000000 
-0.162016 0.000000 
-0.161016 0.000000 
-0.160016 0.000000 
-0.159016 0.000000 
-0.158016 0.000000 
-0.157016 0.000000 
-0.156016 0.000000 
-0.155016 0.000000 
-0.154016 0.000000 
-0.153016 0.000000 
-0.152016 0.000000 
-0.151016 0.000000 
-0.150016 0.000000 
-0.149016 0.000000 
-0.148016 0.000000 
-0.147016 0.000000 
-0.146016 0.000000 
-0.145016 0.000000 
-0.144016 0.000000 
-0.143016 0.000000 
-0.142016 0.000000 
-0.141016 0.000000 
-0.140016 0.000000 
-0.139016 0.000000 
-0.138016 0.000000 
-0.137016 0.000000 
-0.136016 0.000000 
-0.135016 0.000000 
-0.134016 0.000000 
-0.133016 0.000000 
-0.132016 0.000000 
-0.131016 0.000000 
-0.130016 0.000000 
-0.129016 0.000000 
-0.128016 0.000000 
-0.127016 0.000000 
-0.126016 0.000000 
-0.125016 0.000000 
-0.124016 0.000000 
-0.123016 0.000000 
-0.122016 0.000000 
-0.121016 0.000000 
-0.120016 0.000000 
-0.119016 0.000000 
-0.118016 0.000000 
-0.117016 0.000000 
-0.116016 0.000000 
-0.115016 0.000000 
-0.114016 0.000000 
-0.113016 0.000000 
-0.112016 0.000000 
-0.111016 0.000000 
-0.110016 0.000000 
-0.109016 0.000000 
-0.108016 0.000000 
-0.107016 -0.000000 
-0.106016 -0.000012 
-0.105016 -0.000031 
-0.104016 -0.000063 
-0.103016 -0.000109 
-0.102016 -0.000168 
-0.101016 -0.000246 
-0.100016 -0.000338 
-0.099016 -0.000451 
-0.098016 -0.000579 
-0.097016 -0.000726 
-0.096016 -0.000892 
-0.095016 -0.001074 
-0.094016 -0.001277 
-0.093016 -0.001492 
-0.092016 -0.001727 
-0.091016 -0.001973 
-0.090016 -0.002232 
-0.089016 -0.002497 
-0.088016 -0.002762 
-0.087016 -0.003036 
-0.086016 -0.003307 
-0.085016 -0.003587 
-0.084016 -0.003865 
-0.083016 -0.004140 
-0.082016 -0.004409 
-0.081016 -0.004665 
-0.080016 -0.004914 
-0.079016 -0.005147 
-0.078016 -0.005369 
-0.077016 -0.005574 
-0.076016 -0.005765 
-0.075016 -0.005940 
-0.074016 -0.006097 
-0.073016 -0.006241 
-0.072016 -0.006364 
-0.071016 -0.006475 
-0.070016 -0.006568 
-0.069016 -0.006648 
-0.068016 -0.006716 
-0.067016 -0.006772 
-0.066016 -0.006824 
-0.065016 -0.006873 
-0.064016 -0.006920 
-0.063016 -0.006965 
-0.062016 -0.007008 
-0.061016 -0.007049 
-0.060016 -0.007088 
-0.059016 -0.007126 
-0.058016 -0.007162 
-0.057016 -0.007197 
-0.056016 -0.007231 
-0.055016 -0.007263 
-0.054016 -0.007295 
-0.053016 -0.007325 
-0.052016 -0.007354 
-0.051016 -0.007382 
-0.050016 -0.007409 
-0.049016 -0.007435 
-0.048016 -0.007461 
-0.047016 -0.007485 
-0.046016 -0.007509 
-0.045016 -0.007532 
-0.044016 -0.007554 
-0.043016 -0.007575 
-0.042016 -0.007596 
-0.041016 -0.007615 
-0.040016 -0.007635 
-0.039016 -0.007653 
-0.038016 -0.007671 
-0.037016 -0.007688 
-0.036016 -0.007705 
-0.035016 -0.007721 
-0.034016 -0.007737 
-0.033016 -0.007752 
-0.032016 -0.007766 
-0.031016 -0.007780 
-0.030016 -0.007793 
-0.029016 -0.007806 
-0.028016 -0.007818 
-0.027016 -0.007830 
-0.026016 -0.007841 
-0.025016 -0.007852 
-0.024016 -0.007862 
-0.023016 -0.007872 
-0.022016 -0.007881 
-0.021016 -0.007890 
-0.020016 -0.007899 
-0.019016 -0.007907 
-0.018016 -0.007914 
-0.017016 -0.007921 
-0.016016 -0.007928 
-0.015016 -0.007934 
-0.014016 -0.007940 
-0.013016 -0.007946 
-0.012016 -0.007951 
-0.011016 -0.007955 
-0.010016 -0.007960 
-0.009016 -0.007963 
-0.008016 -0.007967 
-0.007016 -0.007970 
-0.006016 -0.007972 
-0.005016 -0.007974 
-0.004016 -0.007976 
-0.003016 -0.007978 
-0.002016 -0.007979 
-0.001016 -0.007979 
-0.000016 -0.007979 
0.000984 -0.007979 
0.001984 -0.007979 
0.002984 -0.007978 
0.003984 -0.007976 
0.004984 -0.007974 
0.005984 -0.007972 
0.006984 -0.007970 
0.007984 -0.007967 
0.008984 -0.007963 
0.009984 -0.007960 
0.010984 -0.007955 
0.011984 -0.007951 
0.012984 -0.007946 
0.013984 -0.007940 
0.014984 -0.007934 
0.015984 -0.007928 
0.016984 -0.007922 
0.017984 -0.007914 
0.018984 -0.007907 
0.019984 -0.007899 
0.020984 -0.007890 
0.021984 -0.007881 
0.022984 -0.007872 
0.023984 -0.007862 
0.024984 -0.007852 
0.025984 -0.007841 
0.026984 -0.007830 
0.027984 -0.007818 
0.028984 -0.007806 
0.029984 -0.007793 
0.030984 -0.007780 
0.031984 -0.007766 
0.032984 -0.007752 
0.033984 -0.007737 
0.034984 -0.007721 
0.035984 -0.007705 
0.036984 -0.007688 
0.037984 -0.007671 
0.038984 -0.007653 
0.039984 -0.007635 
0.040984 -0.007615 
0.041984 -0.007596 
0.042984 -0.007575 
0.043984 -0.007554 
0.044984 -0.007532 
0.045984 -0.007509 
0.046984 -0.007485 
0.047984 -0.007461 
0.048984 -0.007435 
0.049984 -0.007409 
0.050984 -0.007382 
0.051984 -0.007354 
0.052984 -0.007325 
0.053984 -0.007295 
0.054984 -0.007263 
0.055984 -0.007231 
0.056984 -0.007197 
0.057984 -0.007162 
0.058984 -0.007126 
0.059984 -0.007088 
0.060984 -0.007049 
0.061984 -0.007008 
0.062984 -0.006965 
0.063984 -0.006920 
0.064984 -0.006873 
0.065984 -0.006824 
0.066984 -0.006772 
0.067984 -0.006716 
0.068984 -0.006648 
0.069984 -0.006568 
0.070984 -0.006475 
0.071984 -0.006364 
0.072984 -0.006241 
0.073984 -0.006097 
0.074984 -0.005941 
0.075984 -0.005765 
0.076984 -0.005575 
0.077984 -0.005369 
0.078984 -0.005147 
0.079984 -0.004915 
0.080984 -0.004666 
0.081984 -0.004409 
0.082984 -0.004140 
0.083984 -0.003866 
0.084984 -0.003587 
0.085984 -0.003307 
0.086984 -0.003036 
0.087984 -0.002762 
0.088984 -0.002498 
0.089984 -0.002232 
0.090984 -0.001973 
0.091984 -0.001727 
0.092984 -0.001493 
0.093984 -0.001277 
0.094984 -0.001075 
0.095984 -0.000893 
0.096984 -0.000727 
0.097984 -0.000579 
0.098984 -0.000451 
0.099984 -0.000338 
0.100984 -0.000247 
0.101984 -0.000168 
0.102984 -0.000109 
0.103984 -0.000063 
0.104984 -0.000031 
0.105984 -0.000012 
0.106984 -0.000000 
0.107984 0.000000 
0.108984 0.000000 
0.109984 0.000000 
0.110984 0.000000 
0.111984 0.000000 
0.112984 0.000000 
0.113984 0.000000 
0.114984 0.000000 
0.115984 0.000000 
0.116984 0.000000 
0.117984 0.000000 
0.118984 0.000000 
0.119984 0.000000 
0.120984 0.000000 
0.121984 0.000000 
0.122984 0.000000 
0.123984 0.000000 
0.124984 0.000000 
0.125984 0.000000 
0.126984 0.000000 
0.127984 0.000000 
0.128984 0.000000 
0.129984 0.000000 
0.130984 0.000000 
0.131984 0.000000 
0.132984 0.000000 
0.133984 0.000000 
0.134984 0.000000 
0.135984 0.000000 
0.136984 0.000000 
0.137984 0.000000 
0.138984 0.000000 
0.139984 0.000000 
0.140984 0.000000 
0.141984 0.000000 
0.142984 0.000000 
0.143984 0.000000 
0.144984 0.000000 
0.145984 0.000000 
0.146984 0.000000 
0.147984 0.000000 
0.148984 0.000000 
0.149984 0.000000 
0.150984 0.000000 
0.151984 0.000000 
0.152984 0.000000 
0.153984 0.000000 
0.154984 0.000000 
0.155984 0.000000 
0.156984 0.000000 
0.157984 0.000000 
0.158984 0.000000 
0.159984 0.000000 
0.160984 0.000000 
0.161984 0.000000 
0.162984 0.000000 
0.163984 0.000000 
0.164984 0.000000 
0.165984 0.000000 
0.166984 0.000000 
0.167984 0.000000 
0.168984 0.000000 
0.169984 0.000000 
0.170984 0.000000 
0.171984 0.000000 
0.172984 0.000000 
0.173984 0.000000 
0.174984 0.000000 
0.175984 0.000000 
0.176984 0.000000 
0.177984 0.000000 
0.178984 0.000000 
0.179984 0.000000 
0.180984 0.000000 
0.181984 0.000000 
0.182984 0.000000 
0.183984 0.000000 
0.184984 0.000000 
0.185984 0.000000 
0.186984 0.000000 
0.187984 0.000000 
0.188984 0.000000 
0.189984 0.000000 
0.190984 0.000000 
0.191984 0.000000 
0.192984 0.000000 
0.193984 0.000000 
0.194984 0.000000 
0.195984 0.000000 
0.196984 0.000000 
0.197984 0.000000 
0.198984 0.000000 
0.199984 0.000000 
0.200984 0.000000 
0.201984 0.000000 
0.202984 0.000000 
0.203984 0.000000 
0.204984 0.000000 
0.205984 0.000000 
0.206984 0.000000 
0.207984 0.000000 
0.208984 0.000000 
0.209984 0.000000 
0.210984 0.000000 
0.211984 0.000000 
0.212984 0.000000 
0.213984 0.000000 
0.214984 0.000000 
0.215984 0.000000 
0.216984 0.000000 
0.217984 0.000000 
0.218984 0.000000 
0.219984 0.000000 
0.220984 0.000000 
0.221984 0.000000 
0.222984 0.000000 
0.223984 0.000000 
0.224984 0.000000 
0.225984 0.000000 
0.226984 0.000000 
0.227984 0.000000 
0.228984 0.000000 
0.229984 0.000000 
0.230984 0.000000 
0.231984 0.000000 
0.232984 0.000000 
0.233984 0.000000 
0.234984 0.000000 
0.235984 0.000000 
0.236984 0.000000 
0.237984 0.000000 
0.238984 0.000000 
0.239984 0.000000 
0.240984 0.000000 
0.241984 0.000000 
0.242984 0.000000 
0.243984 0.000000 
0.244984 0.000000 
0.245984 0.000000 
0.246984 0.000000 
0.247984 0.000000 
0.248984 0.000000 
0.249984 0.000000 
0.250984 0.000000 
0.251984 0.000000 
0.252984 0.000000 
0.253984 0.000000 
0.254984 0.000000 
0.255984 0.000000 
0.256984 0.000000 
0.257984 0.000000 
0.258984 0.000000 
0.259984 0.000000 
0.260984 0.000000 
0.261984 0.000000 
0.262984 0.000000 
0.263984 0.000000 
0.264984 0.000000 
0.265984 0.000000 
0.266984 0.000000 
0.267984 0.000000 
0.268984 0.000000 
0.269984 0.000000 
0.270984 0.000000 
0.271984 0.000000 
0.272984 0.000000 
0.273984 0.000000 
0.274984 0.000000 
0.275984 0.000000 
0.276984 0.000000 
0.277984 0.000000 
0.278984 0.000000 
0.279984 0.000000 
0.280984 0.000000 
0.281984 0.000000 
0.282984 0.000000 
0.283984 0.000000 
0.284984 0.000000 
0.285984 0.000000 
0.286984 0.000000 
0.287984 0.000000 
0.288984 0.000000 
0.289984 0.000000 
0.290984 0.000000 
0.291984 0.000000 
0.292984 0.000000 
0.293984 0.000000 
0.294984 0.000000 
0.295984 0.000000 
0.296984 0.000000 
0.297984 0.000000 
0.298984 0.000000 
0.299984 0.000000 
0.300984 0.000000 
0.301984 0.000000 
0.302984 0.000000 
0.303984 0.000000 
0.304984 0.000000 
0.305984 0.000000 
0.306984 0.000000 
0.307984 0.000000 
0.308984 0.000000 
0.309984 0.000000 
0.310984 0.000000 
0.311984 0.000000 
0.312984 0.000000 
0.313984 0.000000 
0.314984 0.000000 
0.315984 0.000000 
0.316984 0.000000 
0.317984 0.000000 
0.318984 0.000000 
0.319984 0.000000 
0.320984 0.000000 
0.321984 0.000000 
0.322984 0.000000 
0.323984 0.000000 
0.324984 0.000000 
0.325984 0.000000 
0.326984 0.000000 
0.327984 0.000000 
0.328984 0.000000 
0.329984 0.000000 
0.330984 0.000000 
0.331984 0.000000 
0.332984 0.000000 
0.333984 0.000000 
0.334984 0.000000 
0.335984 0.000000 
0.336984 0.000000 
0.337984 0.000000 
0.338984 0.000000 
0.339984 0.000000 
0.340984 0.000000 
0.341984 0.000000 
0.342984 0.000000 
0.343984 0.000000 
0.344984 0.000000 
0.345984 0.000000 
0.346984 0.000000 
0.347984 0.000000 
0.348984 0.000000 
0.349984 0.000000 
0.350984 0.000000 
0.351984 0.000000 
0.352984 0.000000 
0.353984 0.000000 
0.354984 0.000000 
0.355984 0.000000 
0.356984 0.000000 
0.357984 0.000000 
0.358984 0.000000 
0.359984 0.000000 
0.360984 0.000000 
0.361984 0.000000 
0.362984 0.000000 
0.363984 0.000000 
0.364984 0.000000 
0.365984 0.000000 
0.366984 0.000000 
0.367984 0.000000 
0.368984 0.000000 
0.369984 0.000000 
0.370984 0.000000 
0.371984 0.000000 
0.372984 0.000000 
0.373984 0.000000 
0.374984 0.000000 
0.375984 0.000000 
0.376984 0.000000 
0.377984 0.000000 
0.378984 0.000000 
0.379984 0.000000 
0.380984 0.000000 
0.381984 0.000000 
0.382984 0.000000 
0.383984 0.000000 
0.384984 0.000000 
0.385984 0.000000 
0.386984 0.000000 
0.387984 0.000000 
0.388984 0.000000 
0.389984 0.000000 
0.390984 0.000000 
0.391984 0.000000 
0.392984 0.000000 
0.393984 0.000000 
0.394984 0.000000 
0.395984 0.000000 
0.396984 0.000000 
0.397984 0.000000 
0.398984 0.000000 
0.399984 0.000000 
0.400984 0.000000 
0.401984 0.000000 
0.402984 0.000000 
0.403984 0.000000 
0.404984 0.000000 
0.405984 0.000000 
0.406984 0.000000 
0.407984 0.000000 
0.408984 0.000000 
0.409984 0.000000 
0.410984 0.000000 
0.411984 0.000000 
0.412984 0.000000 
0.413984 0.000000 
0.414984 0.000000 
0.415984 0.000000 
0.416984 0.000000 
0.417984 0.000000 
0.418984 0.000000 
0.419984 0.000000 
0.420984 0.000000 
0.421984 0.000000 
0.422984 0.000000 
0.423984 0.000000 
0.424984 0.000000 
0.425984 0.000000 
0.426984 0.000000 
0.427984 0.000000 
0.428984 0.000000 
0.429984 0.000000 
0.430984 0.000000 
0.431984 0.000000 
0.432984 0.000000 
0.433984 0.000000 
0.434984 0.000000 
0.435984 0.000000 
0.436984 0.000000 
0.437984 0.000000 
0.438984 0.000000 
0.439984 0.000000 
0.440984 0.000000 
0.441984 0.000000 
0.442984 0.000000 
0.443984 0.000000 
0.444984 0.000000 
0.445984 0.000000 
0.446984 0.000000 
0.447984 0.000000 
0.448984 0.000000 
0.449984 0.000000 
0.450984 0.000000 
0.451984 0.000000 
0.452984 0.000000 
0.453984 0.000000 
0.454984 0.000000 
0.455984 0.000000 
0.456984 0.000000 
0.457984 0.000000 
0.458984 0.000000 
0.459984 0.000000 
0.460984 0.000000 
0.461984 0.000000 
0.462984 0.000000 
0.463984 0.000000 
0.464984 0.000000 
0.465984 0.000000 
0.466984 0.000000 
0.467984 0.000000 
0.468984 0.000000 
0.469984 0.000000 
0.470984 0.000000 
0.471984 0.000000 
0.472984 0.000000 
0.473984 0.000000 
0.474984 0.000000 
0.475984 0.000000 
0.476984 0.000000 
0.477984 0.000000 
0.478984 0.000000 
0.479984 0.000000 
0.480984 0.000000 
0.481984 0.000000 
0.482984 0.000000 
0.483984 0.000000 
0.484984 0.000000 
0.485984 0.000000 
0.486984 0.000000 
0.487984 0.000000 
0.488984 0.000000 
0.489984 0.000000 
0.490984 0.000000 
0.491984 0.000000 
0.492984 0.000000 
0.493984 0.000000 
0.494984 0.000000 
0.495984 0.000000 
0.496984 0.000000 
0.497984 0.000000 
0.498984 0.000000 
0.499984 0.000000 
0.500984 0.000000 
0.501984 0.000000 
0.502984 0.000000 
0.503984 0.000000 
0.504984 0.000000 
0.505984 0.000000 
0.506984 0.000000 
0.507984 0.000000 
0.508984 0.000000 
0.509984 0.000000 
0.510984 0.000000 
0.511984 0.000000 
0.512984 0.000000 
0.513984 0.000000 
0.514984 0.000000 
0.515984 0.000000 
0.516984 0.000000 
0.517984 0.000000 
0.518984 0.000000 
0.519984 0.000000 
0.520984 0.000000 
0.521984 0.000000 
0.522984 0.000000 
0.523984 0.000000 
0.524984 0.000000 
0.525984 0.000000 
0.526984 0.000000 
0.527984 0.000000 
0.528984 0.000000 
0.529984 0.000000 
0.530984 0.000000 
0.531984 0.000000 
0.532984 0.000000 
0.533984 0.000000 
0.534984 0.000000 
0.535984 0.000000 
0.536984 0.000000 
0.537984 0.000000 
0.538984 0.000000 
0.539984 0.000000 
0.540984 0.000000 
0.541984 0.000000 
0.542984 0.000000 
0.543984 0.000000 
0.544984 0.000000 
0.545984 0.000000 
0.546984 0.000000 
0.547984 0.000000 
0.548984 0.000000 
0.549984 0.000000 
0.550984 0.000000 
0.551984 0.000000 
0.552984 0.000000 
0.553984 0.000000 
0.554984 0.000000 
0.555984 0.000000 
0.556984 0.000000 
0.557984 0.000000 
0.558984 0.000000 
0.559984 0.000000 
0.560984 0.000000 
0.561984 0.000000 
0.562984 0.000000 
0.563984 0.000000 
0.564984 0.000000 
0.565984 0.000000 
0.566984 0.000000 
0.567984 0.000000 
0.568984 0.000000 
0.569984 0.000000 
0.570984 0.000000 
0.571984 0.000000 
0.572984 0.000000 
0.573984 0.000000 
0.574984 0.000000 
0.575984 0.000000 
0.576984 0.000000 
0.577984 0.000000 
0.578984 0.000000 
0.579984 0.000000 
0.580984 0.000000 
0.581984 0.000000 
0.582984 0.000000 
0.583984 0.000000 
0.584984 0.000000 
0.585984 0.000000 
0.586984 0.000000 
0.587984 0.000000 
0.588984 0.000000 
0.589984 0.000000 
0.590984 0.000000 
0.591984 0.000000 
0.592984 0.000000 
0.593984 0.000000 
0.594984 0.000000 
0.595984 0.000000 
0.596984 0.000000 
0.597984 0.000000 
0.598984 0.000000 
0.599984 0.000000 
0.600984 0.000000 
0.601984 0.000000 
0.602984 0.000000 
0.603984 0.000000 
0.604984 0.000000 
0.605984 0.000000 
0.606984 0.000000 
0.607984 0.000000 
0.608984 0.000000 
0.609984 0.000000 
0.610984 0.000000 
0.611984 0.000000 
0.612984 0.000000 
0.613984 0.000000 
0.614984 0.000000 
0.615984 0.000000 
0.616984 0.000000 
0.617984 0.000000 
0.618984 0.000000 
0.619984 0.000000 
0.620984 0.000000 
0.621984 0.000000 
0.622984 0.000000 
0.623984 0.000000 
0.624984 0.000000 
0.625984 0.000000 
0.626984 0.000000 
0.627984 0.000000 
0.628984 0.000000 
0.629984 0.000000 
0.630984 0.000000 
0.631984 0.000000 
0.632984 0.000000 
0.633984 0.000000 
0.634984 0.000000 
0.635984 0.000000 
0.636984 0.000000 
0.637984 0.000000 
0.638984 0.000000 
0.639984 0.000000 
0.640984 0.000000 
0.641984 0.000000 
0.642984 0.000000 
0.643984 0.000000 
0.644984 0.000000 
0.645984 0.000000 
0.646984 0.000000 
0.647984 0.000000 
0.648984 0.000000 
0.649984 0.000000 
0.650984 0.000000 
0.651984 0.000000 
0.652984 0.000000 
0.653984 0.000000 
0.654984 0.000000 
0.655984 0.000000 
0.656984 0.000000 
0.657984 0.000000 
0.658984 0.000000 
0.659984 0.000000 
0.660984 0.000000 
0.661984 0.000000 
0.662984 0.000000 
0.663984 0.000000 
0.664984 0.000000 
0.665984 0.000000 
0.666984 0.000000 
0.667984 0.000000 
0.668984 0.000000 
0.669984 0.000000 
0.670984 0.000000 
0.671984 0.000000 
0.672984 0.000000 
0.673984 0.000000 
0.674984 0.000000 
0.675984 0.000000 
0.676984 0.000000 
0.677984 0.000000 
0.678984 0.000000 
0.679984 0.000000 
0.680984 0.000000 
0.681984 0.000000 
0.682984 0.000000 
0.683984 0.000000 
0.684984 0.000000 
0.685984 0.000000 
0.686984 0.000000 
0.687984 0.000000 
0.688984 0.000000 
0.689984 0.000000 
0.690984 0.000000 
0.691984 0.000000 
0.692984 0.000000 
0.693984 0.000000 
0.694984 0.000000 
0.695984 0.000000 
0.696984 0.000000 
0.697984 0.000000 
0.698984 0.000000 
0.699984 0.000000 
0.700984 0.000000 
0.701984 0.000000 
0.702984 0.000000 
0.703984 0.000000 
0.704984 0.000000 
0.705984 0.000000 
0.706984 0.000000 
0.707984 0.000000 
0.708984 0.000000 
0.709984 0.000000 
0.710984 0.000000 
0.711984 0.000000 
0.712984 0.000000 
0.713984 0.000000 
0.714984 0.000000 
0.715984 0.000000 
0.716984 0.000000 
0.717984 0.000000 
0.718984 0.000000 
0.719984 0.000000 
0.720984 0.000000 
0.721984 0.000000 
0.722984 0.000000 
0.723984 0.000000 
0.724984 0.000000 
0.725984 0.000000 
0.726984 0.000000 
0.727984 0.000000 
0.728984 0.000000 
0.729984 0.000000 
0.730984 0.000000 
0.731984 0.000000 
0.732984 0.000000 
0.733984 0.000000 
0.734984 0.000000 
0.735984 0.000000 
0.736984 0.000000 
0.737984 0.000000 
0.738984 0.000000 
0.739984 0.000000 
0.740984 0.000000 
0.741984 0.000000 
0.742984 0.000000 
0.743984 0.000000 
0.744984 0.000000 
0.745984 0.000000 
0.746984 0.000000 
0.747984 0.000000 
0.748984 0.000000 
0.749984 0.000000 
0.750984 0.000000 
0.751984 0.000000 
0.752984 0.000000 
0.753984 0.000000 
0.754984 0.000000 
0.755984 0.000000 
0.756984 0.000000 
0.757984 0.000000 
0.758984 0.000000 
0.759984 0.000000 
0.760984 0.000000 
0.761984 0.000000 
0.762984 0.000000 
0.763984 0.000000 
0.764984 0.000000 
0.765984 0.000000 
0.766984 0.000000 
0.767984 0.000000 
0.768984 0.000000 
0.769984 0.000000 
0.770984 0.000000 
0.771984 0.000000 
0.772984 0.000000 
0.773984 0.000000 
0.774984 0.000000 
0.775984 0.000000 
0.776984 0.000000 
0.777984 0.000000 
0.778984 0.000000 
0.779984 0.000000 
0.780984 0.000000 
0.781984 0.000000 
0.782984 0.000000 
0.783984 0.000000 
0.784984 0.000000 
0.785984 0.000000 
0.786984 0.000000 
0.787984 0.000000 
0.788984 0.000000 
0.789984 0.000000 
0.790984 0.000000 
0.791984 0.000000 
0.792984 0.000000 
0.793984 0.000000 
0.794984 0.000000 
0.795984 0.000000 
0.796984 0.000000 
0.797984 0.000000 
0.798984 0.000000 
0.799984 0.000000 
0.800984 0.000000 
0.801984 0.000000 
0.802984 0.000000 
0.803984 0.000000 
0.804984 0.000000 
0.805984 0.000000 
0.806984 0.000000 
0.807984 0.000000 
0.808984 0.000000 
0.809984 0.000000 
0.810984 0.000000 
0.811984 0.000000 
0.812984 0.000000 
0.813984 0.000000 
0.814984 0.000000 
0.815984 0.000000 
0.816984 0.000000 
0.817984 0.000000 
0.818984 0.000000 
0.819984 0.000000 
0.820984 0.000000 
0.821984 0.000000 
0.822984 0.000000 
0.823984 0.000000 
0.824984 0.000000 
0.825984 0.000000 
0.826984 0.000000 
0.827984 0.000000 
0.828984 0.000000 
0.829984 0.000000 
0.830984 0.000000 
0.831984 0.000000 
0.832984 0.000000 
0.833984 0.000000 
0.834984 0.000000 
0.835984 0.000000 
0.836984 0.000000 
0.837984 0.000000 
0.838984 0.000000 
0.839984 0.000000 
0.840984 0.000000 
0.841984 0.000000 
0.842984 0.000000 
0.843984 0.000000 
0.844984 0.000000 
0.845984 0.000000 
0.846984 0.000000 
0.847984 0.000000 
0.848984 0.000000 
0.849984 0.000000 
0.850984 0.000000 
0.851984 0.000000 
0.852984 0.000000 
0.853984 0.000000 
0.854984 0.000000 
0.855984 0.000000 
0.856984 0.000000 
0.857984 0.000000 
0.858984 0.000000 
0.859984 0.000000 
0.860984 0.000000 
0.861984 0.000000 
0.862984 0.000000 
0.863984 0.000000 
0.864984 0.000000 
0.865984 0.000000 
0.866984 0.000000 
0.867984 0.000000 
0.868984 0.000000 
0.869984 0.000000 
0.870984 0.000000 
0.871984 0.000000 
0.872984 0.000000 
0.873984 0.000000 
0.874984 0.000000 
0.875984 0.000000 
0.876984 0.000000 
0.877984 0.000000 
0.878984 0.000000 
0.879984 0.000000 
0.880984 0.000000 
0.881984 0.000000 
0.882984 0.000000 
0.883984 0.000000 
0.884984 0.000000 
0.885984 0.000000 
0.886984 0.000000 
0.887984 0.000000 
0.888984 0.000000 
0.889984 0.000000 
0.890984 0.000000 
0.891984 0.000000 
0.892984 0.000000 
0.893984 0.000000 
0.894984 0.000000 
0.895984 0.000000 
0.896984 0.000000 
0.897984 0.000000 
0.898984 0.000000 
0.899984 0.000000 
0.900984 0.000000 
0.901984 0.000000 
0.902984 0.000000 
0.903984 0.000000 
0.904984 0.000000 
0.905984 0.000000 
0.906984 0.000000 
0.907984 0.000000 
0.908984 0.000000 
0.909984 0.000000 
0.910984 0.000000 
0.911984 0.000000 
0.912984 0.000000 
0.913984 0.000000 
0.914984 0.000000 
0.915984 0.000000 
0.916984 0.000000 
0.917984 0.000000 
0.918984 0.000000 
0.919984 0.000000 
0.920984 0.000000 
0.921984 0.000000 
0.922984 0.000000 
0.923984 0.000000 
0.924984 0.000000 
0.925984 0.000000 
0.926984 0.000000 
0.927984 0.000000 
0.928984 0.000000 
0.929984 0.000000 
0.930984 0.000000 
0.931984 0.000000 
0.932984 0.000000 
0.933984 0.000000 
0.934984 0.000000 
0.935984 0.000000 
0.936984 0.000000 
0.937984 0.000000 
0.938984 0.000000 
0.939984 0.000000 
0.940984 0.000000 
0.941984 0.000000 
0.942984 0.000000 
0.943984 0.000000 
0.944984 0.000000 
0.945984 0.000000 
0.946984 0.000000 
0.947984 0.000000 
0.948984 0.000000 
0.949984 0.000000 
0.950984 0.000000 
0.951984 0.000000 
0.952984 0.000000 
0.953984 0.000000 
0.954984 0.000000 
0.955984 0.000000 
0.956984 0.000000 
0.957984 0.000000 
0.958984 0.000000 
0.959984 0.000000 
0.960984 0.000000 
0.961984 0.000000 
0.962984 0.000000 
0.963984 0.000000 
0.964984 0.000000 
0.965984 0.000000 
0.966984 0.000000 
0.967984 0.000000 
0.968984 0.000000 
0.969984 0.000000 
0.970984 0.000000 
0.971984 0.000000 
0.972984 0.000000 
0.973984 0.000000 
0.974984 0.000000 
0.975984 0.000000 
0.976984 0.000000 
0.977984 0.000000 
0.978984 0.000000 
0.979984 0.000000 
0.980984 0.000000 
0.981984 0.000000 
0.982984 0.000000 
0.983984 0.000000 
0.984984 0.000000 
0.985984 0.000000 
0.986984 0.000000 
0.987984 0.000000 
0.988984 0.000000 
0.989984 0.000000 
0.990984 0.000000 
0.991984 0.000000 
0.992984 0.000000 
0.993984 0.000000 
0.994984 0.000000 
0.995984 0.000000 
0.996984 0.000000 
0.997984 0.000000 
0.998984 0.000000 
0.999984 0.000000 
1.000984 0.000000 
1.001984 0.000000 
1.002984 0.000000 
1.003984 0.000000 
1.004984 0.000000 
1.005984 0.000000 
1.006984 0.000000 
1.007984 0.000000 
1.008984 0.000000 
1.009984 0.000000 
1.010984 0.000000 
1.011984 0.000000 
1.012984 0.000000 
1.013984 0.000000 
1.014984 0.000000 
1.015984 0.000000 
1.016984 0.000000 
1.017984 0.000000 
1.018984 0.000000 
1.019984 0.000000 
1.020984 0.000000 
1.021984 0.000000 
1.022984 0.000000 
1.023984 0.000000 
1.024984 0.000000 
1.025984 0.000000 
1.026984 0.000000 
1.027984 0.000000 
1.028984 0.000000 
1.029984 0.000000 
1.030984 0.000000 
1.031984 0.000000 
1.032984 0.000000 
1.033984 0.000000 
1.034984 0.000000 
1.035984 0.000000 
1.036984 0.000000 
1.037984 0.000000 
1.038984 0.000000 
1.039984 0.000000 
1.040984 0.000000 
1.041984 0.000000 
1.042984 0.000000 
1.043984 0.000000 
1.044984 0.000000 
1.045984 0.000000 
1.046984 0.000000 
1.047984 0.000000 
1.048984 0.000000 
1.049984 0.000000 
1.050984 0.000000 
1.051984 0.000000 
1.052984 0.000000 
1.053984 0.000000 
1.054984 0.000000 
1.055984 0.000000 
1.056984 0.000000 
1.057984 0.000000 
1.058984 0.000000 
1.059984 0.000000 
1.060984 0.000000 
1.061984 0.000000 
1.062984 0.000000 
1.063984 0.000000 
1.064984 0.000000 
1.065984 0.000000 
1.066984 0.000000 
1.067984 0.000000 
1.068984 0.000000 
1.069984 0.000000 
1.070984 0.000000 
1.071984 0.000000 
1.072984 0.000000 
1.073984 0.000000 
1.074984 0.000000 
1.075984 0.000000 
1.076984 0.000000 
1.077984 0.000000 
1.078984 0.000000 
1.079984 0.000000 
1.080984 0.000000 
1.081984 0.000000 
1.082984 0.000000 
1.083984 0.000000 
1.084984 0.000000 
1.085984 0.000000 
1.086984 0.000000 
1.087984 0.000000 
1.088984 0.000000 
1.089984 0.000000 
1.090984 0.000000 
1.091984 0.000000 
1.092984 0.000000 
1.093984 0.000000 
1.094984 0.000000 
1.095984 0.000000 
1.096984 0.000000 
1.097984 0.000000 
1.098984 0.000000 
1.099984 0.000000 
1.100984 0.000000 
1.101984 0.000000 
1.102984 0.000000 
1.103984 0.000000 
1.104984 0.000000 
1.105984 0.000000 
1.106984 0.000000 
1.107984 0.000000 
1.108984 0.000000 
1.109984 0.000000 
1.110984 0.000000 
1.111984 0.000000 
1.112984 0.000000 
1.113984 0.000000 
1.114984 0.000000 
1.115984 0.000000 
1.116984 0.000000 
1.117984 0.000000 
1.118984 0.000000 
1.119984 0.000000 
1.120984 0.000000 
1.121984 0.000000 
1.122984 0.000000 
1.123984 0.000000 
1.124984 0.000000 
1.125984 0.000000 
1.126984 0.000000 
1.127984 0.000000 
1.128984 0.000000 
1.129984 0.000000 
1.130984 0.000000 
1.131984 0.000000 
1.132984 0.000000 
1.133984 0.000000 
1.134984 0.000000 
1.135984 0.000000 
1.136984 0.000000 
1.137984 0.000000 
1.138984 0.000000 
1.139984 0.000000 
1.140984 0.000000 
1.141984 0.000000 
1.142984 0.000000 
1.143984 0.000000 
1.144984 0.000000 
1.145984 0.000000 
1.146984 0.000000 
1.147984 0.000000 
1.148984 0.000000 
1.149984 0.000000 
1.150984 0.000000 
1.151984 0.000000 
1.152984 0.000000 
1.153984 0.000000 
1.154984 0.000000 
1.155984 0.000000 
1.156984 0.000000 
1.157984 0.000000 
1.158984 0.000000 
1.159984 0.000000 
1.160984 0.000000 
1.161984 0.000000 
1.162984 0.000000 
1.163984 0.000000 
1.164984 0.000000 
1.165984 0.000000 
1.166984 0.000000 
1.167984 0.000000 
1.168984 0.000000 
1.169984 0.000000 
1.170984 0.000000 
1.171984 0.000000 
1.172984 0.000000 
1.173984 0.000000 
1.174984 0.000000 
1.175984 0.000000 
1.176984 0.000000 
1.177984 0.000000 
1.178984 0.000000 
1.179984 0.000000 
1.180984 0.000000 
1.181984 0.000000 
1.182984 0.000000 
1.183984 0.000000 
1.184984 0.000000 
1.185984 0.000000 
1.186984 0.000000 
1.187984 0.000000 
1.188984 0.000000 
1.189984 0.000000 
1.190984 0.000000 
1.191984 0.000000 
1.192984 0.000000 
1.193984 0.000000 
1.194984 0.000000 
1.195984 0.000000 
1.196984 0.000000 
1.197984 0.000000 
1.198984 0.000000 
1.199984 0.000000 
1.200984 0.000000 
1.201984 0.000000 
1.202984 0.000000 
1.203984 0.000000 
1.204984 0.000000 
1.205984 0.000000 
1.206984 0.000000 
1.207984 0.000000 
1.208984 0.000000 
1.209984 0.000000 
1.210984 0.000000 
1.211984 0.000000 
1.212984 0.000000 
1.213984 0.000000 
1.214984 0.000000 
1.215984 0.000000 
1.216984 0.000000 
1.217984 0.000000 
1.218984 0.000000 
1.219984 0.000000 
1.220984 0.000000 
1.221984 0.000000 
1.222984 0.000000 
1.223984 0.000000 
1.224984 0.000000 
1.225984 0.000000 
1.226984 0.000000 
1.227984 0.000000 
1.228984 0.000000 
1.229984 0.000000 
1.230984 0.000000 
1.231984 0.000000 
1.232984 0.000000 
1.233984 0.000000 
1.234984 0.000000 
1.235984 0.000000 
1.236984 0.000000 
1.237984 0.000000 
1.238984 0.000000 
1.239984 0.000000 
1.240984 0.000000 
1.241984 0.000000 
1.242984 0.000000 
1.243984 0.000000 
1.244984 0.000000 
1.245984 0.000000 
1.246984 0.000000 
1.247984 0.000000 
1.248984 0.000000 
1.249984 0.000000 
1.250984 0.000000 
1.251984 0.000000 
1.252984 0.000000 
1.253984 0.000000 
1.254984 0.000000 
1.255984 0.000000 
1.256984 0.000000 
1.257984 0.000000 
1.258984 0.000000 
1.259984 0.000000 
1.260984 0.000000 
1.261984 0.000000 
1.262984 0.000000 
1.263984 0.000000 
1.264984 0.000000 
1.265984 0.000000 
1.266984 0.000000 
1.267984 0.000000 
1.268984 0.000000 
1.269984 0.000000 
1.270984 0.000000 
1.271984 0.000000 
1.272984 0.000000 
1.273984 0.000000 
1.274984 0.000000 
1.275984 0.000000 
1.276984 0.000000 
1.277984 0.000000 
1.278984 0.000000 
1.279984 0.000000 
1.280984 0.000000 
1.281984 0.000000 
1.282984 0.000000 
1.283984 0.000000 
1.284984 0.000000 
1.285984 0.000000 
1.286984 0.000000 
1.287984 0.000000 
1.288984 0.000000 
1.289984 0.000000 
1.290984 0.000000 
1.291984 0.000000 
1.292984 0.000000 
1.293984 0.000000 
1.294984 0.000000 
1.295984 0.000000 
1.296984 0.000000 
1.297984 0.000000 
1.298984 0.000000 
1.299984 0.000000 
1.300984 0.000000 
1.301984 0.000000 
1.302984 0.000000 
1.303984 0.000000 
1.304984 0.000000 
1.305984 0.000000 
1.306984 0.000000 
1.307984 0.000000 
1.308984 0.000000 
1.309984 0.000000 
1.310984 0.000000 
1.311984 0.000000 
1.312984 0.000000 
1.313984 0.000000 
1.314984 0.000000 
1.315984 0.000000 
1.316984 0.000000 
1.317984 0.000000 
1.318984 0.000000 
1.319984 0.000000 
1.320984 0.000000 
1.321984 0.000000 
1.322984 0.000000 
1.323984 0.000000 
1.324984 0.000000 
1.325984 0.000000 
1.326984 0.000000 
1.327984 0.000000 
1.328984 0.000000 
1.329984 0.000000 
1.330984 0.000000 
1.331984 0.000000 
1.332984 0.000000 
1.333984 0.000000 
1.334984 0.000000 
1.335984 0.000000 
1.336984 0.000000 
1.337984 0.000000 
1.338984 0.000000 
1.339984 0.000000 
1.340984 0.000000 
1.341984 0.000000 
1.342984 0.000000 
1.343984 0.000000 
1.344984 0.000000 
1.345984 0.000000 
1.346984 0.000000 
1.347984 0.000000 
1.348984 0.000000 
1.349984 0.000000 
1.350984 0.000000 
1.351984 0.000000 
1.352984 0.000000 
1.353984 0.000000 
1.354984 0.000000 
1.355984 0.000000 
1.356984 0.000000 
1.357984 0.000000 
1.358984 0.000000 
1.359984 0.000000 
1.360984 0.000000 
1.361984 0.000000 
1.362984 0.000000 
1.363984 0.000000 
1.364984 0.000000 
1.365984 0.000000 
1.366984 0.000000 
1.367984 0.000000 
1.368984 0.000000 
1.369984 0.000000 
1.370984 0.000000 
1.371984 0.000000 
1.372984 0.000000 
1.373984 0.000000 
1.374984 0.000000 
1.375984 0.000000 
1.376984 0.000000 
1.377984 0.000000 
1.378984 0.000000 
1.379984 0.000000 
1.380984 0.000000 
1.381984 0.000000 
1.382984 0.000000 
1.383984 0.000000 
1.384984 0.000000 
1.385984 0.000000 
1.386984 0.000000 
1.387984 0.000000 
1.388984 0.000000 
1.389984 0.000000 
1.390984 0.000000 
1.391984 0.000000 
1.392984 0.000000 
1.393984 0.000000 
1.394984 0.000000 
1.395984 0.000000 
1.396984 0.000000 
1.397984 0.000000 
1.398984 0.000000 
1.399984 0.000000 
1.400984 0.000000 
1.401984 0.000000 
1.402984 0.000000 
1.403984 0.000000 
1.404984 0.000000 
1.405984 0.000000 
1.406984 0.000000 
1.407984 0.000000 
1.408984 0.000000 
1.409984 0.000000 
1.410984 0.000000 
1.411984 0.000000 
1.412984 0.000000 
1.413984 0.000000 
1.414984 0.000000 
1.415984 0.000000 
1.416984 0.000000 
1.417984 0.000000 
1.418984 0.000000 
1.419984 0.000000 
1.420984 0.000000 
1.421984 0.000000 
1.422984 0.000000 
1.423984 0.000000 
1.424984 0.000000 
1.425984 0.000000 
1.426984 0.000000 
1.427984 0.000000 
1.428984 0.000000 
1.429984 0.000000 
1.430984 0.000000 
1.431984 0.000000 
1.432984 0.000000 
1.433984 0.000000 
1.434984 0.000000 
1.435984 0.000000 
1.436984 0.000000 
1.437984 0.000000 
1.438984 0.000000 
1.439984 0.000000 
1.440984 0.000000 
1.441984 0.000000 
1.442984 0.000000 
1.443984 0.000000 
1.444984 0.000000 
1.445984 0.000000 
1.446984 0.000000 
1.447984 0.000000 
1.448984 0.000000 
1.449984 0.000000 
1.450984 0.000000 
1.451984 0.000000 
1.452984 0.000000 
1.453984 0.000000 
1.454984 0.000000 
1.455984 0.000000 
1.456984 0.000000 
1.457984 0.000000 
1.458984 0.000000 
1.459984 0.000000 
1.460984 0.000000 
1.461984 0.000000 
1.462984 0.000000 
1.463984 0.000000 
1.464984 0.000000 
1.465984 0.000000 
1.466984 0.000000 
1.467984 0.000000 
1.468984 0.000000 
1.469984 0.000000 
1.470984 0.000000 
1.471984 0.000000 
1.472984 0.000000 
1.473984 0.000000 
1.474984 0.000000 
1.475984 0.000000 
1.476984 0.000000 
1.477984 0.000000 
1.478984 0.000000 
1.479984 0.000000 
1.480984 0.000000 
1.481984 0.000000 
1.482984 0.000000 
1.483984 0.000000 
1.484984 0.000000 
1.485984 0.000000 
1.486984 0.000000 
1.487984 0.000000 
1.488984 0.000000 
1.489984 0.000000 
1.490984 0.000000 
1.491984 0.000000 
1.492984 0.000000 
1.493984 0.000000 
1.494984 0.000000 
1.495984 0.000000 
1.496984 0.000000 
1.497984 0.000000 
1.498984 0.000000 
1.499984 0.000000 
1.500984 0.000000 
1.501984 0.000000 
1.502984 0.000000 
1.503984 0.000000 
1.504984 0.000000 
1.505984 0.000000 
1.506984 0.000000 
1.507984 0.000000 
1.508984 0.000000 
1.509984 0.000000 
1.510984 0.000000 
1.511984 0.000000 
1.512984 0.000000 
1.513984 0.000000 
1.514984 0.000000 
1.515984 0.000000 
1.516984 0.000000 
1.517984 0.000000 
1.518984 0.000000 
1.519984 0.000000 
1.520984 0.000000 
1.521984 0.000000 
1.522984 0.000000 
1.523984 0.000000 
1.524984 0.000000 
1.525984 0.000000 
1.526984 0.000000 
1.527984 0.000000 
1.528984 0.000000 
1.529984 0.000000 
1.530984 0.000000 
1.531984 0.000000 
1.532984 0.000000 
1.533984 0.000000 
1.534984 0.000000 
1.535984 0.000000 
1.536984 0.000000 
1.537984 0.000000 
1.538984 0.000000 
1.539984 0.000000 
1.540984 0.000000 
1.541984 0.000000 
1.542984 0.000000 
1.543984 0.000000 
1.544984 0.000000 
1.545984 0.000000 
1.546984 0.000000 
1.547984 0.000000 
1.548984 0.000000 
1.549984 0.000000 
1.550984 0.000000 
1.551984 0.000000 
1.552984 0.000000 
1.553984 0.000000 
1.554984 0.000000 
1.555984 0.000000 
1.556984 0.000000 
1.557984 0.000000 
1.558984 0.000000 
1.559984 0.000000 
1.560984 0.000000 
1.561984 0.000000 
1.562984 0.000000 
1.563984 0.000000 
1.564984 0.000000 
1.565984 0.000000 
1.566984 0.000000 
1.567984 0.000000 
1.568984 0.000000 
1.569984 0.000000 
1.570984 0.000000 
1.571984 0.000000 
1.572984 0.000000 
1.573984 0.000000 
1.574984 0.000000 
1.575984 0.000000 
1.576984 0.000000 
1.577984 0.000000 
1.578984 0.000000 
1.579984 0.000000 
1.580984 0.000000 
1.581984 0.000000 
1.582984 0.000000 
1.583984 0.000000 
1.584984 0.000000 
1.585984 0.000000 
1.586984 0.000000 
1.587984 0.000000 
1.588984 0.000000 
1.589984 0.000000 
1.590984 0.000000 
1.591984 0.000000 
1.592984 0.000000 
1.593984 0.000000 
1.594984 0.000000 
1.595984 0.000000 
1.596984 0.000000 
1.597984 0.000000 
1.598984 0.000000 
1.599984 0.000000 
1.600984 0.000000 
1.601984 0.000000 
1.602984 0.000000 
1.603984 0.000000 
1.604984 0.000000 
1.605984 0.000000 
1.606984 0.000000 
1.607984 0.000000 
1.608984 0.000000 
1.609984 0.000000 
1.610984 0.000000 
1.611984 0.000000 
1.612984 0.000000 
1.613984 0.000000 
1.614984 0.000000 
1.615984 0.000000 
1.616984 0.000000 
1.617984 0.000000 
1.618984 0.000000 
1.619984 0.000000 
1.620984 0.000000 
1.621984 0.000000 
1.622984 0.000000 
1.623984 0.000000 
1.624984 0.000000 
1.625984 0.000000 
1.626984 0.000000 
1.627984 0.000000 
1.628984 0.000000 
1.629984 0.000000 
1.630984 0.000000 
1.631984 0.000000 
1.632984 0.000000 
1.633984 0.000000 
1.634984 0.000000 
1.635984 0.000000 
1.636984 0.000000 
1.637984 0.000000 
1.638984 0.000000 
1.639984 0.000000 
1.640984 0.000000 
1.641984 0.000000 
1.642984 0.000000 
1.643984 0.000000 
1.644984 0.000000 
1.645984 0.000000 
1.646984 0.000000 
1.647984 0.000000 
1.648984 0.000000 
1.649984 0.000000 
1.650984 0.000000 
1.651984 0.000000 
1.652984 0.000000 
1.653984 0.000000 
1.654984 0.000000 
1.655984 0.000000 
1.656984 0.000000 
1.657984 0.000000 
1.658984 0.000000 
1.659984 0.000000 
1.660984 0.000000 
1.661984 0.000000 
1.662984 0.000000 
1.663984 0.000000 
1.664984 0.000000 
1.665984 0.000000 
1.666984 0.000000 
1.667984 0.000000 
1.668984 0.000000 
1.669984 0.000000 
1.670984 0.000000 
1.671984 0.000000 
1.672984 0.000000 
1.673984 0.000000 
1.674984 0.000000 
1.675984 0.000000 
1.676984 0.000000 
1.677984 0.000000 
1.678984 0.000000 
1.679984 0.000000 
1.680984 0.000000 
1.681984 0.000000 
1.682984 0.000000 
1.683984 0.000000 
1.684984 0.000000 
1.685984 0.000000 
1.686984 0.000000 
1.687984 0.000000 
1.688984 0.000000 
1.689984 0.000000 
1.690984 0.000000 
1.691984 0.000000 
1.692984 0.000000 
1.693984 0.000000 
1.694984 0.000000 
1.695984 0.000000 
1.696984 0.000000 
1.697984 0.000000 
1.698984 0.000000 
1.699984 0.000000 
1.700984 0.000000 
1.701984 0.000000 
1.702984 0.000000 
1.703984 0.000000 
1.704984 0.000000 
1.705984 0.000000 
1.706984 0.000000 
1.707984 0.000000 
1.708984 0.000000 
1.709984 0.000000 
1.710984 0.000000 
1.711984 0.000000 
1.712984 0.000000 
1.713984 0.000000 
1.714984 0.000000 
1.715984 0.000000 
1.716984 0.000000 
1.717984 0.000000 
1.718984 0.000000 
1.719984 0.000000 
1.720984 0.000000 
1.721984 0.000000 
1.722984 0.000000 
1.723984 0.000000 
1.724984 0.000000 
1.725984 0.000000 
1.726984 0.000000 
1.727984 0.000000 
1.728984 0.000000 
1.729984 0.000000 
1.730984 0.000000 
1.731984 0.000000 
1.732984 0.000000 
1.733984 0.000000 
1.734984 0.000000 
1.735984 0.000000 
1.736984 0.000000 
1.737984 0.000000 
1.738984 0.000000 
1.739984 0.000000 
1.740984 0.000000 
1.741984 0.000000 
1.742984 0.000000 
1.743984 0.000000 
1.744984 0.000000 
1.745984 0.000000 
1.746984 0.000000 
1.747984 0.000000 
1.748984 0.000000 
1.749984 0.000000 
1.750984 0.000000 
1.751984 0.000000 
1.752984 0.000000 
1.753984 0.000000 
1.754984 0.000000 
1.755984 0.000000 
1.756984 0.000000 
1.757984 0.000000 
1.758984 0.000000 
1.759984 0.000000 
1.760984 0.000000 
1.761984 0.000000 
1.762984 0.000000 
1.763984 0.000000 
1.764984 0.000000 
1.765984 0.000000 
1.766984 0.000000 
1.767984 0.000000 
1.768984 0.000000 
1.769984 0.000000 
1.770984 0.000000 
1.771984 0.000000 
1.772984 0.000000 
1.773984 0.000000 
1.774984 0.000000 
1.775984 0.000000 
1.776984 0.000000 
1.777984 0.000000 
1.778984 0.000000 
1.779984 0.000000 
1.780984 0.000000 
1.781984 0.000000 
1.782984 0.000000 
1.783984 0.000000 
1.784984 0.000000 
1.785984 0.000000 
1.786984 0.000000 
1.787984 0.000000 
1.788984 0.000000 
1.789984 0.000000 
1.790984 0.000000 
1.791984 0.000000 
1.792984 0.000000 
1.793984 0.000000 
1.794984 0.000000 
1.795984 0.000000 
1.796984 0.000000 
1.797984 0.000000 
1.798984 0.000000 
1.799984 0.000000 
1.800984 0.000000 
1.801984 0.000000 
1.802984 0.000000 
1.803984 0.000000 
1.804984 0.000000 
1.805984 0.000000 
1.806984 0.000000 
1.807984 0.000000 
1.808984 0.000000 
1.809984 0.000000 
1.810984 0.000000 
1.811984 0.000000 
1.812984 0.000000 
1.813984 0.000000 
1.814984 0.000000 
1.815984 0.000000 
1.816984 0.000000 
1.817984 0.000000 
1.818984 0.000000 
1.819984 0.000000 
1.820984 0.000000 
1.821984 0.000000 
1.822984 0.000000 
1.823984 0.000000 
1.824984 0.000000 
1.825984 0.000000 
1.826984 0.000000 
1.827984 0.000000 
1.828984 0.000000 
1.829984 0.000000 
